Date,Open Price,High Price,Low Price,Close Price,WAP,No.of Shares,No. of Trades,Total Turnover (Rs.),Deliverable Quantity,% Deli. Qty to Traded Qty,Spread High-Low,Spread Close-Open
24-June-2024,42.92,42.92,42.92,42.92,42.911111111111111111,90,2,3862.00,90,100.00,0.00,0.00
18-June-2024,42.92,42.92,42.92,42.92,42.920000000000000000,50,1,2146.00,50,100.00,0.00,0.00
10-June-2024,42.92,42.92,42.92,42.92,42.918181818181818181,110,3,4721.00,110,100.00,0.00,0.00
3-June-2024,42.92,42.92,42.92,42.92,42.917391304347826086,230,1,9871.00,230,100.00,0.00,0.00
27-May-2024,42.92,42.92,42.92,42.92,42.916666666666666666,60,1,2575.00,60,100.00,0.00,0.00
21-May-2024,42.92,42.92,42.92,42.92,42.800000000000000000,5,1,214.00,5,100.00,0.00,0.00
22-April-2024,40.88,40.88,40.88,40.88,40.878048780487804878,41,2,1676.00,41,100.00,0.00,0.00
8-April-2024,40.88,40.88,40.88,40.88,40.857142857142857142,35,1,1430.00,35,100.00,0.00,0.00
1-April-2024,40.88,40.88,40.88,40.88,40.880000000000000000,100,1,4088.00,100,100.00,0.00,0.00
26-March-2024,40.88,40.88,40.88,40.88,40.866666666666666666,60,2,2452.00,60,100.00,0.00,0.00
11-March-2024,38.94,38.94,38.94,38.94,38.925000000000000000,40,2,1557.00,40,100.00,0.00,0.00
4-March-2024,38.94,38.94,38.94,38.94,38.939144736842105263,608,2,23675.00,608,100.00,0.00,0.00
26-February-2024,38.94,38.94,38.94,38.94,38.938811188811188811,572,4,22273.00,572,100.00,0.00,0.00
19-February-2024,38.94,38.94,38.94,38.94,38.900000000000000000,20,1,778.00,20,100.00,0.00,0.00
12-February-2024,38.94,38.94,38.94,38.94,38.935185185185185185,108,2,4205.00,108,100.00,0.00,0.00
5-February-2024,37.09,37.09,37.09,37.09,37.000000000000000000,7,1,259.00,7,100.00,0.00,0.00
29-January-2024,37.09,37.09,37.09,37.09,37.088235294117647058,102,4,3783.00,102,100.00,0.00,0.00
23-January-2024,37.09,37.09,37.09,37.09,37.085714285714285714,35,1,1298.00,35,100.00,0.00,0.00
15-January-2024,37.09,37.09,37.09,37.09,37.066666666666666666,30,1,1112.00,30,100.00,0.00,0.00
8-January-2024,37.09,37.09,37.09,37.09,37.000000000000000000,6,1,222.00,6,100.00,0.00,0.00
1-January-2024,35.33,35.33,35.33,35.33,35.323076923076923076,130,1,4592.00,130,100.00,0.00,0.00
28-November-2023,35.33,35.33,35.33,35.33,35.300000000000000000,20,2,706.00,20,100.00,0.00,0.00
20-November-2023,35.33,35.33,35.33,35.33,35.300000000000000000,30,1,1059.00,30,100.00,0.00,0.00
13-November-2023,35.33,35.33,35.33,35.33,35.250000000000000000,8,1,282.00,8,100.00,0.00,0.00
6-November-2023,33.65,33.65,33.65,33.65,33.500000000000000000,4,1,134.00,4,100.00,0.00,0.00
30-October-2023,33.65,33.65,33.65,33.65,33.648648648648648648,74,1,2490.00,74,100.00,0.00,0.00
23-October-2023,33.65,33.65,33.65,33.65,33.644444444444444444,90,2,3028.00,90,100.00,0.00,0.00
9-October-2023,33.65,33.65,33.65,33.65,33.000000000000000000,1,1,33.00,1,100.00,0.00,0.00
25-September-2023,32.05,32.05,32.05,32.05,32.049455155071248952,1193,3,38235.00,1193,100.00,0.00,0.00
11-September-2023,32.05,32.05,32.05,32.05,32.048387096774193548,186,1,5961.00,186,100.00,0.00,0.00
4-September-2023,32.05,32.05,32.05,32.05,32.000000000000000000,10,1,320.00,10,100.00,0.00,0.00
14-August-2023,32.05,32.05,32.05,32.05,32.000000000000000000,1,1,32.00,1,100.00,0.00,0.00
17-July-2023,30.53,30.53,30.53,30.53,30.527777777777777777,180,1,5495.00,180,100.00,0.00,0.00
10-July-2023,30.53,30.53,30.53,30.53,30.444444444444444444,9,1,274.00,9,100.00,0.00,0.00
3-July-2023,30.53,30.53,30.53,30.53,30.525000000000000000,80,1,2442.00,80,100.00,0.00,0.00
27-June-2023,29.08,29.08,29.08,29.08,29.000000000000000000,11,1,319.00,11,100.00,0.00,0.00
26-June-2023,27.70,27.70,27.70,27.70,27.700000000000000000,90,2,2493.00,90,100.00,0.00,0.00
22-June-2023,26.39,26.39,26.39,26.39,26.386666666666666666,150,1,3958.00,150,100.00,0.00,0.00
21-June-2023,25.14,25.14,25.14,25.14,25.139691714836223506,1038,3,26095.00,1038,100.00,0.00,0.00
20-June-2023,23.95,23.95,23.95,23.95,23.950000000000000000,100,1,2395.00,100,100.00,0.00,0.00
19-June-2023,22.81,25.21,22.81,25.21,23.126666666666666666,150,2,3469.00,150,100.00,2.40,2.40
15-June-2023,24.76,24.76,24.01,24.01,24.090909090909090909,11,3,265.00,11,100.00,0.75,-0.75
12-June-2023,25.27,25.27,25.27,25.27,25.263736263736263736,91,2,2299.00,91,100.00,0.00,0.00
5-June-2023,26.58,26.59,24.07,24.07,25.328571428571428571,70,5,1773.00,70,100.00,2.52,-2.51
29-May-2023,24.13,25.33,22.94,25.33,24.952380952380952380,84,4,2096.00,84,100.00,2.39,1.20
22-May-2023,24.13,24.13,24.13,24.13,24.126666666666666666,150,1,3619.00,150,100.00,0.00,0.00
15-May-2023,24.13,24.13,24.13,24.13,24.100000000000000000,20,1,482.00,20,100.00,0.00,0.00
11-May-2023,25.39,25.39,25.39,25.39,25.000000000000000000,1,1,25.00,1,100.00,0.00,0.00
10-May-2023,26.70,26.70,26.70,26.70,26.700000000000000000,70,3,1869.00,70,100.00,0.00,0.00
9-May-2023,24.24,25.45,23.04,25.45,23.955823293172690763,249,6,5965.00,249,100.00,2.41,1.21
8-May-2023,24.24,24.24,24.24,24.24,24.000000000000000000,1,1,24.00,1,100.00,0.00,0.00
5-May-2023,25.51,25.51,25.51,25.51,25.500000000000000000,40,1,1020.00,40,100.00,0.00,0.00
4-May-2023,25.51,25.51,25.51,25.51,25.500000000000000000,30,1,765.00,30,100.00,0.00,0.00
21-April-2023,25.51,25.51,25.51,25.51,25.500000000000000000,10,1,255.00,10,100.00,0.00,0.00
20-April-2023,25.51,25.51,25.51,25.51,25.000000000000000000,1,1,25.00,1,100.00,0.00,0.00
19-April-2023,24.30,24.30,24.30,24.30,24.298387096774193548,124,2,3013.00,124,100.00,0.00,0.00
18-April-2023,23.15,23.15,23.15,23.15,23.144000000000000000,125,1,2893.00,125,100.00,0.00,0.00
17-April-2023,22.05,22.05,22.05,22.05,22.050000000000000000,100,2,2205.00,100,100.00,0.00,0.00
12-April-2023,21.00,21.00,21.00,21.00,21.000000000000000000,30,1,630.00,30,100.00,0.00,0.00
11-April-2023,21.00,21.00,21.00,21.00,21.000000000000000000,10,3,210.00,10,100.00,0.00,0.00
3-April-2023,20.29,20.29,20.29,20.29,20.285714285714285714,112,2,2272.00,112,100.00,0.00,0.00
31-March-2023,22.00,22.00,20.29,20.29,20.290712468193384223,1572,3,31897.00,1572,100.00,1.71,-1.71
29-March-2023,21.35,21.35,21.35,21.35,21.000000000000000000,1,1,21.00,1,100.00,0.00,0.00
27-March-2023,19.55,20.93,19.55,20.93,20.000000000000000000,4,3,80.00,4,100.00,1.38,1.38
6-March-2023,19.95,19.95,19.95,19.95,19.943661971830985915,71,2,1416.00,71,100.00,0.00,0.00
2-March-2023,21.00,21.00,21.00,21.00,21.000000000000000000,100,1,2100.00,100,100.00,0.00,0.00
28-February-2023,21.00,21.00,21.00,21.00,21.000000000000000000,280,1,5880.00,280,100.00,0.00,0.00
24-February-2023,21.00,21.00,21.00,21.00,21.000000000000000000,105,3,2205.00,105,100.00,0.00,0.00
21-February-2023,22.10,22.10,21.00,22.10,22.092715231788079470,151,3,3336.00,151,100.00,1.10,0.00
20-February-2023,22.10,22.10,22.10,22.10,22.096296296296296296,135,2,2983.00,135,100.00,0.00,0.00
17-February-2023,23.25,23.25,23.25,23.25,23.250000000000000000,20,1,465.00,20,100.00,0.00,0.00
6-February-2023,24.50,24.50,24.45,24.45,24.448275862068965517,145,2,3545.00,145,100.00,0.05,-0.05
23-January-2023,25.70,25.70,25.70,25.70,25.700000000000000000,30,1,771.00,30,100.00,0.00,0.00
16-January-2023,27.05,29.00,27.05,27.05,27.161428571428571428,700,4,19013.00,700,100.00,1.95,0.00
9-January-2023,29.90,31.35,28.45,28.45,28.728888888888888888,675,5,19392.00,675,100.00,2.90,-1.45
5-December-2022,29.90,29.90,29.90,29.90,29.888888888888888888,81,2,2421.00,81,100.00,0.00,0.00
21-November-2022,29.90,29.90,29.90,29.90,29.887096774193548387,62,2,1853.00,62,100.00,0.00,0.00
14-November-2022,29.90,29.90,29.90,29.90,29.887323943661971830,71,5,2122.00,71,100.00,0.00,0.00
7-November-2022,28.50,28.50,28.40,28.50,28.488372093023255813,129,5,3675.00,129,100.00,0.10,0.00
31-October-2022,28.50,28.50,28.50,28.50,28.500000000000000000,72,2,2052.00,72,100.00,0.00,0.00
24-October-2022,28.50,28.50,28.50,28.50,28.500000000000000000,56,3,1596.00,,,0.00,0.00
17-October-2022,28.50,28.50,28.50,28.50,28.500000000000000000,122,2,3477.00,122,100.00,0.00,0.00
9-September-2022,28.50,28.50,28.50,28.50,28.497409326424870466,193,3,5500.00,,,0.00,0.00
8-September-2022,27.15,27.15,27.15,27.15,27.150000000000000000,20,1,543.00,20,100.00,0.00,0.00
7-September-2022,25.20,25.90,25.20,25.90,25.739130434782608695,46,6,1184.00,46,100.00,0.70,0.70
6-September-2022,24.70,24.70,24.70,24.70,24.636363636363636363,11,3,271.00,11,100.00,0.00,0.00
5-September-2022,23.55,23.55,23.55,23.55,23.550000000000000000,20,1,471.00,20,100.00,0.00,0.00
2-September-2022,22.45,22.45,22.45,22.45,22.450000000000000000,20,1,449.00,,,0.00,0.00
1-September-2022,21.40,21.40,21.40,21.40,21.400000000000000000,120,2,2568.00,120,100.00,0.00,0.00
30-August-2022,20.40,20.40,20.40,20.40,20.400000000000000000,20,1,408.00,20,100.00,0.00,0.00
29-August-2022,19.45,19.45,19.45,19.45,19.450000000000000000,20,1,389.00,20,100.00,0.00,0.00
25-August-2022,18.55,18.55,18.55,18.55,18.545454545454545454,44,3,816.00,44,100.00,0.00,0.00
24-August-2022,16.90,17.70,16.90,17.70,17.224188790560471976,339,5,5839.00,339,100.00,0.80,0.80
23-August-2022,16.90,16.90,16.90,16.90,16.900000000000000000,100,1,1690.00,100,100.00,0.00,0.00
18-August-2022,16.90,16.90,16.10,16.10,16.232142857142857142,56,7,909.00,,,0.80,-0.80
17-August-2022,16.10,16.10,16.10,16.10,16.100000000000000000,240,3,3864.00,240,100.00,0.00,0.00
8-August-2022,15.35,15.35,15.35,15.35,15.340000000000000000,50,1,767.00,50,100.00,0.00,0.00
4-August-2022,15.35,15.35,14.65,14.65,14.809090909090909090,110,2,1629.00,110,100.00,0.70,-0.70
2-August-2022,15.35,15.35,15.35,15.35,15.321428571428571428,28,2,429.00,28,100.00,0.00,0.00
25-July-2022,16.15,16.15,16.15,16.15,16.120000000000000000,25,2,403.00,25,100.00,0.00,0.00
21-July-2022,15.40,15.40,15.40,15.40,15.400000000000000000,50,1,770.00,50,100.00,0.00,0.00
20-July-2022,14.70,14.70,14.70,14.70,14.600000000000000000,5,1,73.00,5,100.00,0.00,0.00
8-July-2022,14.15,14.15,14.00,14.00,14.000000000000000000,380,2,5320.00,380,100.00,0.15,-0.15
7-July-2022,14.05,14.05,14.05,14.05,14.050000000000000000,380,2,5339.00,380,100.00,0.00,0.00
6-July-2022,14.60,14.60,14.60,14.60,14.599531615925058548,427,3,6234.00,427,100.00,0.00,0.00
5-July-2022,15.60,15.60,15.25,15.25,15.300000000000000000,20,2,306.00,20,100.00,0.35,-0.35
4-July-2022,15.25,15.25,15.25,15.25,15.240000000000000000,50,1,762.00,50,100.00,0.00,0.00
29-June-2022,15.15,15.15,15.15,15.15,15.133333333333333333,45,1,681.00,45,100.00,0.00,0.00
24-June-2022,15.90,15.90,15.90,15.90,15.900000000000000000,100,1,1590.00,100,100.00,0.00,0.00
20-June-2022,15.90,15.90,15.90,15.90,15.888888888888888888,45,1,715.00,45,100.00,0.00,0.00
9-June-2022,16.70,16.70,16.70,16.70,16.700000000000000000,30,1,501.00,30,100.00,0.00,0.00
30-May-2022,17.00,17.00,17.00,17.00,17.000000000000000000,36,2,612.00,36,100.00,0.00,0.00
27-May-2022,17.60,17.60,16.75,16.75,17.000000000000000000,10,2,170.00,10,100.00,0.85,-0.85
19-May-2022,17.60,17.60,17.60,17.60,17.600000000000000000,50,1,880.00,50,100.00,0.00,0.00
13-May-2022,17.60,17.60,17.10,17.60,17.290123456790123456,162,4,2801.00,162,100.00,0.50,0.00
10-May-2022,17.95,17.95,17.95,17.95,17.941176470588235294,102,3,1830.00,102,100.00,0.00,0.00
6-May-2022,17.10,17.10,17.10,17.10,17.100000000000000000,40,1,684.00,40,100.00,0.00,0.00
2-May-2022,17.10,17.10,17.10,17.10,17.100000000000000000,60,1,1026.00,60,100.00,0.00,0.00
28-April-2022,17.10,17.10,17.10,17.10,17.100000000000000000,120,3,2052.00,120,100.00,0.00,0.00
27-April-2022,18.00,18.00,18.00,18.00,18.000000000000000000,14,2,252.00,14,100.00,0.00,0.00
22-April-2022,18.75,18.75,18.00,18.00,18.100000000000000000,30,3,543.00,30,100.00,0.75,-0.75
18-April-2022,18.75,18.75,18.75,18.75,18.750000000000000000,4,2,75.00,4,100.00,0.00,0.00
8-April-2022,19.10,19.10,19.10,19.10,19.100000000000000000,10,1,191.00,10,100.00,0.00,0.00
7-April-2022,19.70,19.70,19.70,19.70,19.696969696969696969,33,3,650.00,33,100.00,0.00,0.00
6-April-2022,19.25,19.25,19.25,19.25,19.250000000000000000,60,2,1155.00,60,100.00,0.00,0.00
5-April-2022,18.35,18.35,18.35,18.35,18.250000000000000000,4,1,73.00,4,100.00,0.00,0.00
4-April-2022,18.35,18.35,18.35,18.35,18.300000000000000000,10,1,183.00,10,100.00,0.00,0.00
1-April-2022,18.35,18.35,18.35,18.35,18.333333333333333333,15,2,275.00,15,100.00,0.00,0.00
30-March-2022,18.35,18.35,18.35,18.35,18.350000000000000000,20,1,367.00,20,100.00,0.00,0.00
29-March-2022,19.30,19.30,19.30,19.30,19.300000000000000000,20,2,386.00,20,100.00,0.00,0.00
28-March-2022,20.30,20.30,20.30,20.30,20.300000000000000000,190,1,3857.00,190,100.00,0.00,0.00
24-March-2022,22.45,22.45,21.35,21.35,21.750000000000000000,4,2,87.00,4,100.00,1.10,-1.10
23-March-2022,24.10,24.10,22.45,22.45,23.518518518518518518,27,5,635.00,27,100.00,1.65,-1.65
22-March-2022,23.60,23.60,23.60,23.60,23.600000000000000000,340,1,8024.00,340,100.00,0.00,0.00
21-March-2022,26.65,26.65,24.80,24.80,25.528130671506352087,551,11,14066.00,551,100.00,1.85,-1.85
17-March-2022,26.10,26.10,26.10,26.10,26.097087378640776699,206,5,5376.00,206,100.00,0.00,0.00
16-March-2022,24.80,27.40,24.80,24.90,25.645728643216080402,398,14,10207.00,398,100.00,2.60,0.10
13-January-2022,28.80,28.80,26.10,26.10,27.318367346938775510,735,16,20079.00,735,100.00,2.70,-2.70
12-January-2022,27.45,27.45,24.85,27.45,26.528023598820058997,339,11,8993.00,339,100.00,2.60,0.00
11-January-2022,25.10,26.85,25.10,26.15,26.091428571428571428,350,14,9132.00,350,100.00,1.75,1.05
10-January-2022,25.60,26.85,24.35,25.60,24.736743312998592210,2131,23,52714.00,2131,100.00,2.50,0.00
6-December-2021,25.60,25.60,25.60,25.60,25.000000000000000000,1,1,25.00,1,100.00,0.00,0.00
20-October-2021,26.90,28.20,26.90,26.90,26.910646387832699619,526,7,14155.00,526,100.00,1.30,0.00
19-October-2021,26.95,26.95,26.90,26.90,26.914285714285714285,70,6,1884.00,70,100.00,0.05,-0.05
18-October-2021,25.70,25.70,25.70,25.70,25.699472759226713532,569,20,14623.00,569,100.00,0.00,0.00
14-October-2021,24.50,24.50,24.50,24.50,24.488888888888888888,45,2,1102.00,45,100.00,0.00,0.00
13-October-2021,23.35,23.35,23.35,23.35,23.333333333333333333,15,2,350.00,15,100.00,0.00,0.00
12-October-2021,22.25,22.25,22.25,22.25,22.250000000000000000,240,5,5340.00,240,100.00,0.00,0.00
11-October-2021,21.20,21.20,21.20,21.20,21.200000000000000000,100,2,2120.00,100,100.00,0.00,0.00
8-October-2021,20.20,20.20,20.20,20.20,20.199699699699699699,666,3,13453.00,666,100.00,0.00,0.00
7-October-2021,19.25,19.25,19.25,19.25,19.000000000000000000,1,1,19.00,1,100.00,0.00,0.00
6-October-2021,18.35,18.35,18.35,18.35,18.343750000000000000,64,4,1174.00,64,100.00,0.00,0.00
4-October-2021,17.50,17.50,17.50,17.50,17.500000000000000000,100,4,1750.00,100,100.00,0.00,0.00
1-October-2021,16.70,16.70,16.70,16.70,16.666666666666666666,12,2,200.00,12,100.00,0.00,0.00
30-September-2021,15.92,15.92,15.92,15.92,15.920000000000000000,100,2,1592.00,100,100.00,0.00,0.00
29-September-2021,15.17,15.17,15.17,15.17,15.000000000000000000,5,1,75.00,5,100.00,0.00,0.00
28-September-2021,14.45,14.45,14.45,14.45,14.439393939393939393,66,5,953.00,66,100.00,0.00,0.00
27-September-2021,13.77,13.77,13.77,13.77,13.768292682926829268,82,3,1129.00,82,100.00,0.00,0.00
24-September-2021,13.12,13.12,13.12,13.12,13.119515885022692889,661,3,8672.00,661,100.00,0.00,0.00
23-September-2021,12.50,12.50,12.50,12.50,12.500000000000000000,90,1,1125.00,90,100.00,0.00,0.00
22-September-2021,11.91,11.91,11.91,11.91,11.901960784313725490,102,3,1214.00,102,100.00,0.00,0.00
21-September-2021,11.35,11.35,11.35,11.35,11.200000000000000000,5,1,56.00,5,100.00,0.00,0.00
20-September-2021,11.10,11.10,11.10,11.10,11.081081081081081081,37,3,410.00,37,100.00,0.00,0.00
17-September-2021,10.58,10.58,10.58,10.58,10.580000000000000000,1550,11,16399.00,1550,100.00,0.00,0.00
16-September-2021,10.08,10.08,10.08,10.08,10.050000000000000000,20,2,201.00,20,100.00,0.00,0.00
9-September-2021,9.90,9.90,9.60,9.60,9.605555555555555555,180,3,1729.00,180,100.00,0.30,-0.30
8-September-2021,10.15,10.15,9.68,9.68,9.680000000000000000,250,3,2420.00,250,100.00,0.47,-0.47
7-September-2021,9.67,9.67,9.67,9.67,9.000000000000000000,1,1,9.00,1,100.00,0.00,0.00
6-September-2021,9.55,9.67,9.55,9.67,9.566666666666666666,60,2,574.00,60,100.00,0.12,0.12
3-September-2021,9.21,9.21,9.21,9.21,9.200000000000000000,5,1,46.00,5,100.00,0.00,0.00
2-September-2021,8.78,8.78,8.78,8.78,8.771428571428571428,35,1,307.00,35,100.00,0.00,0.00
1-September-2021,8.78,8.78,8.78,8.78,8.766666666666666666,30,1,263.00,30,100.00,0.00,0.00
31-August-2021,9.00,9.00,8.78,8.78,8.777142857142857142,175,4,1536.00,175,100.00,0.22,-0.22
30-August-2021,9.00,9.00,8.78,8.78,8.800000000000000000,10,2,88.00,10,100.00,0.22,-0.22
27-August-2021,8.78,8.78,8.78,8.78,8.778571428571428571,140,1,1229.00,140,100.00,0.00,0.00
26-August-2021,8.78,8.78,8.78,8.78,8.778787878787878787,660,1,5794.00,660,100.00,0.00,0.00
18-August-2021,8.78,8.78,8.78,8.78,8.778947368421052631,190,1,1668.00,190,100.00,0.00,0.00
9-August-2021,8.78,8.78,8.78,8.78,8.779220779220779220,231,3,2028.00,231,100.00,0.00,0.00
4-August-2021,8.37,8.37,8.37,8.37,8.369518716577540106,1870,2,15651.00,1870,100.00,0.00,0.00
23-July-2021,7.98,7.98,7.98,7.98,7.900000000000000000,10,1,79.00,10,100.00,0.00,0.00
20-July-2021,7.60,7.60,7.60,7.60,7.600000000000000000,10,1,76.00,10,100.00,0.00,0.00
19-July-2021,7.60,7.60,7.60,7.60,7.600000000000000000,500,3,3800.00,500,100.00,0.00,0.00
16-July-2021,8.00,8.00,8.00,8.00,8.000000000000000000,1,1,8.00,1,100.00,0.00,0.00
9-July-2021,8.00,8.00,8.00,8.00,8.000000000000000000,20,1,160.00,20,100.00,0.00,0.00
6-July-2021,7.73,8.00,7.73,8.00,7.833333333333333333,6,2,47.00,6,100.00,0.27,0.27
1-July-2021,8.13,8.13,8.13,8.13,8.126666666666666666,150,1,1219.00,150,100.00,0.00,0.00
30-June-2021,8.55,8.55,8.55,8.55,8.540540540540540540,37,1,316.00,37,100.00,0.00,0.00
21-June-2021,9.00,9.00,9.00,9.00,9.000000000000000000,90,3,810.00,90,100.00,0.00,0.00
15-June-2021,9.00,9.00,9.00,9.00,9.000000000000000000,20,1,180.00,20,100.00,0.00,0.00
7-June-2021,8.93,8.93,8.93,8.93,8.930000000000000000,100,1,893.00,100,100.00,0.00,0.00
28-May-2021,8.93,8.93,8.93,8.93,8.875000000000000000,16,2,142.00,16,100.00,0.00,0.00
26-May-2021,8.93,8.93,8.93,8.93,8.900000000000000000,10,1,89.00,10,100.00,0.00,0.00
24-May-2021,8.92,8.93,8.92,8.93,8.912500000000000000,80,2,713.00,80,100.00,0.01,0.01
21-May-2021,8.08,8.92,8.08,8.92,8.240000000000000000,50,2,412.00,50,100.00,0.84,0.84
20-May-2021,8.50,8.50,8.50,8.50,8.500000000000000000,50,1,425.00,50,100.00,0.00,0.00
14-May-2021,8.50,8.50,8.50,8.50,8.500000000000000000,10,1,85.00,10,100.00,0.00,0.00
10-May-2021,8.50,8.50,8.08,8.50,8.389610389610389610,231,4,1938.00,231,100.00,0.42,0.00
26-April-2021,8.10,8.50,8.10,8.50,8.300000000000000000,20,2,166.00,20,100.00,0.40,0.40
16-April-2021,8.10,8.10,8.10,8.10,8.000000000000000000,1,1,8.00,1,100.00,0.00,0.00
10-March-2021,8.10,8.10,8.10,8.10,8.000000000000000000,9,1,72.00,9,100.00,0.00,0.00
9-March-2021,8.10,8.10,8.10,8.10,8.000000000000000000,1,1,8.00,1,100.00,0.00,0.00
16-February-2021,8.10,8.10,8.10,8.10,8.100000000000000000,40,2,324.00,40,100.00,0.00,0.00
25-January-2021,8.93,8.93,8.10,8.10,8.411269974768713204,1189,5,10001.00,1189,100.00,0.83,-0.83
21-January-2021,8.51,8.51,8.51,8.51,8.500000000000000000,10,2,85.00,10,100.00,0.00,0.00
18-January-2021,9.39,9.39,8.51,8.51,8.586080586080586080,273,7,2344.00,273,100.00,0.88,-0.88
15-January-2021,8.95,8.95,8.95,8.95,8.000000000000000000,1,1,8.00,1,100.00,0.00,0.00
14-January-2021,9.87,10.35,9.40,9.40,9.510169491525423728,590,4,5611.00,590,100.00,0.95,-0.47
11-January-2021,9.87,9.87,9.87,9.87,9.800000000000000000,10,1,98.00,10,100.00,0.00,0.00
7-January-2021,9.40,9.40,9.00,9.40,9.350000000000000000,80,3,748.00,80,100.00,0.40,0.00
31-December-2020,9.40,9.40,9.40,9.40,9.400000000000000000,140,2,1316.00,140,100.00,0.00,0.00
29-December-2020,9.58,9.58,9.58,9.58,9.550000000000000000,20,1,191.00,20,100.00,0.00,0.00
28-December-2020,9.58,9.58,9.58,9.58,9.500000000000000000,10,1,95.00,10,100.00,0.00,0.00
17-December-2020,9.58,9.58,9.58,9.58,9.577777777777777777,180,2,1724.00,180,100.00,0.00,0.00
25-November-2020,9.58,9.58,9.58,9.58,9.500000000000000000,10,1,95.00,10,100.00,0.00,0.00
20-November-2020,9.58,9.58,9.58,9.58,9.545454545454545454,22,2,210.00,22,100.00,0.00,0.00
14-November-2020,9.58,9.58,9.58,9.58,9.571428571428571428,98,2,938.00,98,100.00,0.00,0.00
13-November-2020,9.13,9.13,9.13,9.13,9.000000000000000000,3,3,27.00,3,100.00,0.00,0.00
7-October-2020,8.71,8.71,8.71,8.71,8.700000000000000000,10,1,87.00,10,100.00,0.00,0.00
6-October-2020,8.71,8.71,8.71,8.71,8.700000000000000000,10,1,87.00,10,100.00,0.00,0.00
29-September-2020,8.30,8.71,8.30,8.71,8.500000000000000000,4,2,34.00,4,100.00,0.41,0.41
21-September-2020,8.30,8.30,8.30,8.30,8.000000000000000000,1,1,8.00,1,100.00,0.00,0.00
12-August-2020,8.30,8.30,8.30,8.30,8.000000000000000000,1,1,8.00,1,100.00,0.00,0.00
5-August-2020,8.30,8.30,8.30,8.30,8.291139240506329113,79,2,655.00,79,100.00,0.00,0.00
18-June-2020,8.30,8.30,8.30,8.30,8.298181818181818181,275,2,2282.00,275,100.00,0.00,0.00
8-June-2020,8.30,8.30,8.30,8.30,8.166666666666666666,6,1,49.00,6,100.00,0.00,0.00
22-April-2020,8.30,8.30,8.30,8.30,8.300000000000000000,60,1,498.00,60,100.00,0.00,0.00
13-April-2020,8.30,8.30,8.30,8.30,8.200000000000000000,5,1,41.00,5,100.00,0.00,0.00
7-January-2020,8.30,8.30,8.30,8.30,8.300000000000000000,30,1,249.00,30,100.00,0.00,0.00
20-November-2019,8.30,8.30,8.30,8.30,8.200000000000000000,5,1,41.00,5,100.00,0.00,0.00
4-October-2019,8.50,8.50,8.50,8.50,8.000000000000000000,1,1,8.00,1,100.00,0.00,0.00
4-July-2019,8.50,8.50,8.50,8.50,8.500000000000000000,6,1,51.00,6,100.00,0.00,0.00
25-June-2019,8.50,8.50,8.50,8.50,8.000000000000000000,1,1,8.00,1,100.00,0.00,0.00
4-April-2019,8.50,8.50,8.50,8.50,8.500000000000000000,30,1,255.00,30,100.00,0.00,0.00
3-April-2019,8.50,8.50,8.50,8.50,8.500000000000000000,50,1,425.00,50,100.00,0.00,0.00
12-March-2019,8.75,8.75,8.75,8.75,8.747368421052631578,190,1,1662.00,190,100.00,0.00,0.00
8-February-2019,8.55,8.55,8.55,8.55,8.500000000000000000,10,1,85.00,10,100.00,0.00,0.00
24-January-2019,9.00,9.00,9.00,9.00,9.000000000000000000,140,1,1260.00,140,100.00,0.00,0.00
23-January-2019,8.08,8.92,8.08,8.92,8.181926561754887935,4194,3,34315.00,4194,100.00,0.84,0.84
11-January-2019,8.50,8.50,8.50,8.50,8.500000000000000000,40,1,340.00,40,100.00,0.00,0.00
9-January-2019,8.58,8.58,8.58,8.58,8.500000000000000000,10,1,85.00,10,100.00,0.00,0.00
8-January-2019,9.03,9.03,9.03,9.03,9.000000000000000000,20,1,180.00,20,100.00,0.00,0.00
7-January-2019,9.50,9.50,9.50,9.50,9.500000000000000000,20,1,190.00,20,100.00,0.00,0.00
28-December-2018,10.00,10.00,10.00,10.00,10.000000000000000000,200,1,2000.00,200,100.00,0.00,0.00
27-December-2018,10.25,10.25,10.25,10.25,10.233333333333333333,30,1,307.00,30,100.00,0.00,0.00
3-December-2018,10.25,10.25,10.25,10.25,10.250000000000000000,60,1,615.00,60,100.00,0.00,0.00
27-November-2018,10.36,10.36,10.36,10.36,10.346938775510204081,49,8,507.00,49,100.00,0.00,0.00
19-November-2018,10.90,10.90,10.90,10.90,10.900000000000000000,10,1,109.00,10,100.00,0.00,0.00
9-November-2018,10.45,10.45,10.45,10.45,10.450000000000000000,20,1,209.00,20,100.00,0.00,0.00
26-September-2018,10.99,10.99,10.99,10.99,10.950000000000000000,20,1,219.00,20,100.00,0.00,0.00
25-September-2018,11.56,11.56,11.56,11.56,11.550000000000000000,40,1,462.00,40,100.00,0.00,0.00
7-September-2018,12.16,12.16,12.16,12.16,12.159090909090909090,220,2,2675.00,220,100.00,0.00,0.00
6-September-2018,12.80,12.80,12.80,12.80,12.800000000000000000,80,1,1024.00,80,100.00,0.00,0.00
4-September-2018,12.20,12.20,12.20,12.20,12.189189189189189189,74,1,902.00,74,100.00,0.00,0.00
9-April-2018,12.25,12.26,12.25,12.26,12.257142857142857142,105,2,1287.00,105,100.00,0.01,0.01
5-April-2018,11.62,12.25,11.62,12.25,11.800000000000000000,100,2,1180.00,100,100.00,0.63,0.63
4-April-2018,12.23,12.23,12.23,12.23,12.225000000000000000,40,1,489.00,40,100.00,0.00,0.00
25-January-2018,12.23,12.23,12.23,12.23,12.230000000000000000,100,1,1223.00,100,100.00,0.00,0.00
19-January-2018,12.87,12.87,12.87,12.87,12.869696969696969696,330,2,4247.00,330,100.00,0.00,0.00
16-January-2018,14.00,14.00,13.54,13.54,13.616666666666666666,600,5,8170.00,600,100.00,0.46,-0.46
15-January-2018,14.25,14.25,14.25,14.25,14.250000000000000000,280,4,3990.00,280,100.00,0.00,0.00
8-January-2018,15.00,15.00,15.00,15.00,15.000000000000000000,110,3,1650.00,110,100.00,0.00,0.00
5-January-2018,15.00,15.00,15.00,15.00,15.000000000000000000,25,2,375.00,25,100.00,0.00,0.00
21-December-2017,15.00,15.00,15.00,15.00,15.000000000000000000,50,3,750.00,50,100.00,0.00,0.00
12-December-2017,15.00,15.00,15.00,15.00,15.000000000000000000,25,1,375.00,25,100.00,0.00,0.00
6-December-2017,15.70,15.70,15.70,15.70,15.700000000000000000,50,1,785.00,50,100.00,0.00,0.00
8-November-2017,15.75,15.75,15.75,15.75,15.740000000000000000,50,1,787.00,50,100.00,0.00,0.00
23-October-2017,16.55,16.55,16.55,16.55,16.540000000000000000,50,1,827.00,50,100.00,0.00,0.00
17-October-2017,16.55,16.55,16.55,16.55,16.500000000000000000,10,1,165.00,10,100.00,0.00,0.00
16-October-2017,17.40,17.40,17.40,17.40,17.400000000000000000,10,1,174.00,10,100.00,0.00,0.00
13-October-2017,18.30,18.30,18.30,18.30,18.300000000000000000,10,2,183.00,10,100.00,0.00,0.00
11-October-2017,19.25,19.25,19.25,19.25,19.242857142857142857,70,1,1347.00,70,100.00,0.00,0.00
10-October-2017,20.25,20.25,20.25,20.25,20.230769230769230769,39,1,789.00,39,100.00,0.00,0.00
5-September-2017,20.70,20.70,20.70,20.70,20.700000000000000000,10,1,207.00,10,100.00,0.00,0.00
4-September-2017,20.70,20.70,20.70,20.70,20.700000000000000000,30,1,621.00,30,100.00,0.00,0.00
18-August-2017,20.85,20.85,20.85,20.85,20.000000000000000000,1,1,20.00,1,100.00,0.00,0.00
26-July-2017,21.90,21.90,21.90,21.90,21.857142857142857142,14,2,306.00,14,100.00,0.00,0.00
24-July-2017,22.40,22.40,22.40,22.40,22.400000000000000000,5,1,112.00,5,100.00,0.00,0.00
21-July-2017,23.20,23.20,23.20,23.20,23.000000000000000000,1,1,23.00,1,100.00,0.00,0.00
20-July-2017,23.55,23.55,23.55,23.55,23.500000000000000000,10,2,235.00,10,100.00,0.00,0.00
9-May-2017,23.70,24.85,22.55,24.75,23.597014925373134328,67,4,1581.00,67,100.00,2.30,1.05
25-April-2017,23.70,23.70,23.70,23.70,23.700000000000000000,100,3,2370.00,100,100.00,0.00,0.00
24-April-2017,25.10,25.10,24.70,24.90,24.900000000000000000,620,7,15438.00,620,100.00,0.40,-0.20
17-April-2017,25.10,25.10,25.10,25.10,25.093333333333333333,75,1,1882.00,75,100.00,0.00,0.00
5-April-2017,25.00,25.10,25.00,25.10,25.050000000000000000,240,3,6012.00,240,100.00,0.10,0.10
29-March-2017,25.10,25.10,25.10,25.10,25.000000000000000000,1,1,25.00,1,100.00,0.00,0.00
22-March-2017,25.10,25.10,25.10,25.10,25.100000000000000000,10,1,251.00,10,100.00,0.00,0.00
17-March-2017,25.10,25.10,25.10,25.10,25.100000000000000000,40,1,1004.00,40,100.00,0.00,0.00
16-March-2017,25.10,25.10,25.10,25.10,25.083333333333333333,24,2,602.00,24,100.00,0.00,0.00
14-March-2017,25.10,25.10,25.10,25.10,25.100000000000000000,200,2,5020.00,200,100.00,0.00,0.00
10-March-2017,25.10,25.10,25.10,25.10,25.100000000000000000,30,1,753.00,30,100.00,0.00,0.00
1-March-2017,25.10,25.10,25.10,25.10,25.100000000000000000,200,1,5020.00,200,100.00,0.00,0.00
23-February-2017,25.10,25.10,25.10,25.10,25.100000000000000000,20,1,502.00,20,100.00,0.00,0.00
22-February-2017,25.10,25.10,25.10,25.10,25.100000000000000000,700,1,17570.00,700,100.00,0.00,0.00
21-February-2017,25.10,25.10,25.10,25.10,25.100000000000000000,410,2,10291.00,410,100.00,0.00,0.00
20-February-2017,22.30,24.60,22.30,24.60,24.177981651376146788,1090,2,26354.00,1090,100.00,2.30,2.30
15-February-2017,22.85,23.50,22.85,23.45,23.204761904761904761,210,7,4873.00,210,100.00,0.65,0.60
14-February-2017,25.10,25.10,23.55,23.55,25.038910505836575875,257,3,6435.00,257,100.00,1.55,-1.55
10-February-2017,24.00,24.00,24.00,24.00,24.000000000000000000,78,1,1872.00,78,100.00,0.00,0.00
9-February-2017,24.00,24.00,24.00,24.00,24.000000000000000000,109,1,2616.00,109,100.00,0.00,0.00
8-February-2017,24.00,24.00,24.00,24.00,24.000000000000000000,12,2,288.00,12,100.00,0.00,0.00
7-February-2017,25.00,25.00,23.75,23.75,23.963576158940397350,302,6,7237.00,302,100.00,1.25,-1.25
6-February-2017,24.70,25.00,24.50,25.00,24.794871794871794871,546,8,13538.00,546,100.00,0.50,0.30
31-January-2017,23.00,24.70,23.00,24.70,23.068226120857699805,513,4,11834.00,513,100.00,1.70,1.70
30-January-2017,24.70,24.70,24.00,24.00,24.466666666666666666,30,2,734.00,30,100.00,0.70,-0.70
27-January-2017,24.70,24.70,24.70,24.70,24.700000000000000000,20,2,494.00,20,100.00,0.00,0.00
18-January-2017,24.70,24.70,24.70,24.70,24.700000000000000000,100,2,2470.00,100,100.00,0.00,0.00
9-January-2017,23.90,23.90,23.90,23.90,23.900000000000000000,20,1,478.00,20,100.00,0.00,0.00
5-January-2017,22.80,22.80,22.80,22.80,22.800000000000000000,5,1,114.00,5,100.00,0.00,0.00
4-January-2017,21.90,21.90,21.90,21.90,21.900000000000000000,30,1,657.00,30,100.00,0.00,0.00
3-January-2017,20.90,20.90,20.90,20.90,20.900000000000000000,20,1,418.00,20,100.00,0.00,0.00
2-January-2017,19.95,19.95,19.95,19.95,19.950000000000000000,400,1,7980.00,400,100.00,0.00,0.00
28-December-2016,19.00,19.00,19.00,19.00,19.000000000000000000,250,4,4750.00,250,100.00,0.00,0.00
15-December-2016,18.70,18.70,18.70,18.70,18.700000000000000000,10,1,187.00,10,100.00,0.00,0.00
8-December-2016,17.85,17.85,17.85,17.85,17.800000000000000000,10,1,178.00,10,100.00,0.00,0.00
6-December-2016,17.00,17.00,17.00,17.00,17.000000000000000000,10,1,170.00,10,100.00,0.00,0.00
1-December-2016,16.20,16.20,16.20,16.20,16.200000000000000000,240,4,3888.00,240,100.00,0.00,0.00
25-November-2016,15.46,15.46,15.46,15.46,15.457692307692307692,260,1,4019.00,260,100.00,0.00,0.00
7-November-2016,14.73,14.73,14.73,14.73,14.729849424269264836,1129,3,16630.00,1129,100.00,0.00,0.00
1-November-2016,14.03,14.03,14.03,14.03,14.000000000000000000,30,1,420.00,30,100.00,0.00,0.00
30-October-2016,13.37,13.37,13.37,13.37,13.366666666666666666,30,1,401.00,30,100.00,0.00,0.00
26-October-2016,13.37,13.37,13.37,13.37,13.368085106382978723,470,2,6283.00,470,100.00,0.00,0.00
25-October-2016,13.37,13.37,13.37,13.37,13.350000000000000000,20,1,267.00,20,100.00,0.00,0.00
24-October-2016,13.37,13.37,13.37,13.37,13.370000000000000000,300,1,4011.00,300,100.00,0.00,0.00
21-October-2016,13.37,13.37,13.37,13.37,13.300000000000000000,10,1,133.00,10,100.00,0.00,0.00
20-October-2016,13.11,13.11,13.11,13.11,13.107142857142857142,280,1,3670.00,280,100.00,0.00,0.00
13-October-2016,12.49,12.49,12.49,12.49,12.466666666666666666,30,2,374.00,30,100.00,0.00,0.00
10-October-2016,11.90,11.90,11.90,11.90,11.900000000000000000,50,1,595.00,50,100.00,0.00,0.00
7-October-2016,11.34,11.34,11.34,11.34,11.340000000000000000,50,1,567.00,50,100.00,0.00,0.00
4-October-2016,10.80,10.80,10.80,10.80,10.800000000000000000,140,1,1512.00,140,100.00,0.00,0.00
29-September-2016,10.29,10.29,10.29,10.29,10.285714285714285714,77,1,792.00,77,100.00,0.00,0.00
28-September-2016,10.29,10.29,10.29,10.29,10.275000000000000000,40,1,411.00,40,100.00,0.00,0.00
26-September-2016,10.29,10.29,10.29,10.29,10.275000000000000000,40,1,411.00,40,100.00,0.00,0.00
23-September-2016,10.29,10.29,10.29,10.29,10.284615384615384615,130,1,1337.00,130,100.00,0.00,0.00
22-September-2016,10.29,10.29,10.29,10.29,10.200000000000000000,10,1,102.00,10,100.00,0.00,0.00
21-September-2016,10.29,10.29,10.29,10.29,10.250000000000000000,20,1,205.00,20,100.00,0.00,0.00
19-September-2016,10.29,10.29,10.29,10.29,10.288888888888888888,90,1,926.00,90,100.00,0.00,0.00
16-September-2016,10.27,10.27,10.27,10.27,10.270000000000000000,3000,1,30810.00,3000,100.00,0.00,0.00
15-September-2016,9.79,9.79,9.79,9.79,9.790000000000000000,200,2,1958.00,200,100.00,0.00,0.00
9-September-2016,9.33,9.33,9.33,9.33,9.300000000000000000,20,1,186.00,20,100.00,0.00,0.00
8-September-2016,8.98,8.98,8.98,8.98,8.980000000000000000,300,2,2694.00,300,100.00,0.00,0.00
7-September-2016,8.56,8.56,8.56,8.56,8.550000000000000000,20,1,171.00,20,100.00,0.00,0.00
6-September-2016,8.16,8.16,8.16,8.16,8.100000000000000000,10,1,81.00,10,100.00,0.00,0.00
2-September-2016,7.78,7.78,7.78,7.78,7.700000000000000000,10,1,77.00,10,100.00,0.00,0.00
30-August-2016,7.41,7.41,7.41,7.41,7.400000000000000000,70,2,518.00,70,100.00,0.00,0.00
26-August-2016,7.06,7.06,7.06,7.06,7.060000000000000000,200,1,1412.00,200,100.00,0.00,0.00
25-August-2016,6.73,6.73,6.73,6.73,6.725000000000000000,40,1,269.00,40,100.00,0.00,0.00
24-August-2016,6.11,6.41,6.11,6.41,6.381818181818181818,220,2,1404.00,220,100.00,0.30,0.30
31-December-2015,1.59,1.59,1.59,1.59,1.590000000000000000,100,1,159.00,100,100.00,0.00,0.00
24-December-2015,1.52,1.52,1.52,1.52,1.520000000000000000,400,3,608.00,400,100.00,0.00,0.00
1-December-2015,1.45,1.45,1.45,1.45,1.450000000000000000,1000,3,1450.00,1000,100.00,0.00,0.00
20-November-2015,1.51,1.51,1.51,1.51,1.500000000000000000,10,1,15.00,10,100.00,0.00,0.00
19-November-2015,1.57,1.57,1.57,1.57,1.570000000000000000,700,2,1099.00,700,100.00,0.00,0.00
4-November-2015,1.80,1.80,1.64,1.64,1.652912859809411533,10179,10,16825.00,10179,100.00,0.16,-0.16
3-November-2015,1.72,1.72,1.72,1.72,1.718670076726342710,391,2,672.00,391,100.00,0.00,0.00
15-October-2015,1.80,1.80,1.80,1.80,1.800000000000000000,1000,1,1800.00,1000,100.00,0.00,0.00
13-October-2015,1.80,1.80,1.80,1.80,1.800000000000000000,150,2,270.00,150,100.00,0.00,0.00
22-September-2015,1.80,1.80,1.80,1.80,1.797979797979797979,99,1,178.00,99,100.00,0.00,0.00
21-September-2015,1.98,1.98,1.80,1.80,1.796019900497512437,201,2,361.00,201,100.00,0.18,-0.18
16-September-2015,1.89,1.89,1.89,1.89,1.890000000000000000,100,1,189.00,100,100.00,0.00,0.00
11-September-2015,1.98,1.98,1.98,1.98,1.980000000000000000,500,2,990.00,500,100.00,0.00,0.00
27-August-2015,2.08,2.08,2.08,2.08,2.067567567567567567,74,1,153.00,74,100.00,0.00,0.00
26-August-2015,1.90,1.99,1.90,1.99,1.945000000000000000,200,2,389.00,200,100.00,0.09,0.09
25-August-2015,1.90,1.90,1.90,1.90,1.900000000000000000,100,1,190.00,100,100.00,0.00,0.00
20-August-2015,2.18,2.18,1.98,1.98,2.080000000000000000,200,2,416.00,200,100.00,0.20,-0.20
12-August-2015,2.28,2.28,2.08,2.08,2.261989342806394316,1126,5,2547.00,1126,100.00,0.20,-0.20
5-August-2015,2.18,2.18,2.18,2.18,2.180000000000000000,300,2,654.00,300,100.00,0.00,0.00
4-August-2015,2.08,2.08,2.08,2.08,2.080000000000000000,1000,1,2080.00,1000,100.00,0.00,0.00
3-August-2015,1.99,1.99,1.99,1.99,1.990000000000000000,500,1,995.00,500,100.00,0.00,0.00
30-July-2015,1.90,1.90,1.90,1.90,1.900000000000000000,100,1,190.00,100,100.00,0.00,0.00
29-July-2015,1.90,1.90,1.90,1.90,1.900000000000000000,100,1,190.00,100,100.00,0.00,0.00
27-July-2015,1.81,1.81,1.81,1.81,1.810000000000000000,100,1,181.00,100,100.00,0.00,0.00
24-July-2015,1.73,1.73,1.73,1.73,1.730000000000000000,600,1,1038.00,600,100.00,0.00,0.00
16-July-2015,1.65,1.65,1.65,1.65,1.650000000000000000,100,1,165.00,100,100.00,0.00,0.00
15-July-2015,1.58,1.58,1.58,1.58,1.580000000000000000,1000,1,1580.00,1000,100.00,0.00,0.00
10-July-2015,1.51,1.51,1.51,1.51,1.509020618556701030,776,2,1171.00,776,100.00,0.00,0.00
9-July-2015,1.44,1.44,1.44,1.44,1.440000000000000000,300,1,432.00,300,100.00,0.00,0.00
8-July-2015,1.38,1.38,1.38,1.38,1.380000000000000000,300,1,414.00,300,100.00,0.00,0.00
7-July-2015,1.32,1.32,1.32,1.32,1.320000000000000000,100,1,132.00,100,100.00,0.00,0.00
1-July-2015,1.26,1.26,1.26,1.26,1.260000000000000000,200,1,252.00,200,100.00,0.00,0.00
30-June-2015,1.20,1.20,1.20,1.20,1.200000000000000000,400,1,480.00,400,100.00,0.00,0.00
25-June-2015,1.15,1.15,1.15,1.15,1.150000000000000000,600,1,690.00,600,100.00,0.00,0.00
17-June-2015,1.10,1.10,1.10,1.10,1.100000000000000000,300,2,330.00,300,100.00,0.00,0.00
25-May-2015,1.12,1.12,1.12,1.12,1.120000000000000000,200,1,224.00,200,100.00,0.00,0.00
22-May-2015,1.17,1.17,1.17,1.17,1.170000000000000000,2000,1,2340.00,2000,100.00,0.00,0.00
18-May-2015,1.23,1.23,1.23,1.23,1.230000000000000000,2000,1,2460.00,2000,100.00,0.00,0.00
15-May-2015,1.29,1.29,1.29,1.29,1.290000000000000000,2000,2,2580.00,2000,100.00,0.00,0.00
17-April-2015,1.35,1.35,1.35,1.35,1.340000000000000000,50,2,67.00,50,100.00,0.00,0.00
10-April-2015,1.33,1.33,1.33,1.33,1.330000000000000000,200,2,266.00,200,100.00,0.00,0.00
8-April-2015,1.40,1.40,1.40,1.40,1.400000000000000000,100,2,140.00,100,100.00,0.00,0.00
27-March-2015,1.47,1.47,1.47,1.47,1.470000000000000000,200,2,294.00,200,100.00,0.00,0.00
19-March-2015,1.54,1.54,1.54,1.54,1.514285714285714285,35,2,53.00,35,100.00,0.00,0.00
12-March-2015,1.64,1.64,1.61,1.62,1.608695652173913043,23,4,37.00,23,100.00,0.03,-0.02
11-March-2015,1.64,1.64,1.64,1.64,1.633333333333333333,30,2,49.00,30,100.00,0.00,0.00
5-March-2015,1.72,1.72,1.72,1.72,1.720000000000000000,150,2,258.00,150,100.00,0.00,0.00
4-March-2015,1.81,1.81,1.81,1.81,1.808571428571428571,350,2,633.00,350,100.00,0.00,0.00
3-March-2015,1.90,1.90,1.90,1.90,1.900000000000000000,200,4,380.00,200,100.00,0.00,0.00
28-February-2015,2.00,2.00,2.00,2.00,2.000000000000000000,100,2,200.00,100,100.00,0.00,0.00
29-January-2015,2.09,2.09,2.09,2.09,2.090000000000000000,100,2,209.00,100,100.00,0.00,0.00
21-January-2015,2.09,2.09,2.09,2.09,2.080000000000000000,50,2,104.00,50,100.00,0.00,0.00
