Date,Open Price,High Price,Low Price,Close Price,WAP,No.of Shares,No. of Trades,Total Turnover (Rs.),Deliverable Quantity,% Deli. Qty to Traded Qty,Spread High-Low,Spread Close-Open
28-June-2024,50.27,51.25,50.27,51.00,50.271348762968874700,1253,11,62990.00,1253,100.00,0.98,0.73
27-June-2024,50.27,50.27,50.27,50.27,50.269915346212285652,9214,17,463187.00,9214,100.00,0.00,0.00
26-June-2024,51.28,51.28,51.28,51.28,51.279209621993127147,1164,11,59689.00,1164,100.00,0.00,0.00
25-June-2024,53.38,53.38,52.32,52.32,52.655844155844155844,616,11,32436.00,616,100.00,1.06,-1.06
24-June-2024,53.38,53.38,53.38,53.38,53.379360465116279069,1376,19,73450.00,1376,100.00,0.00,0.00
21-June-2024,55.00,55.00,54.46,54.46,54.572989690721649484,14550,32,794037.00,14550,100.00,0.54,-0.54
20-June-2024,57.50,57.50,55.57,55.57,55.974565217391304347,4600,30,257483.00,4600,100.00,1.93,-1.93
19-June-2024,54.88,57.30,53.50,56.70,55.998439348140360099,60872,360,3408737.00,60872,100.00,3.80,1.82
18-June-2024,54.58,54.58,54.58,54.58,54.579987065671115291,34018,155,1856702.00,34018,100.00,0.00,0.00
14-June-2024,52.45,52.48,49.02,51.99,51.380992998542843942,28137,134,1445707.00,28137,100.00,3.46,-0.46
13-June-2024,48.59,50.02,48.59,49.99,49.992862870890136327,37410,98,1870233.00,37410,100.00,1.43,1.40
12-June-2024,46.48,47.64,45.10,47.64,47.205545703691762050,6203,53,292816.00,6203,100.00,2.54,1.16
11-June-2024,44.21,46.36,42.81,45.38,44.987646044819000191,10442,55,469761.00,10442,100.00,3.55,1.17
10-June-2024,44.40,44.40,41.00,44.21,42.271290230703503275,7022,44,296829.00,7022,100.00,3.40,-0.19
7-June-2024,41.51,42.31,41.51,42.31,42.300799738860780153,6127,14,259177.00,6127,100.00,0.80,0.80
6-June-2024,41.49,42.31,41.49,42.31,42.303437445471994416,5731,19,242441.00,5731,100.00,0.82,0.82
5-June-2024,40.29,41.49,40.29,41.49,41.127505896226415094,6784,20,279009.00,6784,100.00,1.20,1.20
4-June-2024,41.94,41.94,41.11,41.11,41.183438155136268343,954,14,39289.00,954,100.00,0.83,-0.83
3-June-2024,42.79,42.80,41.94,41.94,42.051369863013698630,2920,28,122790.00,2920,100.00,0.86,-0.85
31-May-2024,42.80,42.80,42.79,42.79,42.792311191992720655,4396,18,188115.00,4396,100.00,0.01,-0.01
30-May-2024,43.63,43.66,43.63,43.66,43.648356221389929255,2403,10,104887.00,2403,100.00,0.03,0.03
29-May-2024,44.52,44.52,44.52,44.52,44.519955654101995565,902,9,40157.00,902,100.00,0.00,0.00
28-May-2024,45.53,45.53,45.42,45.42,45.479901051329622758,3234,12,147082.00,3234,100.00,0.11,-0.11
27-May-2024,45.44,46.34,45.44,46.34,45.588569518716577540,2992,20,136401.00,2992,100.00,0.90,0.90
24-May-2024,46.36,46.36,46.36,46.36,46.359978249048395867,7356,22,341024.00,7356,100.00,0.00,0.00
23-May-2024,48.27,48.27,47.30,47.30,48.256887363381808328,11071,23,534252.00,11071,100.00,0.97,-0.97
22-May-2024,47.33,47.33,47.33,47.33,47.329986905281536446,2291,6,108433.00,2291,100.00,0.00,0.00
21-May-2024,46.40,48.28,46.40,46.41,47.767323121808898614,1371,18,65489.00,1371,100.00,1.88,0.01
17-May-2024,46.90,48.80,46.90,47.34,47.286624203821656050,785,9,37120.00,785,100.00,1.90,0.44
16-May-2024,47.85,47.85,47.85,47.85,47.849328214971209213,1042,11,49859.00,1042,100.00,0.00,0.00
15-May-2024,46.00,46.92,46.00,46.92,46.908212560386473429,207,3,9710.00,207,100.00,0.92,0.92
14-May-2024,46.55,46.55,46.00,46.00,46.517684887459807073,311,7,14467.00,311,100.00,0.55,-0.55
13-May-2024,43.86,45.64,43.86,45.64,44.365303244005641748,1418,13,62910.00,1418,100.00,1.78,1.78
10-May-2024,44.71,44.75,44.67,44.75,44.672371638141809290,1636,10,73084.00,1636,100.00,0.08,0.04
9-May-2024,45.58,45.58,45.58,45.58,45.579790171176145775,1811,15,82545.00,1811,100.00,0.00,0.00
8-May-2024,46.51,48.00,46.51,46.51,46.628742514970059880,4342,21,202462.00,4342,100.00,1.49,0.00
7-May-2024,47.45,47.45,47.45,47.45,47.450000000000000000,2200,15,104390.00,2200,100.00,0.00,0.00
6-May-2024,48.41,48.41,48.41,48.41,48.409252669039145907,281,6,13603.00,281,100.00,0.00,0.00
3-May-2024,49.39,49.39,49.39,49.39,49.389724310776942355,1596,22,78826.00,1596,100.00,0.00,0.00
2-May-2024,50.51,52.93,50.26,50.39,51.259343763581051716,9204,74,471791.00,9204,100.00,2.67,-0.12
30-April-2024,48.21,52.93,48.21,52.90,52.817034999525751683,10543,69,556850.00,10543,100.00,4.72,4.69
29-April-2024,48.01,50.41,48.01,50.41,49.660318404999256063,6721,72,333767.00,6721,100.00,2.40,2.40
26-April-2024,49.94,49.94,47.00,48.01,48.160453808752025931,1234,24,59430.00,1234,100.00,2.94,-1.93
25-April-2024,48.49,49.60,47.50,48.11,48.162517780938833570,2812,43,135433.00,2812,100.00,2.10,-0.38
24-April-2024,47.98,48.30,44.51,48.30,47.209516350107695320,5107,57,241099.00,5107,100.00,3.79,0.32
23-April-2024,45.84,48.27,45.01,46.00,46.798342541436464088,1448,37,67764.00,1448,100.00,3.26,0.16
22-April-2024,45.00,46.78,44.00,46.02,45.971534301167093652,3513,41,161498.00,3513,100.00,2.78,1.02
19-April-2024,47.74,47.74,44.00,45.24,45.050823192555476020,2794,56,125872.00,2794,100.00,3.74,-2.50
18-April-2024,44.99,47.33,44.99,45.99,45.736273627362736273,1111,39,50813.00,1111,100.00,2.34,1.00
16-April-2024,45.01,47.00,44.50,46.05,45.894291754756871035,473,16,21708.00,473,100.00,2.50,1.04
15-April-2024,46.49,46.49,44.55,46.13,46.209273182957393483,1596,26,73750.00,1596,100.00,1.94,-0.36
12-April-2024,45.67,46.89,44.11,46.63,45.469029299759073599,12867,64,585050.00,12867,100.00,2.78,0.96
10-April-2024,45.92,47.54,43.63,45.79,44.061923477981872142,24934,84,1098640.00,24934,100.00,3.91,-0.13
9-April-2024,45.94,45.94,43.07,45.92,44.144988590486220817,5697,41,251494.00,5697,100.00,2.87,-0.02
8-April-2024,45.49,45.89,44.00,45.33,45.317118226600985221,1624,36,73595.00,1624,100.00,1.89,-0.16
5-April-2024,47.74,47.74,44.20,45.17,45.108285714285714285,3500,56,157879.00,3500,100.00,3.54,-2.57
4-April-2024,45.80,46.99,45.79,46.50,46.058671268334771354,3477,40,160146.00,3477,100.00,1.20,0.70
3-April-2024,45.99,46.00,44.01,45.87,45.190382728164867517,1019,32,46049.00,1019,100.00,1.99,-0.12
2-April-2024,45.99,45.99,44.25,45.65,45.606060606060606060,1056,37,48160.00,1056,100.00,1.74,-0.34
1-April-2024,41.29,44.23,40.03,44.23,41.805816686251468860,3404,62,142307.00,3404,100.00,4.20,2.94
28-March-2024,41.81,43.45,41.39,42.13,42.918627450980392156,4080,32,175108.00,4080,100.00,2.06,0.32
27-March-2024,44.43,44.43,41.39,41.39,42.757244174265450861,9870,53,422014.00,9870,100.00,3.04,-3.04
26-March-2024,45.19,45.19,43.33,43.56,43.828915662650602409,7885,41,345591.00,7885,100.00,1.86,-1.63
22-March-2024,41.71,44.80,41.71,43.33,43.360591900311526479,5136,65,222700.00,5136,100.00,3.09,1.62
21-March-2024,43.00,43.90,41.61,43.81,43.563008420151277294,7007,50,305246.00,7007,100.00,2.29,0.81
20-March-2024,42.01,43.19,42.01,42.54,42.506249102140497055,6961,36,295886.00,6961,100.00,1.18,0.53
19-March-2024,42.01,43.44,41.12,41.19,42.301181102362204724,508,20,21489.00,508,100.00,2.32,-0.82
18-March-2024,42.99,43.90,40.74,43.08,41.092136949010574808,9551,53,392471.00,9551,100.00,3.16,0.09
15-March-2024,42.00,43.00,41.26,42.09,42.302806499261447562,677,29,28639.00,677,100.00,1.74,0.09
14-March-2024,43.35,44.00,42.27,42.88,42.968225009502090459,13155,59,565247.00,13155,100.00,1.73,-0.47
13-March-2024,44.00,46.50,43.35,43.35,43.460670020861455393,8149,49,354161.00,8149,100.00,3.15,-0.65
12-March-2024,46.10,47.14,44.15,45.62,44.950354609929078014,3666,58,164788.00,3666,100.00,2.99,-0.48
11-March-2024,47.51,47.51,45.60,46.44,46.272404487998863797,7041,96,325804.00,7041,100.00,1.91,-1.07
7-March-2024,47.06,50.48,47.06,48.00,49.491275622564797560,17709,68,876441.00,17709,100.00,3.42,0.94
6-March-2024,49.99,49.99,46.92,49.36,47.992167407061024082,17108,91,821050.00,17108,100.00,3.07,-0.63
5-March-2024,51.97,51.99,49.38,49.38,51.386014273950041174,14572,72,748797.00,14572,100.00,2.61,-2.59
4-March-2024,52.00,52.00,50.00,51.97,50.395536040980607391,10932,75,550924.00,10932,100.00,2.00,-0.03
2-March-2024,53.89,53.89,50.14,50.37,51.283931357254290171,641,15,32873.00,641,100.00,3.75,-3.52
1-March-2024,53.49,53.98,51.80,52.77,52.374733737506144519,12206,69,639286.00,12206,100.00,2.18,-0.72
29-February-2024,50.35,54.19,50.35,52.55,51.716907675194660734,3596,61,185974.00,3596,100.00,3.84,2.20
28-February-2024,56.49,56.49,51.52,53.00,51.876062724352918949,10586,84,549160.00,10586,100.00,4.97,-3.49
27-February-2024,56.00,57.93,54.23,54.23,54.728867623604465709,12540,88,686300.00,12540,100.00,3.70,-1.77
26-February-2024,56.00,58.00,56.00,57.08,56.367666232073011734,1534,28,86468.00,1534,100.00,2.00,1.08
23-February-2024,59.49,59.49,57.00,57.07,57.154248366013071895,2295,34,131169.00,2295,100.00,2.49,-2.42
22-February-2024,59.44,59.90,56.00,58.37,57.438532716457369464,3026,52,173809.00,3026,100.00,3.90,-1.07
21-February-2024,58.25,59.00,57.11,57.11,58.694488188976377952,1270,41,74542.00,1270,100.00,1.89,-1.14
20-February-2024,57.00,59.94,56.10,58.06,57.389355742296918767,714,23,40976.00,714,100.00,3.84,1.06
19-February-2024,58.50,60.50,56.21,58.99,58.624804381846635367,2556,62,149845.00,2556,100.00,4.29,0.49
16-February-2024,57.99,59.40,57.00,58.03,58.492615117289313640,3453,36,201975.00,3453,100.00,2.40,0.04
15-February-2024,59.00,59.00,56.50,56.70,58.045894526034712950,5992,58,347811.00,5992,100.00,2.50,-2.30
14-February-2024,57.95,58.15,55.10,57.60,56.478836553071413067,4607,51,260198.00,4607,100.00,3.05,-0.35
13-February-2024,58.00,58.00,55.81,57.95,56.995747148656485598,5173,79,294839.00,5173,100.00,2.19,-0.05
12-February-2024,62.98,62.98,58.74,58.74,59.863253012048192771,6640,71,397492.00,6640,100.00,4.24,-4.24
9-February-2024,63.85,63.85,60.80,61.83,61.552600472813238770,18612,125,1145617.00,18612,100.00,3.05,-2.02
8-February-2024,66.00,66.74,63.41,64.00,65.303433802511126388,27637,150,1804791.00,23460,84.89,3.33,-2.00
7-February-2024,70.99,71.00,64.00,65.84,66.234937323089365143,34622,314,2293186.00,26603,76.84,7.00,-5.15
6-February-2024,64.00,71.40,60.00,69.77,68.060622098474955560,173831,755,11831046.00,102805,59.14,11.40,5.77
5-February-2024,60.25,68.20,57.05,60.98,64.887320486803273291,167049,788,10839362.00,110514,66.16,11.15,0.73
2-February-2024,62.90,62.90,59.00,61.48,62.011162327145882646,40135,143,2488818.00,33986,84.68,3.90,-1.42
1-February-2024,63.00,63.00,57.61,59.79,59.463124781544914365,5722,80,340248.00,3763,65.76,5.39,-3.21
31-January-2024,60.66,63.99,59.40,59.99,61.363776948967524788,10993,106,674572.00,8333,75.80,4.59,-0.67
30-January-2024,61.77,63.99,59.50,61.32,62.178406712854791848,98438,411,6120718.00,80141,81.41,4.49,-0.45
29-January-2024,58.98,62.84,55.30,59.77,60.439207697442625969,86886,335,5251321.00,67597,77.80,7.54,0.79
25-January-2024,53.74,59.70,52.60,57.09,57.854004076154496197,80468,317,4655396.00,52006,64.63,7.10,3.35
24-January-2024,50.02,55.97,50.02,53.12,53.470783532536520584,16566,91,885797.00,12342,74.50,5.95,3.10
23-January-2024,55.00,56.80,52.20,54.19,54.638312274368231046,4432,68,242157.00,2910,65.66,4.60,-0.81
20-January-2024,56.99,56.99,54.00,54.56,54.519492397393392020,8747,123,476882.00,5907,67.53,2.99,-2.43
19-January-2024,55.10,57.19,55.00,55.72,55.688813758635895928,6803,66,378851.00,5335,78.42,2.19,0.62
18-January-2024,56.77,56.77,55.59,56.00,56.144572748267898383,2165,49,121553.00,1692,78.15,1.18,-0.77
17-January-2024,56.96,57.50,55.30,56.84,56.561164641809803100,9548,85,540046.00,2548,26.69,2.20,-0.12
16-January-2024,58.67,59.00,56.00,56.98,57.356301596037424325,9085,118,521082.00,6397,70.41,3.00,-1.69
15-January-2024,55.00,59.69,55.00,56.67,57.030207468879668049,12050,126,687214.00,7980,66.22,4.69,1.67
12-January-2024,58.34,58.34,56.65,57.53,57.391262602016322611,10415,91,597730.00,8860,85.07,1.69,-0.81
11-January-2024,59.00,59.00,56.00,58.32,57.193596730245231607,29360,186,1679204.00,19020,64.78,3.00,-0.68
10-January-2024,61.10,62.80,57.80,58.19,59.023882000643452867,40407,249,2384978.00,35321,87.41,5.00,-2.91
9-January-2024,56.00,63.40,56.00,61.09,60.168316480397374489,169110,615,10175064.00,127386,75.33,7.40,5.09
8-January-2024,56.00,56.70,54.00,54.50,55.382332934581192972,42633,190,2361115.00,31160,73.09,2.70,-1.50
5-January-2024,48.50,56.00,48.50,53.57,54.650263843855299128,47187,213,2578782.00,24531,51.99,7.50,5.07
4-January-2024,48.11,52.99,46.90,51.71,49.466561294379578170,58839,427,2910563.00,27645,46.98,6.09,3.60
3-January-2024,50.50,51.40,49.71,51.08,50.606456885982836125,2447,43,123834.00,1906,77.89,1.69,0.58
2-January-2024,49.01,51.45,49.01,51.24,50.936064835659612787,2221,29,113129.00,1919,86.40,2.44,2.23
1-January-2024,49.20,51.49,48.95,50.62,50.329709228824273072,3955,65,199054.00,2917,73.75,2.54,1.42
29-December-2023,51.90,51.90,48.00,48.95,49.010477499141188594,17466,144,856017.00,13638,78.08,3.90,-2.95
28-December-2023,52.31,52.31,49.65,50.93,50.425762623293487491,15309,138,771968.00,10599,69.23,2.66,-1.38
27-December-2023,50.68,51.95,50.02,51.13,50.899593141528625399,6882,57,350291.00,6358,92.39,1.93,0.45
26-December-2023,51.50,53.67,50.41,50.68,51.090126261292197157,18929,103,967085.00,14691,77.61,3.26,-0.82
22-December-2023,52.01,54.70,48.30,51.48,51.994735815948527978,5129,122,266681.00,3944,76.90,6.40,-0.53
21-December-2023,51.18,54.90,51.10,52.74,52.840223735408560311,16448,108,869116.00,12534,76.20,3.80,1.56
20-December-2023,57.74,59.60,49.10,51.18,56.874749713508544371,79409,372,4516367.00,44123,55.56,10.50,-6.56
19-December-2023,54.75,57.00,51.00,55.00,55.293526679935551132,31653,188,1750206.00,21267,67.19,6.00,0.25
18-December-2023,59.70,59.70,53.01,53.97,54.598113655237869260,16858,153,920415.00,12181,72.26,6.69,-5.73
15-December-2023,53.79,55.30,53.25,54.35,54.650367208587031573,15931,115,870635.00,11644,73.09,2.05,0.56
14-December-2023,55.17,55.17,53.21,55.00,54.560200429491768074,6985,60,381103.00,6048,86.59,1.96,-0.17
13-December-2023,54.99,56.99,52.00,55.23,53.901418009072400614,27997,141,1509078.00,22946,81.96,4.99,0.24
12-December-2023,56.89,56.89,52.00,54.49,53.645324056662905854,31908,151,1711715.00,24237,75.96,4.89,-2.40
11-December-2023,59.49,59.49,53.20,54.45,55.829604130808950086,43575,243,2432775.00,38770,88.97,6.29,-5.04
8-December-2023,56.25,60.10,52.50,57.07,55.783308266122926908,99067,504,5526285.00,62074,62.66,7.60,0.82
7-December-2023,49.80,56.90,49.80,56.11,54.792116579397162158,294872,942,16156661.00,170133,57.70,7.10,6.31
6-December-2023,40.45,49.85,40.45,48.95,46.363314185119985175,86344,549,4003194.00,71070,82.31,9.40,8.50
5-December-2023,41.31,43.50,40.00,41.80,41.021259375168618140,18533,135,760247.00,10372,55.96,3.50,0.49
4-December-2023,43.45,43.45,41.38,42.09,42.559050262102991057,9729,92,414057.00,8528,87.66,2.07,-1.36
1-December-2023,39.51,43.60,39.51,43.19,42.654339509414147475,13331,87,568625.00,11098,83.25,4.09,3.68
30-November-2023,41.30,43.00,40.50,40.85,41.797418701758825762,7903,78,330325.00,5834,73.82,2.50,-0.45
29-November-2023,43.59,43.59,40.50,40.86,41.604000000000000000,12000,105,499248.00,10198,84.98,3.09,-2.73
28-November-2023,40.12,45.00,40.12,42.85,43.044982474360638712,46218,208,1989453.00,37504,81.15,4.88,2.73
24-November-2023,40.36,41.85,39.25,39.33,40.569245082402977139,7524,98,305243.00,6128,81.45,2.60,-1.03
23-November-2023,41.25,41.87,40.00,41.18,40.871601314042077304,14307,116,584750.00,12971,90.66,1.87,-0.07
22-November-2023,41.98,41.98,38.67,39.99,40.193096789765870142,12429,134,499560.00,8333,67.04,3.31,-1.99
21-November-2023,42.48,42.48,40.56,41.02,41.505786249149081007,1469,44,60972.00,946,64.40,1.92,-1.46
20-November-2023,42.89,43.00,40.70,41.05,41.948612007746933505,7745,81,324892.00,6463,83.45,2.30,-1.84
17-November-2023,41.99,44.09,41.05,42.48,42.670524031823262541,15209,152,648976.00,12017,79.01,3.04,0.49
16-November-2023,45.70,45.70,41.10,41.30,43.234148411305150882,120193,349,5196442.00,98474,81.93,4.60,-4.40
15-November-2023,39.00,43.89,39.00,43.89,42.791299506374825427,321499,684,13757360.00,153649,47.79,4.89,4.89
13-November-2023,37.00,37.30,36.18,36.58,37.097806490384615384,6656,45,246923.00,6562,98.59,1.12,-0.42
12-November-2023,36.49,38.00,36.49,37.10,37.472105016408813877,4266,53,159856.00,4240,99.39,1.51,0.61
10-November-2023,35.16,36.97,34.76,36.35,35.473239820236960370,7343,45,260480.00,3775,51.41,2.21,1.19
9-November-2023,36.00,36.79,35.04,36.38,36.386661526599845797,2594,39,94387.00,2289,88.24,1.75,0.38
8-November-2023,36.52,36.52,35.35,36.40,36.353467561521252796,894,17,32500.00,782,87.47,1.17,-0.12
7-November-2023,35.45,36.99,34.65,36.53,36.140314657934078450,14047,112,507663.00,9637,68.61,2.34,1.08
6-November-2023,35.20,35.99,34.56,35.46,35.310617626648160999,7205,63,254413.00,6728,93.38,1.43,0.26
3-November-2023,35.48,35.48,34.00,34.08,34.361303393550565591,5923,44,203522.00,4571,77.17,1.48,-1.40
2-November-2023,34.50,35.31,34.28,34.70,34.668689320388349514,6592,49,228536.00,3979,60.36,1.03,0.20
1-November-2023,35.50,35.50,34.16,34.62,34.688088415882112157,2443,36,84743.00,2069,84.69,1.34,-0.88
31-October-2023,35.30,35.40,34.10,35.11,34.611260053619302949,1492,23,51640.00,1118,74.93,1.30,-0.19
30-October-2023,36.00,36.00,34.05,34.40,34.455198647506339814,2366,28,81521.00,2345,99.11,1.95,-1.60
27-October-2023,34.89,35.99,34.02,34.87,35.023474178403755868,1917,28,67140.00,1501,78.30,1.97,-0.02
26-October-2023,34.15,36.00,34.00,34.08,34.291325422029082400,5983,56,205165.00,3859,64.50,2.00,-0.07
25-October-2023,36.24,36.24,34.50,34.62,34.984454017606293313,5339,63,186782.00,5155,96.55,1.74,-1.62
23-October-2023,35.60,36.25,35.55,35.82,35.693861693861693861,3861,24,137814.00,3836,99.35,0.70,0.22
20-October-2023,36.00,36.70,35.32,35.81,35.728116710875331564,6786,50,242451.00,4483,66.06,1.38,-0.19
19-October-2023,36.00,36.13,32.60,36.00,35.765954065008344591,12583,89,450043.00,12270,97.51,3.53,0.00
18-October-2023,36.00,36.90,35.25,35.69,35.414147613932791161,6517,71,230794.00,6211,95.30,1.65,-0.31
17-October-2023,36.72,36.90,36.00,36.01,36.176773204903677758,9136,63,330511.00,7773,85.08,0.90,-0.71
16-October-2023,36.69,36.80,36.15,36.72,36.650025471217524197,1963,52,71944.00,1661,84.62,0.65,0.03
13-October-2023,35.67,36.60,35.40,36.17,35.763824289405684754,3870,54,138406.00,3417,88.29,1.20,0.50
12-October-2023,36.89,36.89,35.50,35.67,36.251407328730748805,9415,92,341307.00,4642,49.30,1.39,-1.22
11-October-2023,36.14,36.20,35.26,35.62,35.898922273024167210,6124,56,219845.00,5822,95.07,0.94,-0.52
10-October-2023,35.70,36.55,35.70,36.14,36.103515625000000000,1536,28,55455.00,1475,96.03,0.85,0.44
9-October-2023,36.01,36.76,35.90,36.01,36.081850533807829181,1686,40,60834.00,1660,98.46,0.86,0.00
6-October-2023,36.75,37.99,35.75,36.31,36.406461411017534170,7243,94,263692.00,6181,85.34,2.24,-0.44
5-October-2023,36.79,36.80,36.01,36.74,36.679381443298969072,3880,42,142316.00,3284,84.64,0.79,-0.05
4-October-2023,36.33,36.95,36.00,36.62,36.460257380772142316,5284,59,192656.00,3471,65.69,0.95,0.29
3-October-2023,36.05,37.50,36.05,36.41,36.390487890487890487,5698,82,207353.00,4071,71.45,1.45,0.36
29-September-2023,36.79,37.80,36.50,36.99,36.866003787878787878,2112,43,77861.00,2050,97.06,1.30,0.20
28-September-2023,36.29,38.40,36.00,36.79,36.640958347443278022,11812,106,432803.00,7922,67.07,2.40,0.50
27-September-2023,37.44,37.67,36.50,36.73,36.688960652672728817,11767,69,431719.00,10872,92.39,1.17,-0.71
26-September-2023,38.11,38.77,37.02,37.09,37.498900041248453183,14546,105,545459.00,10135,69.68,1.75,-1.02
25-September-2023,38.75,39.90,37.65,38.11,38.237201304051875470,27913,161,1067315.00,20990,75.20,2.25,-0.64
22-September-2023,37.55,40.40,35.01,39.00,38.294446194225721784,47625,374,1823773.00,28334,59.49,5.39,1.45
21-September-2023,44.50,45.50,38.35,39.28,41.868339102348896169,431905,2046,18083145.00,180276,41.74,7.15,-5.22
20-September-2023,37.98,40.00,35.20,39.74,39.009208647264490077,101535,360,3960800.00,84106,82.83,4.80,1.76
18-September-2023,34.77,40.00,34.00,36.86,36.543857953080690899,31032,227,1134029.00,24263,78.19,6.00,2.09
15-September-2023,34.35,34.76,33.76,34.42,34.302792175221534860,5981,33,205165.00,5580,93.30,1.00,0.07
14-September-2023,33.40,34.48,33.40,34.00,34.038210155857214680,5967,72,203106.00,5237,87.77,1.08,0.60
13-September-2023,34.49,34.49,33.02,34.13,33.462630359212050984,3452,53,115513.00,2653,76.85,1.47,-0.36
12-September-2023,34.91,34.91,33.30,34.35,33.919856459330143540,3344,44,113428.00,3005,89.86,1.61,-0.56
11-September-2023,34.45,34.99,33.96,34.41,34.521076868579525327,11292,68,389812.00,10819,95.81,1.03,-0.04
8-September-2023,34.04,35.00,34.04,34.11,34.251307641435700114,16633,128,569702.00,15002,90.19,0.96,0.07
7-September-2023,33.93,34.94,33.93,34.21,34.339055793991416309,3495,36,120015.00,2182,62.43,1.01,0.28
6-September-2023,34.00,34.50,33.70,34.10,34.220709630702389572,6905,63,236294.00,4982,72.15,0.80,0.10
5-September-2023,33.70,34.49,33.05,33.81,34.102656786553406831,5533,65,188690.00,5321,96.17,1.44,0.11
4-September-2023,33.80,34.40,33.52,33.68,33.834234046975680731,9622,74,325553.00,7926,82.37,0.88,-0.12
1-September-2023,33.95,35.00,33.45,33.77,33.995553550715298363,15518,82,527543.00,15108,97.36,1.55,-0.18
31-August-2023,33.99,34.48,33.20,33.42,33.645520247791671446,8717,58,293288.00,6210,71.24,1.28,-0.57
30-August-2023,33.35,33.55,33.01,33.17,33.265145985401459854,5480,56,182293.00,5319,97.06,0.54,-0.18
29-August-2023,33.45,33.50,32.65,33.40,33.343395001622849724,6162,37,205462.00,5683,92.23,0.85,-0.05
28-August-2023,33.00,33.50,32.50,33.40,33.066098081023454157,10318,96,341176.00,6810,66.00,1.00,0.40
25-August-2023,32.99,33.00,32.51,32.96,32.782686353893784234,8398,73,275309.00,7329,87.27,0.49,-0.03
24-August-2023,32.01,33.50,31.80,32.26,32.668136714443219404,6349,72,207410.00,5588,88.01,1.70,0.25
23-August-2023,32.64,32.99,32.00,32.38,32.197908887229275578,4017,77,129339.00,3694,91.96,0.99,-0.26
22-August-2023,32.38,32.38,31.71,32.37,32.276660839160839160,6864,53,221547.00,6629,96.58,0.67,-0.01
21-August-2023,32.19,32.64,31.65,32.00,32.149480191064905872,3559,60,114420.00,3136,88.11,0.99,-0.19
18-August-2023,32.99,32.99,31.15,31.51,32.047652748289690964,8478,104,271700.00,5662,66.78,1.84,-1.48
17-August-2023,32.99,32.99,31.51,32.63,32.234860452869931542,1899,59,61214.00,1214,63.93,1.48,-0.36
16-August-2023,33.28,33.28,31.01,32.11,32.510632421982877658,7242,89,235442.00,6364,87.88,2.27,-1.17
14-August-2023,33.50,33.90,32.16,33.36,33.011747430249632892,1362,43,44962.00,1274,93.54,1.74,-0.14
11-August-2023,34.00,34.00,30.60,33.50,32.389698920658966104,10562,106,342100.00,7368,69.76,3.40,-0.50
10-August-2023,34.98,34.98,32.77,33.62,33.383460076045627376,10520,141,351194.00,6874,65.34,2.21,-1.36
9-August-2023,34.13,34.13,33.31,33.92,33.883111480865224625,2404,62,81455.00,2309,96.05,0.82,-0.21
8-August-2023,34.32,34.32,33.61,33.72,33.745554720761332331,3993,36,134746.00,3385,84.77,0.71,-0.60
7-August-2023,34.20,34.45,33.58,34.08,33.820754716981132075,1166,36,39435.00,1062,91.08,0.87,-0.12
4-August-2023,33.50,35.20,33.00,34.02,34.005399568034557235,7408,72,251912.00,6640,89.63,2.20,0.52
3-August-2023,33.99,33.99,33.25,33.47,33.790448851774530271,3832,47,129485.00,3285,85.73,0.74,-0.52
2-August-2023,34.99,34.99,33.00,33.40,33.786010475774770842,9164,106,309615.00,8819,96.24,1.99,-1.59
1-August-2023,34.19,34.94,34.00,34.75,34.388210302708443972,1883,46,64753.00,1396,74.14,0.94,0.56
31-July-2023,34.13,35.00,34.02,34.19,34.303884081304085329,4969,85,170456.00,3702,74.50,0.98,0.06
28-July-2023,35.77,36.20,34.63,35.00,35.187646966609186392,6379,106,224462.00,5301,83.10,1.57,-0.77
27-July-2023,36.65,36.65,35.80,36.11,36.150498575498575498,14040,168,507553.00,10273,73.17,0.85,-0.54
26-July-2023,36.48,36.61,35.66,36.01,36.208776175944438598,9503,154,344092.00,7426,78.14,0.95,-0.47
25-July-2023,35.41,37.00,35.09,35.65,36.273981310787616807,15731,169,570626.00,10629,67.57,1.91,0.24
24-July-2023,35.99,37.74,35.11,36.10,36.314679608314722556,23284,250,845551.00,17494,75.13,2.63,0.11
21-July-2023,35.00,36.47,34.53,35.87,35.633417813178855901,16572,137,590517.00,12039,72.65,1.94,0.87
20-July-2023,39.00,39.00,35.39,35.59,36.836373152957281475,49674,424,1829810.00,36197,72.87,3.61,-3.41
19-July-2023,34.00,39.79,29.25,38.17,37.839222674469621799,148149,613,5605843.00,64259,43.37,10.54,4.17
18-July-2023,34.44,34.44,33.00,33.24,33.638798815733822078,7093,63,238600.00,5459,76.96,1.44,-1.20
17-July-2023,34.04,34.50,33.30,33.85,33.747472684570611661,9793,76,330489.00,9265,94.61,1.20,-0.19
14-July-2023,33.79,34.00,33.00,33.95,33.631935988867629152,11498,84,386700.00,10508,91.39,1.00,0.16
13-July-2023,34.00,34.00,32.48,32.60,32.985573588569843251,14418,92,475586.00,13891,96.34,1.52,-1.40
12-July-2023,33.49,35.00,33.49,33.75,33.829950799507995079,3252,57,110015.00,3202,98.46,1.51,0.26
11-July-2023,32.75,33.49,32.75,33.00,33.323218311080284376,5767,23,192175.00,5539,96.05,0.74,0.25
10-July-2023,33.49,33.49,32.56,32.75,33.122291872869240074,9093,23,301181.00,8788,96.65,0.93,-0.74
7-July-2023,33.02,33.99,32.00,33.47,33.120856463124504361,12610,82,417654.00,8577,68.02,1.99,0.45
6-July-2023,33.62,33.94,33.03,33.06,33.104604304209894538,11663,49,386099.00,11108,95.24,0.91,-0.56
5-July-2023,33.91,33.91,33.00,33.63,33.035315315315315315,2775,28,91673.00,2767,99.71,0.91,-0.28
4-July-2023,33.50,34.20,33.50,33.91,33.541666666666666666,432,11,14490.00,428,99.07,0.70,0.41
3-July-2023,34.46,34.46,33.03,33.59,33.393696674212084276,5743,33,191780.00,5614,97.75,1.43,-0.87
30-June-2023,33.04,34.49,33.04,33.12,33.224169404892296458,2739,43,91001.00,1784,65.13,1.45,0.08
28-June-2023,33.55,33.95,33.04,33.55,33.264556246466930469,3538,32,117690.00,2457,69.45,0.91,0.00
27-June-2023,34.99,34.99,33.27,33.38,33.713888888888888888,1080,34,36411.00,774,71.67,1.72,-1.61
26-June-2023,33.99,34.50,33.40,34.34,34.019378698224852071,13520,27,459942.00,13486,99.75,1.10,0.35
23-June-2023,33.12,33.99,33.02,33.94,33.332972972972972972,925,16,30833.00,713,77.08,0.97,0.82
22-June-2023,33.05,34.30,33.05,33.69,33.451964216258265266,5142,36,172010.00,4538,88.25,1.25,0.64
21-June-2023,33.77,34.13,33.40,33.86,33.865969581749049429,5260,33,178135.00,5058,96.16,0.73,0.09
20-June-2023,33.19,33.83,32.99,33.77,33.270061728395061728,1296,19,43118.00,1296,100.00,0.84,0.58
19-June-2023,33.47,34.20,33.00,33.17,33.429585798816568047,6760,47,225984.00,6056,89.59,1.20,-0.30
16-June-2023,33.89,34.48,33.40,33.67,33.613605442176870748,2205,33,74118.00,1564,70.93,1.08,-0.22
15-June-2023,33.20,34.19,33.20,33.32,33.724055475848876135,2091,45,70517.00,1708,81.68,0.99,0.12
14-June-2023,33.83,34.90,33.50,34.24,33.739512855209742895,1478,35,49867.00,1158,78.35,1.40,0.41
13-June-2023,33.64,33.98,33.02,33.09,33.542432195975503062,1143,25,38339.00,820,71.74,0.96,-0.55
12-June-2023,33.88,33.88,33.02,33.61,33.504901960784313725,612,19,20505.00,485,79.25,0.86,-0.27
9-June-2023,33.15,33.99,33.15,33.40,33.318976545842217484,2345,28,78133.00,2019,86.10,0.84,0.25
8-June-2023,34.99,34.99,33.00,33.11,33.481796116504854368,3296,38,110356.00,2707,82.13,1.99,-1.88
7-June-2023,33.89,34.80,31.45,33.09,33.496430460074034902,7564,63,253367.00,5941,78.54,3.35,-0.80
6-June-2023,33.68,34.19,33.00,33.83,33.483004616030214015,2383,26,79790.00,1722,72.26,1.19,0.15
5-June-2023,34.89,34.89,33.00,33.68,33.209543568464730290,2410,43,80035.00,2285,94.81,1.89,-1.21
2-June-2023,33.15,34.70,32.90,33.18,33.161800715765680919,5309,41,176056.00,4982,93.84,1.80,0.03
1-June-2023,33.39,33.39,32.30,32.84,32.889507620164126611,3412,42,112219.00,2937,86.08,1.09,-0.55
31-May-2023,33.00,33.19,32.00,32.19,32.767989533362407326,2293,9,75137.00,2293,100.00,1.19,-0.81
30-May-2023,32.96,32.97,32.85,32.93,32.932457908080348436,15383,33,506600.00,14984,97.41,0.12,-0.03
29-May-2023,33.00,33.50,32.78,33.00,33.002937189335743334,4426,41,146071.00,3621,81.81,0.72,0.00
26-May-2023,32.64,33.50,32.64,32.82,33.059718633362044214,3483,29,115147.00,3332,95.66,0.86,0.18
25-May-2023,30.85,32.99,30.85,32.11,32.281461434370771312,1478,22,47712.00,905,61.23,2.14,1.26
24-May-2023,31.85,32.00,30.23,31.63,31.596789951151430565,7165,64,226391.00,5462,76.23,1.77,-0.22
23-May-2023,31.85,32.00,30.52,30.65,30.950989938331710483,3081,46,95360.00,3054,99.12,1.48,-1.20
22-May-2023,32.39,33.50,31.06,31.23,31.364616332277367124,22728,47,712855.00,20388,89.70,2.44,-1.16
19-May-2023,32.93,32.93,30.84,32.39,32.538781687476352629,2643,27,86000.00,1756,66.44,2.09,-0.54
18-May-2023,32.19,32.97,30.41,32.94,31.571192508950702285,3631,45,114635.00,2558,70.45,2.56,0.75
17-May-2023,32.35,34.00,30.30,30.92,32.068643742809663811,7823,94,250873.00,6038,77.18,3.70,-1.43
16-May-2023,33.20,33.50,32.30,33.27,33.346007604562737642,3682,27,122780.00,3000,81.48,1.20,0.07
15-May-2023,33.98,33.98,32.11,32.20,32.639867151272089234,15958,69,520867.00,9217,57.76,1.87,-1.78
12-May-2023,33.62,34.00,32.03,32.05,32.648160999306037473,5764,59,188184.00,3980,69.05,1.97,-1.57
11-May-2023,34.71,34.71,31.90,32.88,33.437888865050418365,4661,62,155854.00,2419,51.90,2.81,-1.83
10-May-2023,31.96,33.99,29.95,33.01,32.878947831441893199,11367,94,373735.00,8019,70.55,4.04,1.05
9-May-2023,30.40,32.00,29.75,31.00,30.805170239596469104,11102,39,341999.00,10649,95.92,2.25,0.60
8-May-2023,30.50,30.50,29.02,29.72,29.970359392367543534,2699,27,80890.00,2550,94.48,1.48,-0.78
5-May-2023,31.00,31.00,29.51,29.69,29.747566909975669099,1644,17,48905.00,1575,95.80,1.49,-1.31
4-May-2023,30.89,30.90,29.90,29.96,30.340052015604681404,1538,26,46663.00,1438,93.50,1.00,-0.93
3-May-2023,29.75,30.92,29.00,30.68,29.680672268907563025,1547,35,45916.00,1409,91.08,1.92,0.93
2-May-2023,29.55,31.24,29.55,30.93,30.147058823529411764,170,21,5125.00,121,71.18,1.69,1.38
28-April-2023,31.30,31.30,29.00,29.40,29.777611301369863013,4672,33,139121.00,4105,87.86,2.30,-1.90
27-April-2023,31.39,31.39,29.39,31.31,30.659053833605220228,1226,16,37588.00,914,74.55,2.00,-0.08
26-April-2023,29.87,31.48,29.87,31.40,30.308539944903581267,363,5,11002.00,362,99.72,1.61,1.53
25-April-2023,29.35,31.72,29.35,29.87,30.567685589519650655,1603,30,49000.00,1006,62.76,2.37,0.52
24-April-2023,29.85,31.72,29.85,30.49,31.120800571837026447,1399,34,43538.00,1099,78.56,1.87,0.64
21-April-2023,30.30,30.30,29.77,30.24,30.173913043478260869,138,11,4164.00,133,96.38,0.53,-0.06
20-April-2023,30.69,30.69,29.37,30.27,29.960854092526690391,281,23,8419.00,240,85.41,1.32,-0.42
19-April-2023,30.02,30.91,29.71,29.77,29.846359743040685224,1868,34,55753.00,1630,87.26,1.20,-0.25
18-April-2023,29.62,30.83,29.62,30.02,29.838308457711442786,402,12,11995.00,402,100.00,1.21,0.40
17-April-2023,31.39,31.39,29.37,29.62,30.432755528989838613,1673,28,50914.00,1331,79.56,2.02,-1.77
13-April-2023,30.78,31.54,29.51,31.31,31.271540469973890339,383,18,11977.00,356,92.95,2.03,0.53
12-April-2023,31.74,31.74,29.55,29.95,29.781889763779527559,3810,38,113469.00,3435,90.16,2.19,-1.79
11-April-2023,31.00,31.81,29.73,30.41,29.852783272110765753,3539,34,105649.00,3417,96.55,2.08,-0.59
10-April-2023,29.36,31.90,29.03,31.04,29.291666666666666666,1248,22,36556.00,1243,99.60,2.87,1.68
6-April-2023,30.00,31.67,29.81,29.92,30.004636785162287480,647,17,19413.00,634,97.99,1.86,-0.08
5-April-2023,30.00,31.29,29.35,29.77,29.851449275362318840,276,12,8239.00,215,77.90,1.94,-0.23
3-April-2023,32.75,32.75,29.35,31.38,30.675789473684210526,950,54,29142.00,575,60.53,3.40,-1.37
31-March-2023,30.00,32.00,28.00,31.60,31.175690021231422505,1884,41,58735.00,908,48.20,4.00,1.60
29-March-2023,30.05,30.11,28.00,28.37,29.125000000000000000,224,15,6524.00,133,59.38,2.11,-1.68
28-March-2023,29.44,30.95,28.01,29.84,28.711397058823529411,544,20,15619.00,536,98.53,2.94,0.40
27-March-2023,28.40,30.99,28.40,29.44,28.959677419354838709,1488,15,43092.00,1461,98.19,2.59,1.04
24-March-2023,28.64,29.40,28.03,28.40,28.526158445440956651,669,12,19084.00,664,99.25,1.37,-0.24
23-March-2023,30.95,30.95,28.51,28.67,28.769551616266944734,1918,46,55180.00,1452,75.70,2.44,-2.28
22-March-2023,29.00,31.00,28.08,29.92,29.079983841648151888,4951,56,143975.00,1790,36.15,2.92,0.92
21-March-2023,30.00,30.00,28.00,29.45,29.630268199233716475,522,16,15467.00,401,76.82,2.00,-0.55
20-March-2023,30.45,30.45,27.99,28.05,28.923192771084337349,11952,47,345690.00,10991,91.96,2.46,-2.40
17-March-2023,29.00,30.00,29.00,29.45,29.365802011646373742,1889,19,55472.00,1670,88.41,1.00,0.45
16-March-2023,29.99,31.45,29.30,29.60,29.907949790794979079,1434,23,42888.00,761,53.07,2.15,-0.39
15-March-2023,31.01,31.68,29.99,31.68,31.064102564102564102,156,8,4846.00,92,58.97,1.69,0.67
14-March-2023,31.00,31.77,29.50,31.01,30.683391003460207612,2312,19,70940.00,1848,79.93,2.27,0.01
13-March-2023,30.00,31.73,29.00,31.00,30.025656689065363469,1637,51,49152.00,1206,73.67,2.73,1.00
10-March-2023,31.30,31.79,29.20,31.74,30.946977730646871686,943,10,29183.00,941,99.79,2.59,0.44
9-March-2023,31.24,31.98,30.10,30.67,30.787227509978507829,3257,32,100274.00,3043,93.43,1.88,-0.57
8-March-2023,30.05,32.80,29.71,30.10,30.341378679831779118,5469,58,165937.00,5231,95.65,3.09,0.05
6-March-2023,32.98,32.98,31.03,32.39,31.170370370370370370,270,15,8416.00,260,96.30,1.95,-0.59
3-March-2023,31.00,32.50,30.00,32.31,31.583072100313479623,957,23,30225.00,640,66.88,2.50,1.31
2-March-2023,29.75,32.00,29.75,31.00,31.201923076923076923,936,17,29205.00,924,98.72,2.25,1.25
1-March-2023,32.50,32.50,29.65,30.06,30.004561870366850408,5261,70,157854.00,3144,59.76,2.85,-2.44
28-February-2023,31.70,32.40,31.70,31.90,31.819195346582646631,2063,17,65643.00,1993,96.61,0.70,0.20
27-February-2023,31.00,31.90,30.15,31.75,30.561904761904761904,105,12,3209.00,102,97.14,1.75,0.75
24-February-2023,32.40,32.40,30.00,31.90,31.714640198511166253,806,21,25562.00,786,97.52,2.40,-0.50
23-February-2023,30.60,32.50,30.60,30.75,32.166666666666666666,114,7,3667.00,109,95.61,1.90,0.15
22-February-2023,32.00,32.50,30.05,30.65,31.052702702702702702,740,25,22979.00,497,67.16,2.45,-1.35
21-February-2023,31.00,32.20,30.40,32.00,31.517391304347826086,920,19,28996.00,795,86.41,1.80,1.00
20-February-2023,31.00,31.95,30.50,31.00,30.907728706624605678,2536,20,78382.00,2243,88.45,1.45,0.00
17-February-2023,32.60,32.60,31.05,31.10,31.137681159420289855,138,11,4297.00,129,93.48,1.55,-1.50
16-February-2023,31.20,32.70,31.00,32.15,31.474468085106382978,470,19,14793.00,347,73.83,1.70,0.95
15-February-2023,31.15,32.85,31.15,31.45,31.424543946932006633,1206,10,37898.00,1103,91.46,1.70,0.30
14-February-2023,32.85,32.85,31.10,31.55,31.861313868613138686,685,19,21825.00,589,85.99,1.75,-1.30
13-February-2023,32.95,32.95,31.55,31.70,31.976493633692458374,3063,38,97944.00,2162,70.58,1.40,-1.25
10-February-2023,33.00,33.00,32.00,32.10,32.669110362591638597,5047,19,164881.00,5012,99.31,1.00,-0.90
9-February-2023,33.00,33.70,32.10,32.90,32.636896046852122986,2049,22,66873.00,1995,97.36,1.60,-0.10
8-February-2023,33.40,33.40,32.35,32.80,32.877241379310344827,4350,22,143016.00,3832,88.09,1.05,-0.60
7-February-2023,32.50,34.70,32.00,32.35,32.429700928154004812,5818,42,188676.00,2959,50.86,2.70,-0.15
6-February-2023,33.55,33.55,32.00,32.30,32.099047619047619047,525,20,16852.00,524,99.81,1.55,-1.25
3-February-2023,32.05,37.00,32.05,32.85,32.988072818581293157,12744,70,420400.00,6513,51.11,4.95,0.80
2-February-2023,32.55,33.30,32.55,32.70,32.746224059596414391,24431,40,800023.00,22766,93.18,0.75,0.15
1-February-2023,33.65,33.65,32.30,32.55,32.833950780629796242,7558,43,248159.00,7336,97.06,1.35,-1.10
31-January-2023,32.65,33.70,32.60,33.00,32.873350219970670577,7501,33,246583.00,7340,97.85,1.10,0.35
30-January-2023,32.65,33.95,32.10,32.55,32.750000000000000000,484,16,15851.00,421,86.98,1.85,-0.10
27-January-2023,32.80,33.35,32.10,32.65,32.703021769738979746,9233,59,301947.00,8926,96.67,1.25,-0.15
25-January-2023,32.05,34.70,32.05,33.45,32.611980330800178810,2237,30,72953.00,2228,99.60,2.65,1.40
24-January-2023,35.95,35.95,33.50,33.50,34.191997310020174848,2974,52,101687.00,1983,66.68,2.45,-2.45
23-January-2023,33.70,39.60,32.20,34.80,36.317918159333163162,113611,658,4126115.00,28864,25.41,7.40,1.10
20-January-2023,32.80,33.75,32.25,33.00,32.647604327666151468,647,21,21123.00,595,91.96,1.50,0.20
19-January-2023,31.50,33.00,31.25,32.90,32.640478499838344649,6186,61,201914.00,4837,78.19,1.75,1.40
18-January-2023,31.85,32.00,31.10,31.55,31.501652682430714467,3933,32,123896.00,3018,76.74,0.90,-0.30
17-January-2023,31.25,31.95,30.50,31.85,31.618462661153004135,8222,72,259967.00,6817,82.91,1.45,0.60
16-January-2023,31.95,31.95,31.10,31.65,31.485395645246946362,1883,26,59287.00,1311,69.62,0.85,-0.30
13-January-2023,31.75,31.95,31.20,31.50,31.678387988937178980,2531,22,80178.00,2471,97.63,0.75,-0.25
12-January-2023,31.95,31.95,31.15,31.80,31.796322807017543859,35625,9,1132744.00,35624,100.00,0.80,-0.15
11-January-2023,31.00,32.95,31.00,32.00,31.627817128139085640,1553,25,49118.00,976,62.85,1.95,1.00
10-January-2023,31.35,32.65,31.30,31.40,31.868559718969555035,3416,25,108863.00,2219,64.96,1.35,0.05
9-January-2023,32.70,32.70,30.50,31.80,31.554511841710802438,10007,61,315766.00,7638,76.33,2.20,-0.90
6-January-2023,31.10,31.50,30.00,30.75,30.679731243001119820,12502,69,383558.00,10195,81.55,1.50,-0.35
5-January-2023,33.95,35.45,30.50,30.65,31.643071275619455490,16345,105,517206.00,14926,91.32,4.95,-3.30
4-January-2023,35.70,36.00,32.35,32.80,34.207746478873239436,12780,100,437175.00,10040,78.56,3.65,-2.90
3-January-2023,30.60,36.70,30.50,34.45,35.027513974059803549,110562,481,3872712.00,38210,34.56,6.20,3.85
2-January-2023,30.00,31.30,30.00,30.95,30.391755549149610838,3469,35,105429.00,3404,98.13,1.30,0.95
30-December-2022,31.95,31.95,30.00,30.90,30.062261753494282083,787,15,23659.00,781,99.24,1.95,-1.05
29-December-2022,30.75,31.50,29.00,29.75,29.556547619047619047,10752,49,317792.00,10223,95.08,2.50,-1.00
28-December-2022,30.00,31.40,29.00,29.40,30.276100400145507457,2749,34,83229.00,2749,100.00,2.40,-0.60
27-December-2022,30.95,30.95,29.00,29.25,29.717963721474546518,1709,36,50788.00,1520,88.94,1.95,-1.70
26-December-2022,30.50,30.50,28.00,28.95,29.354019746121297602,1418,28,41624.00,1022,72.07,2.50,-1.55
23-December-2022,30.55,30.55,28.10,28.30,28.944923689449236894,3014,50,87240.00,2954,98.01,2.45,-2.25
22-December-2022,32.40,32.40,29.75,30.55,30.124567474048442906,1156,29,34824.00,1122,97.06,2.65,-1.85
21-December-2022,31.05,32.00,30.00,30.30,30.632035647279549718,4264,38,130615.00,4055,95.10,2.00,-0.75
20-December-2022,31.75,31.75,31.00,31.00,31.158422041327489041,4791,34,149280.00,4791,100.00,0.75,-0.75
19-December-2022,31.50,32.75,31.05,31.75,31.612171837708830548,838,24,26491.00,538,64.20,1.70,0.25
16-December-2022,31.40,32.75,31.20,31.35,32.019950617283950617,10125,48,324202.00,9879,97.57,1.55,-0.05
15-December-2022,32.75,32.90,31.20,31.45,31.701182117145142653,11251,68,356670.00,10653,94.68,1.70,-1.30
14-December-2022,32.90,32.90,31.50,31.75,31.822961373390557939,5592,54,177954.00,4806,85.94,1.40,-1.15
13-December-2022,29.10,33.10,29.10,33.05,32.532199896960329726,1941,41,63145.00,1638,84.39,4.00,3.95
12-December-2022,32.00,32.35,31.20,31.40,31.577725118483412322,2110,42,66629.00,1351,64.03,1.15,-0.60
9-December-2022,33.30,33.30,32.00,32.50,32.584417808219178082,5840,46,190293.00,5355,91.70,1.30,-0.80
8-December-2022,33.45,33.45,32.45,33.05,33.107441305212892956,2513,25,83199.00,2153,85.67,1.00,-0.40
7-December-2022,33.00,33.00,31.80,32.00,32.179413456009200690,1739,37,55960.00,1646,94.65,1.20,-1.00
6-December-2022,32.40,33.95,31.95,32.55,32.784925116621654799,4073,31,133533.00,2444,60.00,2.00,0.15
5-December-2022,32.35,35.00,31.00,33.55,32.650136414700690097,12462,95,406886.00,9435,75.71,4.00,1.20
2-December-2022,32.25,32.95,32.00,32.35,32.538834047308623579,5369,53,174701.00,4139,77.09,0.95,0.10
1-December-2022,32.50,32.90,32.15,32.85,32.751700680272108843,294,14,9629.00,287,97.62,0.75,0.35
30-November-2022,32.95,33.85,31.05,32.70,32.314466943156867528,4099,46,132457.00,3565,86.97,2.80,-0.25
29-November-2022,32.35,33.50,32.35,32.95,32.738095238095238095,3192,42,104500.00,2659,83.30,1.15,0.60
28-November-2022,34.55,34.55,33.00,33.10,33.344227504244482173,11780,58,392795.00,10453,88.74,1.55,-1.45
25-November-2022,33.85,34.55,33.10,33.65,33.639888337468982630,6448,70,216910.00,4243,65.80,1.45,-0.20
24-November-2022,33.00,35.00,33.00,34.65,34.566758116140832190,4374,42,151195.00,4220,96.48,2.00,1.65
23-November-2022,34.00,34.00,33.10,33.30,33.473038738563363831,5137,38,171951.00,4020,78.26,0.90,-0.70
22-November-2022,35.50,35.50,33.15,33.55,34.045332823259372609,5228,39,177989.00,4294,82.13,2.35,-1.95
21-November-2022,35.00,35.30,34.30,35.00,35.001327580484566876,3013,14,105459.00,2968,98.51,1.00,0.00
18-November-2022,34.50,35.50,34.05,34.15,34.485555555555555555,1800,27,62074.00,1640,91.11,1.45,-0.35
17-November-2022,34.25,35.50,34.25,34.75,34.587206626783248964,2173,32,75158.00,1752,80.63,1.25,0.50
16-November-2022,35.45,36.15,34.90,35.05,35.269014743739761291,8546,66,301409.00,6849,80.14,1.25,-0.40
15-November-2022,36.90,36.90,35.05,35.40,35.918417799752781211,2427,48,87174.00,2049,84.43,1.85,-1.50
14-November-2022,36.00,36.90,35.00,35.30,35.838460564628433978,7899,74,283088.00,5815,73.62,1.90,-0.70
11-November-2022,35.05,36.90,34.60,35.70,35.585373411837620080,12908,88,459336.00,8115,62.87,2.30,0.65
10-November-2022,35.00,35.95,34.00,34.45,34.487202118270079435,4532,40,156296.00,3580,78.99,1.95,-0.55
9-November-2022,35.35,36.85,34.20,35.75,35.714713488498706955,7347,76,262396.00,4162,56.65,2.65,0.40
7-November-2022,34.95,36.00,34.40,35.45,35.130967336683417085,6368,87,223714.00,5104,80.15,1.60,0.50
4-November-2022,34.50,35.95,34.00,35.05,34.954652880354505169,6770,67,236643.00,5258,77.67,1.95,0.55
3-November-2022,34.60,35.90,34.55,35.20,35.146708074534161490,8050,59,282931.00,6141,76.29,1.35,0.60
2-November-2022,35.50,36.95,35.40,36.10,36.156832941826723780,7237,62,261667.00,5836,80.64,1.55,0.60
1-November-2022,37.95,37.95,35.00,35.20,35.583234061328038826,22665,129,806494.00,18451,81.41,2.95,-2.75
31-October-2022,44.00,44.40,36.10,36.60,40.083993866075992502,146725,821,5881324.00,81766,55.73,8.30,-7.40
28-October-2022,35.00,43.40,34.60,40.65,39.623571514095281173,75167,303,2978385.00,46916,62.42,8.80,5.65
27-October-2022,33.65,37.05,29.10,36.20,34.457476216803614664,52453,281,1807398.00,39112,74.57,7.95,2.55
25-October-2022,30.95,36.35,30.95,33.20,34.181044679308634438,78627,334,2687553.00,36342,46.22,5.40,2.25
24-October-2022,30.40,30.50,29.80,30.30,30.358642407277816655,2858,32,86765.00,2858,100.00,0.70,-0.10
21-October-2022,30.55,30.55,28.25,29.85,29.565794463405384907,2637,29,77965.00,2523,95.68,2.30,-0.70
20-October-2022,32.40,32.40,30.50,30.55,30.819601040763226366,2306,20,71070.00,2106,91.33,1.90,-1.85
19-October-2022,31.90,31.90,30.50,31.00,30.917259552042160737,3795,29,117331.00,3752,98.87,1.40,-0.90
18-October-2022,31.90,32.00,30.80,31.00,31.315537696134711060,5226,31,163655.00,5105,97.68,1.20,-0.90
17-October-2022,31.35,31.90,30.80,31.90,31.196756756756756756,925,22,28857.00,575,62.16,1.10,0.55
14-October-2022,32.45,32.45,31.15,31.45,31.845962732919254658,3220,24,102544.00,3183,98.85,1.30,-1.00
13-October-2022,30.05,32.60,30.05,31.00,30.760220486908589802,2177,20,66965.00,2037,93.57,2.55,0.95
12-October-2022,33.20,33.20,30.75,31.00,31.109936575052854122,9933,44,309015.00,9885,99.52,2.45,-2.20
11-October-2022,32.50,32.90,31.75,31.75,32.054701905347264904,1627,21,52153.00,1519,93.36,1.15,-0.75
10-October-2022,33.90,33.90,31.40,31.55,31.910443571027512633,10686,81,340995.00,8464,79.21,2.50,-2.35
7-October-2022,31.30,33.95,31.30,33.55,33.003290457672749027,3343,46,110330.00,2613,78.16,2.65,2.25
6-October-2022,32.20,33.75,32.00,32.45,32.280563380281690140,1775,29,57298.00,1004,56.56,1.75,0.25
4-October-2022,33.95,33.95,32.00,32.50,32.531050721083096242,10193,37,331589.00,9361,91.84,1.95,-1.45
3-October-2022,32.15,33.90,32.15,32.85,32.674378748928877463,2334,38,76262.00,2233,95.67,1.75,0.70
30-September-2022,31.95,32.50,31.75,32.00,32.009892086330935251,2224,15,71190.00,2224,100.00,0.75,0.05
29-September-2022,31.25,32.70,30.55,31.80,31.437562437562437562,1001,27,31469.00,937,93.61,2.15,0.55
28-September-2022,32.40,32.45,31.25,32.35,32.151730257320319432,3381,43,108705.00,3376,99.85,1.20,-0.05
27-September-2022,32.40,33.65,30.70,32.40,31.635196523800118506,5063,54,160169.00,4177,82.50,2.95,0.00
26-September-2022,32.00,32.50,31.00,32.20,31.507464871194379391,6832,54,215259.00,6323,92.55,1.50,0.20
23-September-2022,33.80,34.20,32.00,32.15,33.028737300435413642,10335,70,341352.00,9393,90.89,2.20,-1.65
22-September-2022,33.35,33.80,32.65,33.05,33.112850812407680945,3385,43,112087.00,3179,93.91,1.15,-0.30
21-September-2022,32.95,33.75,32.50,33.30,33.152535328345802161,9624,55,319060.00,8296,86.20,1.25,0.35
20-September-2022,31.95,33.40,31.10,32.95,32.838026700041718815,9588,72,314851.00,8839,92.19,2.30,1.00
19-September-2022,30.55,33.70,30.00,32.85,32.283334786779454085,11467,78,370193.00,8671,75.62,3.70,2.30
16-September-2022,33.40,33.40,31.10,31.50,31.532647907647907647,11088,57,349634.00,10303,92.92,2.30,-1.90
15-September-2022,33.00,33.90,31.65,31.95,32.918096944549226706,21208,122,698127.00,19920,93.93,2.25,-1.05
14-September-2022,32.70,32.70,31.10,32.15,31.916174188649344646,30289,75,966709.00,28947,95.57,1.60,-0.55
13-September-2022,31.10,33.05,30.00,32.05,32.255595351927783089,61703,155,1990267.00,60020,97.27,3.05,0.95
12-September-2022,29.05,31.00,29.05,30.30,30.439675437931295973,13187,89,401408.00,12835,97.33,1.95,1.25
9-September-2022,28.50,29.60,28.25,29.05,28.829881656804733727,3380,49,97445.00,3168,93.73,1.35,0.55
8-September-2022,29.95,29.95,27.05,28.35,29.030767084103673213,28667,83,832225.00,26219,91.46,2.90,-1.60
7-September-2022,29.50,29.50,28.50,29.00,28.911319195813825392,3631,39,104977.00,3530,97.22,1.00,-0.50
6-September-2022,29.45,29.50,28.30,29.20,28.851108968177434908,5185,68,149593.00,4001,77.16,1.20,-0.25
5-September-2022,28.70,29.10,27.50,29.00,28.802977839335180055,14440,72,415915.00,13384,92.69,1.60,0.30
2-September-2022,28.85,28.85,27.35,28.50,28.056828478964401294,7725,98,216739.00,6761,87.52,1.50,-0.35
1-September-2022,29.60,30.50,27.20,28.50,28.565979381443298969,18430,231,526471.00,13835,75.07,3.30,-1.10
30-August-2022,29.30,30.00,28.75,29.50,29.268835320546051494,23148,154,677515.00,20891,90.25,1.25,0.20
29-August-2022,27.50,29.00,26.80,28.70,27.845211957439621685,23684,213,659486.00,14413,60.86,2.20,1.20
26-August-2022,28.65,28.95,25.75,26.30,26.977605692758476349,47780,186,1288990.00,36179,75.72,3.20,-2.35
25-August-2022,29.40,34.25,26.70,27.80,28.613242218904329849,17414,116,498271.00,15056,86.46,7.55,-1.60
24-August-2022,28.55,28.55,27.50,28.55,28.462623836685679975,3331,28,94809.00,3317,99.58,1.05,0.00
23-August-2022,29.50,30.80,27.70,28.20,28.409735702553382111,20091,64,570780.00,19145,95.29,3.10,-1.30
22-August-2022,28.75,30.10,28.00,28.20,28.498049052396878483,3588,34,102251.00,3247,90.50,2.10,-0.55
19-August-2022,29.50,30.90,28.10,28.15,28.974225390732108582,3647,53,105669.00,2792,76.56,2.80,-1.35
18-August-2022,29.15,29.15,27.10,28.75,28.508796821793416572,3524,26,100465.00,3016,85.58,2.05,-0.40
17-August-2022,28.55,29.20,28.55,28.55,28.676325861126298523,1829,18,52449.00,1756,96.01,0.65,0.00
16-August-2022,29.90,29.90,27.70,27.95,28.743346007604562737,3156,27,90714.00,3129,99.14,2.20,-1.95
12-August-2022,28.50,29.10,27.50,28.40,28.289965986394557823,3528,29,99807.00,2584,73.24,1.60,-0.10
11-August-2022,28.50,29.25,27.05,28.15,28.628995863106430989,5318,32,152249.00,4913,92.38,2.20,-0.35
10-August-2022,28.05,28.85,28.00,28.50,28.723327305605786618,553,24,15884.00,539,97.47,0.85,0.45
8-August-2022,29.50,29.50,28.00,28.30,28.641289893617021276,6016,50,172306.00,5209,86.59,1.50,-1.20
5-August-2022,26.45,29.20,26.45,28.90,28.535107663501404306,7477,63,213357.00,7315,97.83,2.75,2.45
4-August-2022,27.95,28.35,26.25,27.70,27.936233204281484855,8782,34,245336.00,8601,97.94,2.10,-0.25
3-August-2022,28.05,28.70,26.30,28.30,27.531443373147215426,6949,57,191316.00,4062,58.45,2.40,0.25
2-August-2022,27.85,27.85,25.75,27.35,27.246266064605765890,2879,34,78442.00,2304,80.03,2.10,-0.50
1-August-2022,27.50,27.50,25.75,27.05,27.069120479349454312,4673,41,126494.00,4296,91.93,1.75,-0.45
29-July-2022,27.80,27.80,26.00,27.20,26.958784940102681118,7012,42,189035.00,6250,89.13,1.80,-0.60
28-July-2022,27.85,27.85,27.05,27.50,27.425222691045475855,2133,18,58498.00,2023,94.84,0.80,-0.35
27-July-2022,28.00,28.00,26.90,27.20,27.277227722772277227,2525,29,68875.00,2249,89.07,1.10,-0.80
26-July-2022,29.50,30.15,25.55,26.75,27.186850662225394559,12609,89,342799.00,10501,83.28,4.60,-2.75
25-July-2022,28.00,30.70,27.00,29.25,28.560021477333742425,13037,70,372337.00,11471,87.99,3.70,1.25
22-July-2022,27.90,27.90,26.75,26.95,26.957617411225658648,873,16,23534.00,865,99.08,1.15,-0.95
21-July-2022,27.90,27.90,25.00,26.40,26.056542810985460420,4952,48,129032.00,3082,62.24,2.90,-1.50
20-July-2022,28.00,29.00,26.00,26.70,26.755290733511403328,4867,50,130218.00,4452,91.47,3.00,-1.30
19-July-2022,28.00,28.00,26.35,26.60,26.874006810442678774,2643,34,71028.00,2459,93.04,1.65,-1.40
18-July-2022,27.90,27.90,26.00,26.85,26.944096728307254623,7030,74,189417.00,5826,82.87,1.90,-1.05
15-July-2022,27.90,27.90,25.25,26.50,26.531460229521171349,2527,28,67045.00,2456,97.19,2.65,-1.40
14-July-2022,27.85,29.00,25.25,27.45,26.852839931153184165,1162,25,31203.00,869,74.78,3.75,-0.40
13-July-2022,27.90,27.90,25.90,27.85,27.225806451612903225,1581,17,43044.00,1480,93.61,2.00,-0.05
12-July-2022,27.90,27.90,25.90,27.30,27.210388004328335136,6469,39,176024.00,5930,91.67,2.00,-0.60
11-July-2022,27.90,27.90,26.15,27.65,27.304347826086956521,989,20,27004.00,792,80.08,1.75,-0.25
8-July-2022,27.90,27.90,26.20,27.05,27.784843205574912891,1148,23,31897.00,1080,94.08,1.70,-0.85
7-July-2022,28.10,28.10,27.15,27.95,27.798603026775320139,859,15,23879.00,708,82.42,0.95,-0.15
6-July-2022,30.00,30.00,26.70,27.10,27.155963302752293577,1635,17,44400.00,1385,84.71,3.30,-2.90
5-July-2022,27.90,27.90,26.15,27.65,27.805970149253731343,737,14,20493.00,637,86.43,1.75,-0.25
4-July-2022,29.00,29.00,25.20,26.00,26.547201808931599773,1769,27,46962.00,1514,85.58,3.80,-3.00
1-July-2022,28.00,28.00,26.00,27.00,26.929226736566186107,763,15,20547.00,758,99.34,2.00,-1.00
30-June-2022,28.00,28.00,26.05,27.80,27.642444658325312800,4156,25,114882.00,3599,86.60,1.95,-0.20
29-June-2022,27.95,27.95,25.65,26.50,26.520000000000000000,350,14,9282.00,208,59.43,2.30,-1.45
28-June-2022,28.00,28.00,25.00,26.80,26.641017280730355396,3067,42,81708.00,2486,81.06,3.00,-1.20
27-June-2022,28.00,28.00,26.05,27.30,27.254480286738351254,1395,22,38020.00,1242,89.03,1.95,-0.70
24-June-2022,27.00,27.00,25.15,25.45,25.712946267580238009,2773,43,71302.00,2771,99.93,1.85,-1.55
23-June-2022,27.90,27.90,25.00,26.45,25.325602140945584299,1121,22,28390.00,1000,89.21,2.90,-1.45
22-June-2022,27.00,27.95,25.15,26.95,25.403874813710879284,671,13,17046.00,626,93.29,2.80,-0.05
21-June-2022,28.00,28.00,24.80,26.15,25.520174482006543075,917,23,23402.00,803,87.57,3.20,-1.85
20-June-2022,29.75,29.75,25.10,26.75,26.314726404700697759,2723,34,71655.00,1718,63.09,4.65,-3.00
17-June-2022,29.45,29.45,25.15,27.45,27.794884910485933503,1955,32,54339.00,1362,69.67,4.30,-2.00
16-June-2022,26.90,28.85,26.40,26.40,26.582128397917871602,6916,32,183842.00,6553,94.75,2.45,-0.50
15-June-2022,27.50,28.10,26.00,27.00,27.122013142174432497,6696,31,181609.00,6619,98.85,2.10,-0.50
14-June-2022,24.55,28.00,24.55,27.35,27.142432195975503062,11430,54,310238.00,11193,97.93,3.45,2.80
13-June-2022,24.55,26.50,24.55,26.45,25.252851711026615969,526,18,13283.00,526,100.00,1.95,1.90
10-June-2022,28.95,28.95,25.00,25.25,25.032836574892649659,15836,71,396420.00,15546,98.17,3.95,-3.70
9-June-2022,26.35,26.35,25.20,25.55,25.673689897352782279,1851,24,47522.00,1851,100.00,1.15,-0.80
8-June-2022,28.15,28.15,26.35,26.40,26.798076923076923076,624,28,16722.00,567,90.87,1.80,-1.75
7-June-2022,28.05,28.05,26.15,27.60,27.130466208890495121,2767,27,75070.00,2505,90.53,1.90,-0.45
6-June-2022,25.80,27.75,25.10,26.05,26.267335004177109440,3591,30,94326.00,3465,96.49,2.65,0.25
3-June-2022,25.30,27.50,25.20,25.80,26.177708006279434850,3185,46,83376.00,2683,84.24,2.30,0.50
2-June-2022,28.00,28.00,25.25,25.30,26.075137752546334947,5989,61,156164.00,5283,88.21,2.75,-2.70
1-June-2022,28.75,28.75,25.50,25.95,25.776340110905730129,3787,55,97615.00,3589,94.77,3.25,-2.80
31-May-2022,28.00,28.00,25.80,26.25,26.286267995570321151,3612,52,94946.00,3431,94.99,2.20,-1.75
30-May-2022,30.00,30.00,25.20,27.00,26.374933190807055050,3742,40,98695.00,2905,77.63,4.80,-3.00
27-May-2022,28.00,29.80,27.90,27.90,28.175623800383877159,1042,13,29359.00,1040,99.81,1.90,-0.10
26-May-2022,26.90,28.00,26.60,27.15,26.945792203446545089,5977,36,161055.00,5958,99.68,1.40,0.25
25-May-2022,29.50,29.50,26.60,27.00,27.581978798586572438,2830,27,78057.00,2828,99.93,2.90,-2.50
24-May-2022,29.40,29.40,27.10,28.00,28.214684591520165460,4835,47,136418.00,4641,95.99,2.30,-1.40
23-May-2022,27.40,29.45,27.00,27.10,27.534976440739398332,5518,98,151938.00,4481,81.21,2.45,-0.30
20-May-2022,26.00,26.95,26.00,26.95,26.656730769230769230,1040,25,27723.00,887,85.29,0.95,0.95
19-May-2022,29.00,29.00,26.00,26.00,26.682926829268292682,4469,40,119246.00,4245,94.99,3.00,-3.00
18-May-2022,28.45,28.45,26.00,26.55,26.542271293375394321,3170,42,84139.00,2991,94.35,2.45,-1.90
17-May-2022,24.40,26.40,23.40,26.00,26.039516366853435564,3391,45,88300.00,3252,95.90,3.00,1.60
16-May-2022,23.70,27.60,23.70,25.60,25.148720118468373175,4727,54,118878.00,4038,85.42,3.90,1.90
13-May-2022,26.20,26.20,23.45,26.20,26.123978201634877384,734,19,19175.00,729,99.32,2.75,0.00
12-May-2022,27.45,27.45,25.00,25.65,25.769820971867007672,2346,29,60456.00,1838,78.35,2.45,-1.80
11-May-2022,28.75,28.75,23.90,25.15,24.520436793812087662,13187,83,323351.00,11558,87.65,4.85,-3.60
10-May-2022,27.50,28.50,26.30,26.30,27.484351145038167938,2620,28,72009.00,2614,99.77,2.20,-1.20
9-May-2022,28.00,28.00,25.60,27.65,26.607235142118863049,387,17,10297.00,358,92.51,2.40,-0.35
6-May-2022,26.50,29.25,26.05,27.70,26.877002827521206409,2122,46,57033.00,2042,96.23,3.20,1.20
5-May-2022,28.20,29.00,26.50,26.80,27.122534142640364188,2636,25,71495.00,2530,95.98,2.50,-1.40
4-May-2022,29.20,29.20,26.60,27.35,27.542536115569823434,1869,32,51477.00,1509,80.74,2.60,-1.85
2-May-2022,28.05,28.50,26.00,26.70,26.860172820109976433,8911,65,239351.00,8581,96.30,2.50,-1.35
29-April-2022,28.30,28.50,27.10,28.40,27.808856502242152466,3568,36,99222.00,3400,95.29,1.40,0.10
28-April-2022,30.50,30.50,28.05,28.40,28.781916329284750337,3705,44,106637.00,3705,100.00,2.45,-2.10
27-April-2022,29.00,31.45,28.35,29.40,29.676898222940226171,2476,35,73480.00,1936,78.19,3.10,0.40
26-April-2022,30.60,30.60,27.05,29.00,28.347372298624754420,8144,57,230861.00,5560,68.27,3.55,-1.60
25-April-2022,29.65,29.65,28.00,28.45,28.547142512659754039,4147,51,118385.00,3225,77.77,1.65,-1.20
22-April-2022,30.75,30.95,29.50,29.85,29.795834115218615124,5329,65,158782.00,4735,88.85,1.45,-0.90
21-April-2022,30.95,32.30,30.05,30.60,30.547063555913113435,4972,37,151880.00,4821,96.96,2.25,-0.35
20-April-2022,32.50,33.50,29.50,30.05,31.694531250000000000,1280,22,40569.00,830,64.84,4.00,-2.45
19-April-2022,32.00,32.30,30.00,31.10,31.292899408284023668,338,22,10577.00,323,95.56,2.30,-0.90
18-April-2022,31.05,32.50,30.55,31.00,30.914767096134786917,1009,34,31193.00,914,90.58,1.95,-0.05
13-April-2022,29.05,31.25,29.05,31.00,30.791004644341236861,16364,61,503864.00,12856,78.56,2.20,1.95
12-April-2022,29.00,31.40,29.00,30.05,29.408420405654578979,3254,28,95695.00,3134,96.31,2.40,1.05
11-April-2022,28.40,30.85,27.80,29.70,29.840039254170755642,2038,22,60814.00,1800,88.32,3.05,1.30
8-April-2022,31.35,31.35,27.05,28.95,30.413753138883523276,5177,40,157452.00,4893,94.51,4.30,-2.40
7-April-2022,30.30,30.30,30.00,30.00,30.199004975124378109,201,9,6070.00,155,77.11,0.30,-0.30
6-April-2022,31.35,31.35,29.10,30.30,29.823529411764705882,2482,34,74022.00,2343,94.40,2.25,-1.05
5-April-2022,30.00,30.85,28.50,30.30,30.188705234159779614,3630,34,109585.00,2518,69.37,2.35,0.30
4-April-2022,28.55,29.40,28.50,29.40,29.194765045342126957,4852,37,141653.00,4753,97.96,0.90,0.85
1-April-2022,26.70,29.05,26.70,28.00,27.885425942416147224,3369,31,93946.00,2630,78.06,2.35,1.30
31-March-2022,28.00,29.00,27.50,27.80,28.246683250414593698,4824,26,136262.00,4139,85.80,1.50,-0.20
30-March-2022,26.80,28.50,26.75,27.80,27.003231017770597738,1238,16,33430.00,1219,98.47,1.75,1.00
29-March-2022,28.45,28.45,27.05,27.35,27.375643224699828473,583,14,15960.00,582,99.83,1.40,-1.10
28-March-2022,30.00,30.00,27.55,28.45,27.738349270256668344,39740,59,1102322.00,37999,95.62,2.45,-1.55
25-March-2022,29.60,29.60,27.10,29.00,27.846086191732629727,1137,19,31661.00,802,70.54,2.50,-0.60
24-March-2022,26.45,28.45,26.45,28.35,27.398139534883720930,3225,26,88359.00,3210,99.53,2.00,1.90
23-March-2022,28.95,28.95,26.65,27.30,27.591664867199309004,4631,27,127777.00,4498,97.13,2.30,-1.65
22-March-2022,28.15,28.15,26.05,27.90,27.607988165680473372,676,11,18663.00,676,100.00,2.10,-0.25
21-March-2022,28.60,28.60,26.15,27.00,26.831003289473684210,2432,40,65253.00,1839,75.62,2.45,-1.60
17-March-2022,28.85,29.40,27.00,27.40,27.700956244566792234,3451,37,95596.00,3242,93.94,2.40,-1.45
16-March-2022,27.35,28.35,26.35,28.35,27.784556313993174061,4688,30,130254.00,2970,63.35,2.00,1.00
15-March-2022,28.70,28.70,26.35,27.00,26.741482367005379557,10038,43,268431.00,8756,87.23,2.35,-1.70
14-March-2022,29.50,29.50,27.00,27.70,27.452061699768121786,9919,52,272297.00,8954,90.27,2.50,-1.80
11-March-2022,29.90,29.90,27.55,28.10,28.299522039298990971,3766,36,106576.00,3574,94.90,2.35,-1.80
10-March-2022,30.45,30.45,27.85,28.90,27.920241229932897307,35319,63,986115.00,34508,97.70,2.60,-1.55
9-March-2022,29.55,29.55,28.60,29.30,29.202898550724637681,138,18,4030.00,102,73.91,0.95,-0.25
8-March-2022,29.35,29.40,27.40,28.60,28.913092550790067720,886,20,25617.00,651,73.48,2.00,-0.75
7-March-2022,29.00,29.00,26.55,28.00,27.723676202069385270,1643,23,45550.00,1519,92.45,2.45,-1.00
4-March-2022,27.30,29.65,27.30,27.90,28.407469576164498531,2383,35,67695.00,1617,67.86,2.35,0.60
3-March-2022,29.95,29.95,27.35,28.55,28.230652503793626707,3295,37,93020.00,2588,78.54,2.60,-1.40
2-March-2022,26.35,28.65,26.35,28.65,28.339322301024428684,6345,25,179813.00,5640,88.89,2.30,2.30
28-February-2022,28.40,29.00,27.00,27.30,27.140775702852452288,4873,63,132257.00,4659,95.61,2.00,-1.10
25-February-2022,29.50,29.50,27.30,28.40,27.950356555128908392,3646,66,101907.00,3013,82.64,2.20,-1.10
24-February-2022,31.35,31.35,28.65,28.65,28.721679687500000000,2048,35,58822.00,1935,94.48,2.70,-2.70
23-February-2022,30.30,30.50,28.20,30.15,29.299860529986052998,717,34,21008.00,430,59.97,2.30,-0.15
22-February-2022,28.15,30.50,27.75,29.20,27.983010933557611438,11890,84,332718.00,10593,89.09,2.75,1.05
21-February-2022,28.70,30.90,28.60,29.20,28.705821205821205821,962,10,27615.00,960,99.79,2.30,0.50
18-February-2022,31.25,31.25,29.50,29.65,29.660418482999128160,2294,32,68041.00,2052,89.45,1.75,-1.60
17-February-2022,31.75,32.50,30.30,30.60,30.873421527360192423,3326,19,102685.00,3316,99.70,2.20,-1.15
16-February-2022,31.00,31.95,30.20,31.10,31.116183706943685073,3658,40,113823.00,3470,94.86,1.75,0.10
15-February-2022,30.65,32.15,30.60,31.10,30.784630606860158311,3032,60,93339.00,3026,99.80,1.55,0.45
14-February-2022,33.80,33.80,32.20,32.20,32.252177900045850527,2181,24,70342.00,2181,100.00,1.60,-1.60
11-February-2022,33.85,33.85,33.85,33.85,33.849939430648092065,13208,36,447090.00,13208,100.00,0.00,0.00
10-February-2022,32.25,32.25,29.65,32.25,32.235117618819011041,8332,38,268583.00,8330,99.98,2.60,0.00
9-February-2022,29.90,30.75,28.40,30.75,30.664964444232329499,20953,50,642523.00,20200,96.41,2.35,0.85
8-February-2022,30.45,30.85,29.15,29.30,29.346270466949666464,6596,52,193568.00,6202,94.03,1.70,-1.15
7-February-2022,29.80,31.00,29.10,30.60,30.194979903207284062,12191,48,368107.00,9340,76.61,1.90,0.80
4-February-2022,31.30,31.30,29.00,29.80,29.580487804878048780,2460,49,72768.00,1883,76.54,2.30,-1.50
3-February-2022,31.75,31.75,30.00,30.40,30.648768161718256475,1583,36,48517.00,1447,91.41,1.75,-1.35
2-February-2022,30.95,31.95,29.35,30.95,31.191870521373857178,8094,61,252467.00,5870,72.52,2.60,0.00
1-February-2022,31.90,31.90,29.10,30.45,30.061170212765957446,3384,49,101727.00,2436,71.99,2.80,-1.45
31-January-2022,32.20,32.20,30.50,30.55,31.436921226698737221,8315,56,261398.00,5633,67.74,1.70,-1.65
28-January-2022,29.60,30.90,29.60,30.70,30.763878229726272704,11727,44,360768.00,11216,95.64,1.30,1.10
27-January-2022,29.90,29.90,28.45,29.45,29.435571955719557195,6775,63,199426.00,5903,87.13,1.45,-0.45
25-January-2022,32.85,32.85,29.80,29.90,29.865421455938697318,10440,64,311795.00,9923,95.05,3.05,-2.95
24-January-2022,34.50,34.50,31.35,31.35,31.591207965433026488,5323,70,168160.00,4187,78.66,3.15,-3.15
21-January-2022,33.00,33.40,31.20,33.00,32.219947941315664931,8452,73,272323.00,7614,90.09,2.20,0.00
20-January-2022,34.10,34.15,32.00,32.25,32.743617333463758192,10223,85,334738.00,9041,88.44,2.15,-1.85
19-January-2022,34.00,34.45,32.10,32.70,33.000067208817796894,14879,128,491008.00,12563,84.43,2.35,-1.30
18-January-2022,35.70,35.70,32.35,33.75,33.638786164890145747,9194,66,309275.00,9082,98.78,3.35,-1.95
17-January-2022,35.50,36.40,34.00,34.05,34.441214102928632357,14068,102,484519.00,11269,80.10,2.40,-1.45
14-January-2022,36.00,36.00,35.00,35.10,35.194724145164673799,19068,104,671093.00,19016,99.73,1.00,-0.90
13-January-2022,38.75,38.75,36.10,36.50,37.146491141245174700,20206,87,750582.00,17186,85.05,2.65,-2.25
12-January-2022,35.00,37.55,33.60,37.55,37.180496042974820563,111321,285,4138970.00,97363,87.46,3.95,2.55
11-January-2022,33.50,35.00,33.50,34.15,34.424949863732195197,19447,76,669462.00,15983,82.19,1.50,0.65
10-January-2022,33.80,35.90,33.05,33.95,34.662279670975323149,12765,121,442464.00,10793,84.55,2.85,0.15
7-January-2022,33.55,36.00,31.20,33.80,33.984685794754444640,51129,264,1737603.00,42534,83.19,4.80,0.25
6-January-2022,33.00,33.50,31.50,32.85,32.433239936749244042,36047,128,1169121.00,26498,73.51,2.00,-0.15
5-January-2022,32.00,33.25,31.00,32.90,32.525079237309453136,19877,120,646501.00,18404,92.59,2.25,0.90
4-January-2022,32.45,34.15,30.55,31.90,32.463486913934554075,64114,253,2081364.00,53698,83.75,3.60,-0.55
3-January-2022,31.90,32.30,30.00,31.70,31.228449029550620737,45752,196,1428764.00,41169,89.98,2.30,-0.20
31-December-2021,27.80,29.50,27.80,29.40,29.037360778232059777,21279,121,617886.00,18110,85.11,1.70,1.60
30-December-2021,28.00,29.70,26.55,27.25,28.295894338077198730,9767,90,276366.00,7488,76.67,3.15,-0.75
29-December-2021,29.45,30.45,28.00,28.50,28.771706335903452899,11932,100,343304.00,8054,67.50,2.45,-0.95
28-December-2021,29.50,29.60,27.70,29.25,29.307081928188851418,35287,118,1034159.00,33948,96.21,1.90,-0.25
27-December-2021,27.00,28.20,25.65,27.85,27.382223859067611944,32583,156,892195.00,27920,85.69,2.55,0.85
24-December-2021,26.75,28.25,25.05,25.65,27.230948121645796064,11180,91,304442.00,7109,63.59,3.20,-1.10
23-December-2021,25.30,27.20,24.70,26.30,26.071773220747889022,1658,42,43227.00,1340,80.82,2.50,1.00
22-December-2021,23.15,27.25,23.15,25.20,25.923315892740353172,6116,34,158547.00,5656,92.48,4.10,2.05
21-December-2021,25.90,25.90,25.00,25.20,25.434585328963952609,3967,34,100899.00,2396,60.40,0.90,-0.70
20-December-2021,24.75,25.70,23.60,24.40,24.398762461326916466,2909,30,70976.00,2826,97.15,2.10,-0.35
17-December-2021,25.70,26.30,24.45,24.95,24.879268610583547462,26853,46,668083.00,24834,92.48,1.85,-0.75
16-December-2021,25.05,27.00,24.65,25.70,26.216994330314409837,13581,41,356053.00,13219,97.33,2.35,0.65
15-December-2021,26.50,28.90,23.85,25.70,24.835855838032116595,30327,115,753197.00,20604,67.94,5.05,-0.80
14-December-2021,25.50,26.40,25.00,26.30,25.738570508692852543,4659,31,119916.00,4560,97.88,1.40,0.80
13-December-2021,25.80,26.50,25.30,25.50,26.168772563176895306,9972,56,260955.00,9821,98.49,1.20,-0.30
10-December-2021,26.40,27.00,24.35,25.80,25.396981132075471698,1325,31,33651.00,1003,75.70,2.65,-0.60
9-December-2021,26.45,26.50,24.15,25.75,25.974162189818367869,3909,41,101533.00,3373,86.29,2.35,-0.70
8-December-2021,26.95,26.95,24.05,25.00,24.940249864204236827,3682,48,91830.00,2315,62.87,2.90,-1.95
7-December-2021,24.25,26.65,24.25,25.80,26.006440532417346500,11645,77,302845.00,10056,86.35,2.40,1.55
6-December-2021,24.10,24.25,24.10,24.25,24.207280080889787664,2967,20,71823.00,2965,99.93,0.15,0.15
3-December-2021,24.60,24.60,22.65,23.10,23.754332755632582322,2308,44,54825.00,2304,99.83,1.95,-1.50
2-December-2021,24.65,24.65,23.05,23.70,24.244531429887174763,4343,40,105294.00,4152,95.60,1.60,-0.95
1-December-2021,25.00,25.00,23.00,23.50,23.814268142681426814,813,32,19361.00,621,76.38,2.00,-1.50
30-November-2021,23.55,25.00,23.55,24.15,24.671825396825396825,2520,31,62173.00,2400,95.24,1.45,0.60
29-November-2021,24.15,25.30,23.50,24.75,24.458740711771607352,10228,105,250164.00,8286,81.01,1.80,0.60
26-November-2021,24.95,25.80,23.90,24.10,24.709090909090909090,2640,64,65232.00,1847,69.96,1.90,-0.85
25-November-2021,26.00,26.00,25.00,25.10,25.346545866364665911,1766,41,44762.00,1726,97.73,1.00,-0.90
24-November-2021,25.80,26.00,25.35,25.90,25.571560480147737765,2166,29,55388.00,2146,99.08,0.65,0.10
23-November-2021,25.30,25.85,24.50,25.75,24.963553530751708428,878,30,21918.00,822,93.62,1.35,0.45
22-November-2021,26.15,26.15,24.90,25.05,25.073161764705882352,2720,30,68199.00,2659,97.76,1.25,-1.10
18-November-2021,26.00,26.70,24.60,25.05,25.243330876934414148,6785,55,171276.00,5974,88.05,2.10,-0.95
17-November-2021,26.60,26.60,25.15,25.75,25.874488075162611418,8302,35,214810.00,8298,99.95,1.45,-0.85
16-November-2021,25.95,26.20,25.35,25.55,25.498209489704565801,2234,30,56963.00,1944,87.02,0.85,-0.40
15-November-2021,27.10,27.10,25.20,25.95,25.665582303188028627,10759,80,276136.00,9277,86.23,1.90,-1.15
12-November-2021,26.05,26.05,25.05,25.85,25.575093867334167709,1598,34,40869.00,1508,94.37,1.00,-0.20
11-November-2021,25.90,26.90,25.10,26.15,25.764978739853111712,2587,44,66654.00,1673,64.67,1.80,0.25
10-November-2021,25.60,27.00,25.40,26.05,26.128942227183924085,3583,50,93620.00,2356,65.75,1.60,0.45
9-November-2021,25.00,26.00,25.00,25.80,25.262739345274861025,12952,33,327203.00,11509,88.86,1.00,0.80
8-November-2021,27.00,27.00,25.00,26.00,25.582625256372692645,6826,50,174627.00,5990,87.75,2.00,-1.00
4-November-2021,25.00,25.85,23.50,25.75,25.608552631578947368,7600,35,194625.00,7432,97.79,2.35,0.75
3-November-2021,25.90,25.90,24.55,24.65,25.261518721567712586,8573,31,216567.00,4423,51.59,1.35,-1.25
2-November-2021,24.90,25.90,24.05,25.30,25.018332395272171745,12437,133,311153.00,7628,61.33,1.85,0.40
1-November-2021,25.50,25.50,24.45,24.95,24.832941176470588235,425,12,10554.00,324,76.24,1.05,-0.55
29-October-2021,24.50,26.00,24.30,25.50,24.867662753468516542,1874,26,46602.00,1393,74.33,1.70,1.00
28-October-2021,24.55,25.50,23.90,25.50,24.732508833922261484,2830,33,69993.00,2303,81.38,1.60,0.95
27-October-2021,25.95,25.95,25.00,25.10,25.058102001291155584,3098,18,77630.00,2998,96.77,0.95,-0.85
26-October-2021,24.20,25.15,24.15,25.10,24.468398069409331188,4351,27,106462.00,2861,65.75,1.00,0.90
25-October-2021,25.70,25.70,24.00,24.05,24.463877909530083443,9108,35,222817.00,8988,98.68,1.70,-1.65
22-October-2021,24.25,25.50,24.10,24.50,24.636563876651982378,8172,47,201330.00,6170,75.50,1.40,0.25
21-October-2021,25.55,25.55,24.00,24.30,24.348966756513926325,5565,39,135502.00,4186,75.22,1.55,-1.25
20-October-2021,24.35,26.00,24.35,24.35,24.784605638264174849,6314,60,156490.00,6284,99.52,1.65,0.00
19-October-2021,26.40,26.40,24.95,25.60,25.440587185082324935,5041,45,128246.00,4033,80.00,1.45,-0.80
18-October-2021,26.40,26.50,24.75,26.25,25.589277993947254647,11565,72,295940.00,8135,70.34,1.75,-0.15
14-October-2021,25.85,26.50,25.40,26.05,26.132237722147907510,10466,86,273500.00,10340,98.80,1.10,0.20
13-October-2021,26.50,26.50,25.10,25.85,25.593293207222699914,5815,56,148825.00,5246,90.21,1.40,-0.65
12-October-2021,27.25,27.35,25.75,25.90,26.097075512876473155,11455,74,298942.00,10179,88.86,1.60,-1.35
11-October-2021,26.50,27.25,25.50,27.10,26.481644124363253117,11386,52,301520.00,11386,100.00,1.75,0.60
8-October-2021,26.25,27.90,26.00,26.40,26.263065179095713446,6812,45,178904.00,6812,100.00,1.90,0.15
7-October-2021,26.00,27.60,26.00,27.25,26.679626924373525115,8899,48,237422.00,8899,100.00,1.60,1.25
6-October-2021,26.00,27.00,25.70,26.80,26.327963371205697812,5897,37,155256.00,5897,100.00,1.30,0.80
5-October-2021,26.80,26.80,25.15,25.85,25.895468148781530568,9356,46,242278.00,9356,100.00,1.65,-0.95
4-October-2021,26.85,26.85,25.60,25.95,26.050363738108561835,3574,40,93104.00,3574,100.00,1.25,-0.90
1-October-2021,26.90,26.90,24.75,25.60,25.985823050669467051,3809,34,98980.00,3809,100.00,2.15,-1.30
30-September-2021,26.90,26.90,25.60,26.00,26.260830728003573023,2239,16,58798.00,2239,100.00,1.30,-0.90
29-September-2021,27.30,27.30,24.90,25.70,25.950537634408602150,5115,41,132737.00,5115,100.00,2.40,-1.60
28-September-2021,26.70,26.70,25.70,26.10,26.132956152758132956,6363,42,166284.00,6363,100.00,1.00,-0.60
27-September-2021,27.55,27.55,26.95,26.95,27.010635988712828304,4607,17,124438.00,4607,100.00,0.60,-0.60
24-September-2021,27.20,27.60,25.85,26.25,26.152195121951219512,6150,47,160836.00,6150,100.00,1.75,-0.95
23-September-2021,27.40,27.90,26.05,26.35,26.830600621332412840,11588,58,310913.00,11588,100.00,1.85,-1.05
22-September-2021,27.50,28.95,26.70,27.40,27.955676700639962076,8438,54,235890.00,8438,100.00,2.25,-0.10
21-September-2021,29.80,29.80,27.50,28.10,28.358392883185066355,13714,63,388907.00,13714,100.00,2.30,-1.70
20-September-2021,28.30,28.80,28.10,28.80,28.699456009594791398,46692,177,1340035.00,46692,100.00,0.70,0.50
17-September-2021,28.00,28.00,25.60,27.45,27.039461380213203665,10694,40,289160.00,10694,100.00,2.40,-0.55
16-September-2021,25.60,26.80,25.60,26.80,26.730714916151809355,11330,39,302859.00,11330,100.00,1.20,1.20
15-September-2021,25.55,26.45,25.50,25.55,25.828368794326241134,1410,18,36418.00,1410,100.00,0.95,0.00
14-September-2021,25.50,26.75,25.50,25.50,25.693563880883765609,3123,26,80241.00,3123,100.00,1.25,0.00
13-September-2021,26.80,26.80,24.70,25.50,25.406225579578015108,7678,49,195069.00,7678,100.00,2.10,-1.30
9-September-2021,26.50,26.50,25.25,26.00,26.083262531860662701,2354,19,61400.00,2354,100.00,1.25,-0.50
8-September-2021,25.55,26.30,24.35,25.25,25.791294041590345867,9281,36,239369.00,9281,100.00,1.95,-0.30
7-September-2021,26.00,26.00,25.00,25.05,25.421441774491682070,541,12,13753.00,541,100.00,1.00,-0.95
6-September-2021,25.30,26.50,25.05,25.05,25.313202832153269471,2401,22,60777.00,2401,100.00,1.45,-0.25
3-September-2021,25.95,26.45,25.20,25.30,25.595659432387312186,2995,21,76659.00,2995,100.00,1.25,-0.65
2-September-2021,26.10,26.10,25.20,25.30,25.504057907435841193,4559,30,116273.00,4559,100.00,0.90,-0.80
1-September-2021,26.40,26.90,25.30,26.45,25.847968545216251638,3052,21,78888.00,3052,100.00,1.60,0.05
31-August-2021,26.50,27.40,25.30,26.50,26.517154207295052365,5538,28,146852.00,5538,100.00,2.10,0.00
30-August-2021,25.65,26.70,24.40,26.40,25.675097723614624051,4349,36,111661.00,4349,100.00,2.30,0.75
27-August-2021,25.25,25.70,24.45,25.65,25.289923394225103123,1697,17,42917.00,1697,100.00,1.25,0.40
26-August-2021,25.95,25.95,23.80,25.45,24.781629735525375268,2798,26,69339.00,2798,100.00,2.15,-0.50
25-August-2021,25.70,25.85,24.70,24.95,25.489289740698985343,887,15,22609.00,887,100.00,1.15,-0.75
24-August-2021,25.25,25.25,24.20,24.65,24.821464143426294820,4016,30,99683.00,4016,100.00,1.05,-0.60
23-August-2021,26.90,26.90,24.90,25.40,25.281599457810911555,2951,23,74606.00,2951,100.00,2.00,-1.50
20-August-2021,27.50,27.50,25.90,25.90,25.999789207419898819,4744,53,123343.00,4744,100.00,1.60,-1.60
18-August-2021,25.70,28.05,25.70,27.25,26.893985081733058244,6301,44,169459.00,6301,100.00,2.35,1.55
17-August-2021,28.85,28.85,27.30,27.95,27.878284027927733390,13893,87,387313.00,13893,100.00,1.55,-0.90
16-August-2021,27.55,27.55,27.55,27.55,27.549862498190765667,6909,46,190342.00,6909,100.00,0.00,0.00
13-August-2021,26.10,27.35,24.90,26.25,26.116400491400491400,6512,69,170070.00,6512,100.00,2.45,0.15
12-August-2021,24.90,26.10,23.70,26.10,25.157907845579078455,12045,60,303027.00,12045,100.00,2.40,1.20
11-August-2021,26.50,26.50,24.90,24.90,24.997223764575235980,12607,79,315140.00,12607,100.00,1.60,-1.60
10-August-2021,27.90,27.90,26.20,26.20,26.835361463133640552,27776,102,745379.00,27776,100.00,1.70,-1.70
9-August-2021,29.90,29.90,27.45,27.55,28.204848484848484848,10725,84,302497.00,10725,100.00,2.45,-2.35
6-August-2021,28.00,28.90,27.85,28.85,28.020724346076458752,4970,33,139263.00,4970,100.00,1.05,0.85
5-August-2021,28.75,28.75,27.25,27.85,27.707744314689612784,6508,51,180322.00,6508,100.00,1.50,-0.90
4-August-2021,28.75,30.00,28.00,28.65,29.028658245948522402,16784,64,487217.00,16784,100.00,2.00,-0.10
3-August-2021,28.85,29.75,27.40,28.75,28.274296335634625597,7532,51,212962.00,7532,100.00,2.35,-0.10
2-August-2021,30.35,30.35,27.55,28.65,28.671504041754184965,15711,85,450458.00,15711,100.00,2.80,-1.70
30-July-2021,28.90,29.00,28.05,28.95,28.516165904637491835,6124,37,174633.00,6124,100.00,0.95,0.05
29-July-2021,29.45,29.45,27.70,28.90,28.475286849073256840,4532,44,129050.00,4532,100.00,1.75,-0.55
28-July-2021,29.95,30.00,27.50,28.95,29.216833799112280124,12166,63,355452.00,12166,100.00,2.50,-1.00
27-July-2021,28.00,29.85,28.00,28.90,29.449750689838795565,41314,118,1216687.00,41314,100.00,1.85,0.90
26-July-2021,28.85,29.00,27.55,28.45,28.593598724300928298,17559,93,502075.00,17559,100.00,1.45,-0.40
23-July-2021,28.85,29.95,28.70,28.75,28.774480168544471924,32751,155,942393.00,32751,100.00,1.25,-0.10
22-July-2021,33.00,33.00,30.20,30.20,30.438132733408323959,19558,99,595309.00,19558,100.00,2.80,-2.80
20-July-2021,34.90,34.90,31.75,31.75,32.926282051282051282,42432,193,1397128.00,42432,100.00,3.15,-3.15
19-July-2021,32.00,33.40,31.05,33.40,32.806441969957402286,187334,566,6145762.00,134500,71.80,2.35,1.40
16-July-2021,28.05,30.55,27.30,30.40,29.514631330622898157,298845,553,8820300.00,185738,62.15,3.25,2.35
15-July-2021,27.80,28.00,25.20,27.80,27.279162037771782256,12602,67,343772.00,6319,50.14,2.80,0.00
14-July-2021,28.50,28.50,27.05,27.80,27.827277514481305950,9495,53,264220.00,5779,60.86,1.45,-0.70
13-July-2021,27.95,27.95,27.05,27.80,27.530404080031384856,5098,37,140350.00,2859,56.08,0.90,-0.15
12-July-2021,28.00,28.40,27.05,27.95,27.901996658977010579,12571,68,350756.00,10288,81.84,1.35,-0.05
9-July-2021,27.00,27.90,26.55,27.45,27.233906204485872414,3433,36,93494.00,1739,50.66,1.35,0.45
8-July-2021,27.50,28.45,27.00,27.30,27.464784872567826801,14596,69,400876.00,9456,64.78,1.45,-0.20
7-July-2021,27.90,27.90,26.50,27.50,27.542771982116244411,13420,81,369624.00,10906,81.27,1.40,-0.40
6-July-2021,27.90,27.90,26.50,27.35,27.344806958949178734,40121,99,1097101.00,27907,69.56,1.40,-0.55
5-July-2021,27.90,27.90,26.40,27.05,27.061484259574951699,17598,81,476228.00,16643,94.57,1.50,-0.85
2-July-2021,27.90,27.90,26.50,27.10,27.157608194149672418,10837,80,294307.00,9579,88.39,1.40,-0.80
1-July-2021,27.00,27.40,26.50,27.05,26.983677721826706025,5759,27,155399.00,4969,86.28,0.90,0.05
30-June-2021,27.50,27.50,26.80,27.25,27.222521568033903435,33035,86,899296.00,28224,85.44,0.70,-0.25
29-June-2021,27.05,27.25,25.70,27.00,26.851899383983572895,11688,63,313845.00,10820,92.57,1.55,-0.05
28-June-2021,26.30,27.45,25.05,26.10,25.889052047642356012,6129,59,158674.00,5066,82.66,2.40,-0.20
25-June-2021,28.20,28.20,25.00,25.75,26.363283775048480930,32487,152,856464.00,20381,62.74,3.20,-2.45
24-June-2021,27.30,28.20,26.70,27.05,27.321758173001720631,12786,91,349336.00,8914,69.72,1.50,-0.25
23-June-2021,28.55,29.00,26.25,27.95,28.246129388996405861,43404,146,1225995.00,33331,76.79,2.75,-0.60
22-June-2021,28.70,28.70,26.75,26.90,27.255733211512105984,10945,104,298314.00,8809,80.48,1.95,-1.80
21-June-2021,26.30,28.70,25.05,27.40,27.197543705244629355,24997,171,679857.00,16951,67.81,3.65,1.10
18-June-2021,29.00,29.00,25.90,26.80,26.965551010093032806,63311,361,1707216.00,41974,66.30,3.10,-2.20
17-June-2021,26.75,30.25,26.75,28.75,28.868107431986379903,86343,335,2492559.00,63909,74.02,3.50,2.00
16-June-2021,30.70,30.70,27.70,28.10,29.160764138452808776,264350,1061,7708648.00,211633,80.06,3.00,-2.60
15-June-2021,23.30,27.35,22.80,27.35,25.978888062261511335,708367,1277,18402587.00,272667,38.49,4.55,4.05
14-June-2021,21.15,24.10,19.20,22.80,22.247476909902746345,65396,116,1454896.00,59874,91.56,4.90,1.65
11-June-2021,21.40,21.40,19.75,20.10,20.168585131894484412,4170,36,84103.00,3402,81.58,1.65,-1.30
10-June-2021,21.80,22.60,20.00,20.35,20.563742690058479532,5130,51,105492.00,4761,92.81,2.60,-1.45
9-June-2021,21.50,21.75,20.00,20.70,21.086678832116788321,3288,46,69333.00,3199,97.29,1.75,-0.80
8-June-2021,21.50,22.00,20.00,21.50,21.349599843841499121,10246,68,218748.00,9669,94.37,2.00,0.00
7-June-2021,21.00,22.50,19.35,20.80,21.384736152181202938,65606,128,1402967.00,62788,95.70,3.15,-0.20
4-June-2021,19.20,19.90,18.60,19.45,19.057986870897155361,914,24,17419.00,742,81.18,1.30,0.25
3-June-2021,19.20,19.70,18.80,19.05,19.015070921985815602,3384,33,64347.00,2873,84.90,0.90,-0.15
2-June-2021,19.00,19.40,19.00,19.05,19.045454545454545454,2816,16,53632.00,2717,96.48,0.40,0.05
1-June-2021,19.40,19.40,18.95,19.35,19.066476054324517512,2798,26,53348.00,2340,83.63,0.45,-0.05
31-May-2021,19.45,19.85,19.00,19.50,19.344944512946979038,3244,38,62755.00,2105,64.89,0.85,0.05
28-May-2021,19.60,20.50,18.70,19.50,19.620763467713164466,2803,38,54997.00,2422,86.41,1.80,-0.10
27-May-2021,18.85,19.95,18.50,19.50,19.352175006286145335,19885,65,384818.00,12377,62.24,1.45,0.65
26-May-2021,21.75,21.75,18.95,19.00,19.995932597327135386,13768,85,275304.00,10783,78.32,2.80,-2.75
25-May-2021,20.80,20.95,19.45,19.55,19.615384615384615384,1287,40,25245.00,1250,97.12,1.50,-1.25
24-May-2021,21.40,21.45,19.45,20.40,20.054259259259259259,5400,62,108293.00,5026,93.07,2.00,-1.00
21-May-2021,19.95,20.45,19.00,19.85,19.883832673827020915,3538,52,70349.00,2507,70.86,1.45,-0.10
20-May-2021,20.25,20.90,19.30,19.55,19.967008818047789924,35949,76,717794.00,33364,92.81,1.60,-0.70
19-May-2021,18.85,19.40,18.00,19.05,18.712673843914026282,52202,119,976839.00,40025,76.67,1.40,0.20
18-May-2021,18.90,18.90,17.60,18.00,18.227204783258594917,2007,27,36582.00,1974,98.36,1.30,-0.90
17-May-2021,18.90,19.00,17.50,18.25,18.305295950155763239,4494,44,82264.00,4075,90.68,1.50,-0.65
14-May-2021,17.40,19.05,17.05,17.90,18.312884409348835363,25201,70,461503.00,23794,94.42,2.00,0.50
12-May-2021,18.50,20.50,17.15,17.75,17.779016393442622950,3050,50,54226.00,1738,56.98,3.35,-0.75
11-May-2021,18.00,18.40,16.85,17.95,17.160100912090044634,5153,39,88426.00,5021,97.44,1.55,-0.05
10-May-2021,18.25,18.25,17.80,17.85,18.003037667071688942,3292,15,59266.00,3292,100.00,0.45,-0.40
7-May-2021,18.25,18.25,18.25,18.25,18.241935483870967741,62,8,1131.00,62,100.00,0.00,0.00
6-May-2021,18.60,18.90,18.10,18.50,18.625235912644917767,3709,18,69081.00,3018,81.37,0.80,-0.10
5-May-2021,17.50,18.25,17.00,17.90,17.685754683633792859,2829,22,50033.00,2020,71.40,1.25,0.40
4-May-2021,17.90,18.15,17.30,17.35,17.579476479514415781,5272,33,92679.00,5271,99.98,0.85,-0.55
3-May-2021,18.50,18.50,16.30,17.15,17.510014161440420797,4943,39,86552.00,4742,95.93,2.20,-1.35
30-April-2021,17.95,18.60,17.95,18.50,18.141831238779174147,2785,10,50525.00,2785,100.00,0.65,0.55
29-April-2021,18.20,18.80,17.50,18.05,18.148375369234264939,4401,35,79871.00,3997,90.82,1.30,-0.15
28-April-2021,17.35,18.50,17.20,18.10,17.958704348948251387,15498,26,278324.00,15447,99.67,1.30,0.75
27-April-2021,18.35,18.35,16.85,16.85,17.131637168141592920,2712,21,46461.00,2511,92.59,1.50,-1.50
26-April-2021,17.20,17.60,16.60,16.95,17.038652889399158055,5226,30,89044.00,5024,96.13,1.00,-0.25
23-April-2021,16.95,17.20,16.15,16.90,16.950276243093922651,1448,18,24544.00,1439,99.38,1.05,-0.05
22-April-2021,17.35,17.35,14.10,16.80,15.734291799787007454,1878,27,29549.00,1051,55.96,3.25,-0.55
20-April-2021,17.75,17.75,16.00,16.10,16.387052341597796143,3630,38,59485.00,2125,58.54,1.75,-1.65
19-April-2021,15.50,16.85,15.50,16.00,15.745255474452554744,1370,23,21571.00,1055,77.01,1.35,0.50
16-April-2021,17.50,17.50,16.10,16.15,16.182718579234972677,2928,26,47383.00,2800,95.63,1.40,-1.35
15-April-2021,16.90,17.25,16.20,17.20,16.750000000000000000,1080,16,18090.00,619,57.31,1.05,0.30
13-April-2021,16.70,16.95,16.10,16.95,16.871964679911699779,453,8,7643.00,452,99.78,0.85,0.25
12-April-2021,17.45,17.45,16.05,16.65,16.564761904761904761,1050,17,17393.00,772,73.52,1.40,-0.80
9-April-2021,17.10,17.45,16.40,16.45,16.587294996886028648,4817,29,79901.00,4453,92.44,1.05,-0.65
8-April-2021,16.85,17.65,16.50,17.05,16.752278376139188069,3621,17,60660.00,3569,98.56,1.15,0.20
7-April-2021,16.65,16.75,16.50,16.75,16.713202497769848349,2242,13,37471.00,2242,100.00,0.25,0.10
6-April-2021,16.90,16.90,16.25,16.70,16.494444444444444444,1620,6,26721.00,1600,98.77,0.65,-0.20
5-April-2021,17.30,17.30,16.20,16.50,16.673918918918918918,14800,21,246774.00,14800,100.00,1.10,-0.80
1-April-2021,17.45,17.45,16.75,17.45,16.893103448275862068,580,13,9798.00,515,88.79,0.70,0.00
31-March-2021,16.50,17.55,16.50,17.50,17.375000000000000000,24,5,417.00,14,58.33,1.05,1.00
30-March-2021,16.55,16.55,16.50,16.55,16.545098039215686274,255,6,4219.00,255,100.00,0.05,0.00
26-March-2021,18.75,18.75,16.60,16.60,16.835059514608131086,6469,36,108906.00,4083,63.12,2.15,-2.15
25-March-2021,19.00,19.00,16.50,16.65,17.971872376154492023,2382,32,42809.00,2007,84.26,2.50,-2.35
24-March-2021,19.30,19.30,16.30,16.50,16.872294372294372294,4158,65,70155.00,2745,66.02,3.00,-2.80
23-March-2021,15.80,17.00,15.80,16.60,16.297806848787995382,2599,22,42358.00,2266,87.19,1.20,0.80
22-March-2021,16.65,17.10,16.65,16.90,16.735973597359735973,1818,17,30426.00,1596,87.79,0.45,0.25
19-March-2021,17.00,17.30,16.40,16.65,16.901673640167364016,2390,20,40395.00,1825,76.36,0.90,-0.35
18-March-2021,17.20,17.80,16.70,17.45,17.014021669853409815,3138,27,53390.00,3088,98.41,1.10,0.25
17-March-2021,17.50,17.75,16.00,17.20,17.217893645385868760,6751,53,116238.00,6047,89.57,1.75,-0.30
16-March-2021,18.50,18.50,17.40,18.20,17.402743142144638403,802,5,13957.00,802,100.00,1.10,-0.30
15-March-2021,18.70,18.70,17.35,17.80,17.859913793103448275,464,13,8287.00,390,84.05,1.35,-0.90
12-March-2021,18.75,18.75,17.60,18.00,18.031055900621118012,1127,9,20321.00,1125,99.82,1.15,-0.75
10-March-2021,19.00,19.00,17.50,17.95,17.937898766482347937,2351,21,42172.00,1367,58.15,1.50,-1.05
9-March-2021,19.85,19.85,17.80,18.35,17.964697895451459606,1473,21,26462.00,1211,82.21,2.05,-1.50
8-March-2021,17.05,18.75,17.05,18.50,17.766951280763435459,3982,28,70748.00,3078,77.30,1.70,1.45
5-March-2021,18.35,18.35,17.15,18.00,17.884780739466895958,1163,25,20800.00,867,74.55,1.20,-0.35
4-March-2021,18.50,18.50,17.20,17.80,17.544964028776978417,556,13,9755.00,550,98.92,1.30,-0.70
3-March-2021,17.45,18.15,17.40,17.70,17.594671403197158081,2815,35,49529.00,2099,74.56,0.75,0.25
2-March-2021,17.65,18.45,17.35,17.70,17.909345794392523364,3210,30,57489.00,2805,87.38,1.10,0.05
1-March-2021,18.60,18.60,17.35,18.25,17.521436848203939745,863,16,15121.00,773,89.57,1.25,-0.35
26-February-2021,18.65,18.65,18.65,18.65,18.500000000000000000,2,2,37.00,1,50.00,0.00,0.00
25-February-2021,17.55,18.00,17.40,17.45,17.460815047021943573,1276,11,22280.00,1179,92.40,0.60,-0.10
24-February-2021,17.95,19.90,17.75,18.05,18.613466843772351077,9787,48,182170.00,9120,93.18,2.15,0.10
23-February-2021,16.95,18.05,16.90,17.90,17.828654124457308248,3455,28,61598.00,3335,96.53,1.15,0.95
22-February-2021,17.15,17.95,16.90,16.95,17.001443695861405197,2078,13,35329.00,2075,99.86,1.05,-0.20
19-February-2021,17.50,17.50,17.20,17.20,17.222535414859786065,13836,22,238291.00,13789,99.66,0.30,-0.30
18-February-2021,17.55,17.60,17.20,17.20,17.256518218623481781,12350,24,213118.00,11602,93.94,0.40,-0.35
17-February-2021,17.60,17.60,17.15,17.20,17.332693610295777827,8858,20,153533.00,8849,99.90,0.45,-0.40
16-February-2021,18.00,18.00,17.05,17.50,17.497017543859649122,5700,14,99733.00,5450,95.61,0.95,-0.50
15-February-2021,18.25,18.25,17.15,18.00,17.621409921671018276,766,14,13498.00,604,78.85,1.10,-0.25
12-February-2021,17.95,18.30,17.15,17.60,17.804225545342296611,7289,58,129775.00,5796,79.52,1.15,-0.35
11-February-2021,17.05,18.15,16.95,17.65,17.416253338420450209,2621,23,45648.00,2552,97.37,1.20,0.60
10-February-2021,16.95,17.00,16.40,17.00,16.885119247564662411,2977,33,50267.00,2876,96.61,0.60,0.05
9-February-2021,19.00,19.00,16.70,16.75,17.029530804976765102,6671,55,113604.00,6415,96.16,2.30,-2.25
8-February-2021,19.45,19.45,17.00,17.15,17.195899772209567198,2634,24,45294.00,2303,87.43,2.45,-2.30
5-February-2021,17.70,19.85,16.00,16.45,16.499312106918238993,30528,129,503691.00,27462,89.96,3.85,-1.25
4-February-2021,19.00,19.00,16.70,17.50,17.642382812500000000,5120,18,90329.00,5082,99.26,2.30,-1.50
3-February-2021,20.00,20.00,17.00,17.75,17.052119902781528490,3703,25,63144.00,3613,97.57,3.00,-2.25
2-February-2021,20.00,20.00,17.00,17.25,17.076007326007326007,16380,57,279705.00,15061,91.95,3.00,-2.75
1-February-2021,19.00,19.00,17.00,17.00,17.002541589648798521,25968,54,441522.00,25540,98.35,2.00,-2.00
29-January-2021,19.00,19.00,16.95,17.00,17.033545501462239807,5813,28,99016.00,5806,99.88,2.05,-2.00
28-January-2021,17.00,17.75,16.85,17.40,17.038170823885109599,2646,28,45083.00,2191,82.80,0.90,0.40
27-January-2021,17.75,17.95,16.95,17.00,17.118857142857142857,6125,41,104853.00,5504,89.86,1.00,-0.75
25-January-2021,18.35,19.00,17.30,17.60,18.662739322533136966,3395,40,63360.00,2807,82.68,1.70,-0.75
22-January-2021,19.30,19.30,18.00,18.30,18.476394849785407725,1165,31,21525.00,1119,96.05,1.30,-1.00
21-January-2021,18.20,18.90,18.05,18.65,18.325313627771094689,5819,29,106635.00,4908,84.34,0.85,0.45
20-January-2021,17.90,19.00,17.90,18.15,18.602863202545068928,5658,24,105255.00,5055,89.34,1.10,0.25
19-January-2021,18.05,19.50,18.05,18.45,18.715780866721177432,6115,38,114447.00,5401,88.32,1.45,0.40
18-January-2021,19.95,19.95,17.90,18.90,18.919900908340214698,1211,13,22912.00,1068,88.19,2.05,-1.05
15-January-2021,17.80,19.00,17.60,18.95,18.456561922365988909,1623,19,29955.00,1067,65.74,1.40,1.15
14-January-2021,18.60,18.75,17.85,18.75,18.405218726016884113,1303,25,23982.00,1150,88.26,0.90,0.15
13-January-2021,19.45,19.45,18.00,18.60,18.372543777569843603,7481,32,137445.00,6013,80.38,1.45,-0.85
12-January-2021,19.10,19.10,18.00,18.30,18.337199312714776632,2328,23,42689.00,1823,78.31,1.10,-0.80
11-January-2021,16.95,19.90,16.95,17.90,18.192806603773584905,3392,44,61710.00,3284,96.82,2.95,0.95
8-January-2021,19.95,19.95,18.00,18.90,18.729787888103289271,3253,56,60928.00,2879,88.50,1.95,-1.05
7-January-2021,18.30,18.30,17.90,18.10,18.046212647671994440,2878,39,51937.00,2801,97.32,0.40,-0.20
6-January-2021,18.40,18.40,17.60,18.15,18.027863777089783281,1938,32,34938.00,1509,77.86,0.80,-0.25
5-January-2021,18.20,18.90,18.20,18.40,18.385272145144076840,937,24,17227.00,897,95.73,0.70,0.20
4-January-2021,18.45,18.70,18.00,18.20,18.488372093023255813,989,23,18285.00,769,77.76,0.70,-0.25
1-January-2021,18.45,18.70,18.05,18.55,18.314846416382252559,9376,24,171720.00,9294,99.13,0.65,0.10
31-December-2020,18.40,19.20,17.90,18.10,18.611953612845673505,4484,31,83456.00,4384,97.77,1.30,-0.30
30-December-2020,18.40,19.00,15.25,17.50,17.533158605353029942,12591,95,220760.00,10102,80.23,3.75,-0.90
29-December-2020,18.95,18.95,18.20,18.70,18.449438202247191011,1513,9,27914.00,1512,99.93,0.75,-0.25
28-December-2020,17.95,20.55,16.60,18.00,17.341480948957584471,1391,22,24122.00,1265,90.94,3.95,0.05
24-December-2020,20.85,20.85,18.00,18.00,18.238841405508072174,2106,20,38411.00,2075,98.53,2.85,-2.85
23-December-2020,19.00,19.00,17.60,18.40,18.185433235663457513,2389,22,43445.00,2285,95.65,1.40,-0.60
22-December-2020,17.05,19.00,17.05,19.00,17.841698841698841698,518,23,9242.00,287,55.41,1.95,1.95
21-December-2020,21.60,21.60,17.15,18.00,19.082378062485951899,8898,46,169795.00,8000,89.91,4.45,-3.60
18-December-2020,19.75,20.25,18.25,19.70,19.698398169336384439,8740,42,172164.00,8189,93.70,2.00,-0.05
17-December-2020,19.20,20.30,19.20,20.10,19.727502102607232968,1189,18,23456.00,664,55.85,1.10,0.90
16-December-2020,18.80,21.50,17.05,20.15,20.410400562192550948,5692,71,116176.00,4665,81.96,4.45,1.35
15-December-2020,18.80,20.45,18.00,19.40,19.893692210872827612,20657,82,410944.00,20312,98.33,2.45,0.60
14-December-2020,18.35,20.35,18.25,18.45,19.316958453096420172,3827,31,73926.00,2598,67.89,2.10,0.10
11-December-2020,19.00,20.00,18.00,18.10,18.172520370890699634,3559,31,64676.00,2849,80.05,2.00,-0.90
10-December-2020,19.75,20.00,16.60,18.60,19.392510715091360252,4433,57,85967.00,2623,59.17,3.40,-1.15
9-December-2020,19.70,19.70,18.50,18.80,18.586734693877551020,196,18,3643.00,190,96.94,1.20,-0.90
8-December-2020,18.50,19.65,18.15,18.25,18.678283598344587235,4591,41,85752.00,4205,91.59,1.50,-0.25
7-December-2020,17.90,18.70,17.25,18.70,18.170420865441612329,3374,25,61307.00,2666,79.02,1.45,0.80
4-December-2020,18.05,18.05,18.00,18.00,18.000000000000000000,109,2,1962.00,109,100.00,0.05,-0.05
3-December-2020,18.90,18.90,17.55,18.00,17.968810916179337231,2565,21,46090.00,1824,71.11,1.35,-0.90
2-December-2020,18.55,19.80,17.75,18.75,18.765765765765765765,111,8,2083.00,108,97.30,2.05,0.20
1-December-2020,18.50,18.80,17.50,18.25,17.889655172413793103,145,11,2594.00,118,81.38,1.30,-0.25
27-November-2020,16.40,19.90,16.40,18.35,18.533636688079942897,11208,35,207725.00,10703,95.49,3.50,1.95
26-November-2020,17.30,18.60,17.30,18.50,18.150386507378777231,2846,32,51656.00,2526,88.76,1.30,1.20
25-November-2020,17.75,18.70,17.10,17.75,18.172710879583249849,4991,49,90700.00,4499,90.14,1.60,0.00
24-November-2020,16.35,18.15,16.35,16.85,16.951903807615230460,2994,21,50754.00,1909,63.76,1.80,0.50
23-November-2020,16.60,19.00,16.55,17.95,17.623920975349292515,11237,69,198040.00,9739,86.67,2.45,1.35
20-November-2020,17.80,18.35,16.70,17.15,17.568861506866897702,7791,37,136879.00,6790,87.15,1.65,-0.65
19-November-2020,17.00,17.95,16.05,17.50,17.097569866342648845,16460,44,281426.00,14698,89.30,1.90,0.50
18-November-2020,17.30,17.30,16.55,17.00,16.704156479217603911,818,16,13664.00,808,98.78,0.75,-0.30
17-November-2020,14.00,17.10,13.90,16.95,16.724896836313617606,1454,24,24318.00,897,61.69,3.20,2.95
14-November-2020,16.20,17.50,16.00,17.15,16.867388362652232746,739,16,12465.00,598,80.92,1.50,0.95
13-November-2020,16.50,16.65,15.90,16.20,16.317573595004460303,3363,41,54876.00,3323,98.81,0.75,-0.30
12-November-2020,16.40,16.50,15.30,16.15,15.950000000000000000,420,19,6699.00,210,50.00,1.20,-0.25
11-November-2020,16.30,16.30,15.50,16.20,15.752422907488986784,2270,35,35758.00,1500,66.08,0.80,-0.10
10-November-2020,16.35,16.35,16.25,16.35,16.348305084745762711,1180,8,19291.00,1175,99.58,0.10,0.00
9-November-2020,16.45,16.50,15.95,16.10,16.279792746113989637,386,19,6284.00,253,65.54,0.55,-0.35
6-November-2020,16.45,16.45,16.20,16.40,16.409090909090909090,616,23,10108.00,410,66.56,0.25,-0.05
5-November-2020,16.75,16.75,15.90,16.40,16.416666666666666666,48,7,788.00,41,85.42,0.85,-0.35
4-November-2020,16.75,16.75,16.40,16.70,16.560000000000000000,75,9,1242.00,53,70.67,0.35,-0.05
3-November-2020,17.00,17.00,16.45,16.45,16.615384615384615384,26,4,432.00,21,80.77,0.55,-0.55
2-November-2020,16.40,16.50,16.00,16.50,16.419913419913419913,693,12,11379.00,676,97.55,0.50,0.10
30-October-2020,16.50,16.50,15.30,16.10,15.894382022471910112,890,26,14146.00,502,56.40,1.20,-0.40
29-October-2020,16.90,16.90,15.90,16.05,16.014342629482071713,1255,24,20098.00,1200,95.62,1.00,-0.85
28-October-2020,16.85,16.85,16.25,16.60,16.570680628272251308,191,9,3165.00,171,89.53,0.60,-0.25
27-October-2020,17.25,17.45,16.00,16.30,16.895486935866983372,3368,32,56904.00,2824,83.85,1.45,-0.95
26-October-2020,17.25,17.25,15.30,16.50,16.294617563739376770,353,17,5752.00,276,78.19,1.95,-0.75
23-October-2020,17.00,17.40,16.00,17.05,16.397777777777777777,450,27,7379.00,286,63.56,1.40,0.05
22-October-2020,16.60,16.75,16.60,16.75,16.698830409356725146,342,6,5711.00,310,90.64,0.15,0.15
21-October-2020,17.40,17.40,16.00,16.80,16.363231197771587743,1795,30,29372.00,1301,72.48,1.40,-0.60
20-October-2020,15.65,17.80,15.65,16.95,16.272758152173913043,2944,21,47907.00,2735,92.90,2.15,1.30
19-October-2020,17.50,17.85,15.15,17.15,16.129897925584458347,6074,35,97973.00,3923,64.59,2.70,-0.35
16-October-2020,16.85,18.75,16.85,18.25,17.450000000000000000,20,8,349.00,14,70.00,1.90,1.40
15-October-2020,17.00,17.00,16.15,16.90,16.877125193199381761,3882,26,65517.00,3669,94.51,0.85,-0.10
14-October-2020,18.00,18.50,16.10,18.50,17.882491186839012925,851,14,15218.00,819,96.24,2.40,0.50
13-October-2020,18.35,18.35,18.35,18.35,18.342857142857142857,105,2,1926.00,105,100.00,0.00,0.00
12-October-2020,16.05,17.90,16.05,17.20,16.757142857142857142,70,9,1173.00,55,78.57,1.85,1.15
9-October-2020,17.00,17.05,15.00,16.55,15.853486319505736981,1133,25,17962.00,564,49.78,2.05,-0.45
8-October-2020,18.00,18.50,16.00,16.70,16.858299595141700404,494,16,8328.00,488,98.79,2.50,-1.30
7-October-2020,17.45,17.45,16.60,17.30,16.850806451612903225,744,16,12537.00,597,80.24,0.85,-0.15
6-October-2020,18.70,18.70,17.00,17.10,17.251968503937007874,127,12,2191.00,111,87.40,1.70,-1.60
5-October-2020,18.05,18.05,16.80,16.95,17.272923408845738942,927,15,16012.00,828,89.32,1.25,-1.10
1-October-2020,16.40,17.65,16.40,17.65,16.462973933649289099,3376,12,55579.00,3376,100.00,1.25,1.25
30-September-2020,16.50,16.50,15.35,16.50,16.485645933014354066,418,10,6891.00,255,61.00,1.15,0.00
29-September-2020,14.15,17.00,14.15,17.00,16.807817589576547231,2456,16,41280.00,2185,88.97,2.85,2.85
28-September-2020,17.50,17.50,15.70,16.60,16.730769230769230769,26,14,435.00,15,57.69,1.80,-0.90
25-September-2020,15.30,17.80,15.30,17.10,16.952941176470588235,85,13,1441.00,74,87.06,2.50,1.80
24-September-2020,16.55,17.35,16.00,16.85,16.247058823529411764,850,11,13810.00,849,99.88,1.35,0.30
23-September-2020,17.60,18.15,16.25,16.80,17.108683151236342725,1739,20,29752.00,1684,96.84,1.90,-0.80
22-September-2020,16.85,18.00,16.85,17.55,17.400596421471172962,3018,7,52515.00,3018,100.00,1.15,0.70
21-September-2020,18.25,18.85,16.55,17.20,17.737931034482758620,725,48,12860.00,524,72.28,2.30,-1.05
18-September-2020,17.65,19.55,17.00,18.65,19.114361458999908583,10939,69,209092.00,5972,54.59,2.55,1.00
17-September-2020,17.30,17.70,17.00,17.60,17.231197771587743732,359,17,6186.00,354,98.61,0.70,0.30
16-September-2020,16.40,19.10,16.05,18.10,17.820008371703641691,2389,34,42572.00,2054,85.98,3.05,1.70
15-September-2020,16.25,17.40,16.05,16.70,16.267950963222416812,1142,24,18578.00,727,63.66,1.35,0.45
14-September-2020,16.00,17.10,16.00,16.45,16.317313915857605177,6180,46,100841.00,5181,83.83,1.10,0.45
11-September-2020,18.10,18.10,17.80,18.00,17.971922246220302375,463,8,8321.00,463,100.00,0.30,-0.10
10-September-2020,18.95,18.95,17.65,17.70,17.706333973128598848,521,6,9225.00,511,98.08,1.30,-1.25
9-September-2020,15.75,19.00,15.75,17.50,17.365168539325842696,178,21,3091.00,157,88.20,3.25,1.75
8-September-2020,15.70,20.40,15.70,18.00,18.263613861386138613,4040,26,73785.00,2522,62.43,4.70,2.30
7-September-2020,19.60,19.60,16.00,19.00,18.029247540547726668,3761,26,67808.00,3615,96.12,3.60,-0.60
4-September-2020,18.40,19.70,17.00,18.45,18.683002098506357239,8101,40,151351.00,6646,82.04,2.70,0.05
3-September-2020,19.85,19.85,17.10,18.80,18.395182536695521264,2657,25,48876.00,784,29.51,2.75,-1.05
2-September-2020,17.00,19.30,17.00,18.80,18.578016910069177555,2602,42,48340.00,1246,47.89,2.30,1.80
1-September-2020,17.00,18.00,16.75,16.75,16.905186837702175125,1793,10,30311.00,1793,100.00,1.25,-0.25
31-August-2020,17.99,20.00,16.00,17.40,17.840658151114959948,4619,34,82406.00,3817,82.64,4.00,-0.59
28-August-2020,19.00,19.62,18.01,18.10,18.788968824940047961,5004,41,94020.00,4691,93.74,1.61,-0.90
27-August-2020,20.45,20.45,17.80,18.21,18.609977324263038548,3969,50,73863.00,2559,64.47,2.65,-2.24
26-August-2020,18.20,19.85,16.10,17.80,17.567989214175654853,10384,39,182426.00,9304,89.60,3.75,-0.40
25-August-2020,15.80,18.00,15.80,17.06,17.270344074276351720,5493,65,94866.00,4389,79.90,2.20,1.26
24-August-2020,16.48,16.48,15.50,15.80,16.212655951444307069,8897,26,144244.00,8884,99.85,0.98,-0.68
21-August-2020,15.99,15.99,14.75,15.43,15.361858190709046454,409,18,6283.00,278,67.97,1.24,-0.56
20-August-2020,17.34,17.34,14.61,15.23,15.083710407239819004,6188,44,93338.00,6052,97.80,2.73,-2.11
19-August-2020,16.99,16.99,15.04,15.17,15.189320388349514563,206,11,3129.00,198,96.12,1.95,-1.82
18-August-2020,15.70,15.97,15.70,15.97,15.703557312252964426,506,8,7946.00,506,100.00,0.27,0.27
17-August-2020,15.94,15.94,15.01,15.71,15.695945945945945945,148,10,2323.00,105,70.95,0.93,-0.23
14-August-2020,16.00,16.00,15.24,15.80,15.783987915407854984,662,12,10449.00,526,79.46,0.76,-0.20
13-August-2020,15.11,16.54,15.11,15.59,15.377281947261663286,493,12,7581.00,458,92.90,1.43,0.48
12-August-2020,17.98,17.98,15.13,15.26,15.722352941176470588,850,30,13364.00,605,71.18,2.85,-2.72
11-August-2020,15.56,16.09,15.00,15.09,15.447872142724400669,5381,31,83125.00,5325,98.96,1.09,-0.47
10-August-2020,16.00,17.90,14.60,16.10,16.330416207276736493,14512,68,236987.00,11453,78.92,3.30,0.10
7-August-2020,13.00,15.48,12.70,14.99,14.570547417116422513,10376,49,151184.00,9561,92.15,2.78,1.99
6-August-2020,13.02,14.52,13.02,13.74,13.234323432343234323,303,18,4010.00,252,83.17,1.50,0.72
4-August-2020,13.21,13.50,12.75,13.45,13.174071082390953150,2476,34,32619.00,1480,59.77,0.75,0.24
3-August-2020,13.17,13.93,13.17,13.93,13.186274509803921568,204,2,2690.00,199,97.55,0.76,0.76
31-July-2020,14.00,14.00,13.30,13.67,13.702535211267605633,1775,49,24322.00,1633,92.00,0.70,-0.33
30-July-2020,13.79,13.79,13.74,13.74,13.500000000000000000,2,2,27.00,1,50.00,0.05,-0.05
29-July-2020,13.70,13.79,13.00,13.54,13.400940930475692629,1913,33,25636.00,1557,81.39,0.79,-0.16
28-July-2020,13.80,13.80,13.06,13.48,13.748207391064533921,3626,13,49851.00,3580,98.73,0.74,-0.32
27-July-2020,13.70,13.70,13.50,13.60,13.513464991023339317,1114,10,15054.00,1002,89.95,0.20,-0.10
24-July-2020,13.71,13.87,13.71,13.86,13.666666666666666666,3,3,41.00,1,33.33,0.16,0.15
23-July-2020,13.80,13.80,13.50,13.51,13.544314153258794655,3667,32,49667.00,3455,94.22,0.30,-0.29
22-July-2020,14.39,14.39,13.60,13.86,13.738344051446945337,2488,27,34181.00,1605,64.51,0.79,-0.53
21-July-2020,14.19,14.19,13.81,14.05,13.893244370308590492,1199,19,16658.00,1071,89.32,0.38,-0.14
20-July-2020,13.50,14.30,13.50,13.80,13.889312977099236641,786,19,10917.00,474,60.31,0.80,0.30
17-July-2020,14.02,14.15,13.50,13.81,13.837026332691072575,6228,55,86177.00,4616,74.12,0.65,-0.21
16-July-2020,15.36,15.69,13.50,14.00,13.757921419518377693,3156,65,43420.00,2444,77.44,2.19,-1.36
15-July-2020,15.50,15.50,14.20,14.45,14.416666666666666666,144,19,2076.00,125,86.81,1.30,-1.05
14-July-2020,15.22,15.31,15.00,15.00,15.202898550724637681,276,8,4196.00,271,98.19,0.31,-0.22
13-July-2020,15.94,15.94,13.85,14.50,14.276999175597691673,2426,28,34636.00,2172,89.53,2.09,-1.44
10-July-2020,15.10,15.10,14.06,14.50,14.284902981542830099,2113,52,30184.00,1797,85.04,1.04,-0.60
9-July-2020,15.05,15.39,14.07,14.56,14.435651171724932769,2603,36,37576.00,2255,86.63,1.32,-0.49
8-July-2020,14.50,15.35,14.25,14.51,14.731166912850812407,5416,31,79784.00,2643,48.80,1.10,0.01
7-July-2020,13.54,14.50,13.54,14.40,14.098032326071679550,2846,52,40123.00,2469,86.75,0.96,0.86
6-July-2020,14.07,15.47,13.55,14.38,14.224962999506660088,2027,58,28834.00,1604,79.13,1.92,0.31
3-July-2020,14.39,14.99,13.99,14.07,14.319948186528497409,2316,34,33165.00,2238,96.63,1.00,-0.32
2-July-2020,14.75,14.75,13.75,14.31,14.115384615384615384,182,32,2569.00,169,92.86,1.00,-0.44
1-July-2020,14.60,14.60,13.52,14.16,14.029993024877935363,8602,59,120686.00,6054,70.38,1.08,-0.44
30-June-2020,13.62,14.39,13.62,13.90,13.863687150837988826,1790,22,24816.00,1083,60.50,0.77,0.28
29-June-2020,14.50,14.99,14.16,14.40,14.214285714285714285,252,19,3582.00,227,90.08,0.83,-0.10
26-June-2020,14.42,14.85,14.00,14.64,14.356435643564356435,3434,23,49300.00,2674,77.87,0.85,0.22
25-June-2020,14.75,14.99,14.01,14.42,14.533450704225352112,1136,17,16510.00,1001,88.12,0.98,-0.33
24-June-2020,13.11,14.21,13.11,14.04,13.803212851405622489,498,13,6874.00,347,69.68,1.10,0.93
23-June-2020,14.00,14.48,13.70,14.00,14.014372163388804841,1322,16,18527.00,1179,89.18,0.78,0.00
22-June-2020,13.50,14.70,13.50,13.94,13.850987224157955865,8610,64,119257.00,5755,66.84,1.20,0.44
19-June-2020,14.39,14.93,13.54,14.00,13.829097839898348157,1574,11,21767.00,1149,73.00,1.39,-0.39
18-June-2020,13.75,14.46,13.55,13.75,13.957689724647414372,1489,17,20783.00,1489,100.00,0.91,0.00
17-June-2020,14.00,14.05,13.71,13.77,13.973076923076923076,520,17,7266.00,520,100.00,0.34,-0.23
16-June-2020,14.45,14.50,13.50,13.59,14.165790626368812965,4566,34,64681.00,3331,72.95,1.00,-0.86
15-June-2020,15.00,15.00,13.10,13.75,13.537133182844243792,8860,41,119939.00,7105,80.19,1.90,-1.25
12-June-2020,13.70,14.20,13.30,14.19,13.922841530054644808,4575,33,63697.00,4040,88.31,0.90,0.49
11-June-2020,14.48,14.48,13.20,13.69,13.755734655920644761,1613,29,22188.00,1511,93.68,1.28,-0.79
10-June-2020,13.99,13.99,13.20,13.73,13.503164556962025316,632,24,8534.00,531,84.02,0.79,-0.26
9-June-2020,14.19,14.19,13.47,13.66,13.778280542986425339,1326,28,18270.00,1216,91.70,0.72,-0.53
8-June-2020,16.00,16.00,14.02,14.16,14.275926794931956827,8524,27,121688.00,8408,98.64,1.98,-1.84
5-June-2020,14.55,15.00,13.21,14.57,13.927052785923753665,5456,52,75986.00,3331,61.05,1.79,0.02
4-June-2020,13.00,15.00,13.00,14.56,13.872078088877472386,3893,35,54004.00,3335,85.67,2.00,1.56
3-June-2020,14.20,14.20,13.51,14.10,13.941317365269461077,835,14,11641.00,520,62.28,0.69,-0.10
2-June-2020,15.00,15.00,13.70,14.38,14.151960784313725490,204,20,2887.00,150,73.53,1.30,-0.62
1-June-2020,15.60,15.60,12.57,14.52,13.592191727870119829,2587,41,35163.00,1451,56.09,3.03,-1.08
29-May-2020,12.85,14.30,12.85,14.06,13.581433224755700325,1228,26,16678.00,1087,88.52,1.45,1.21
28-May-2020,12.20,13.18,12.00,12.95,12.743718592964824120,4577,37,58328.00,4334,94.69,1.18,0.75
27-May-2020,12.20,12.90,11.45,12.41,11.987176652664160955,4523,79,54218.00,2387,52.77,1.45,0.21
26-May-2020,11.93,12.20,11.70,11.72,11.771268656716417910,2680,14,31547.00,2650,98.88,0.50,-0.21
22-May-2020,12.00,12.48,11.05,11.93,11.577981651376146788,109,9,1262.00,107,98.17,1.43,-0.07
21-May-2020,10.70,12.49,10.21,11.93,11.660516605166051660,271,21,3160.00,166,61.25,2.28,1.23
20-May-2020,12.20,12.20,11.06,11.84,11.875324675324675324,770,24,9144.00,461,59.87,1.14,-0.36
19-May-2020,11.78,12.00,11.50,11.83,11.857142857142857142,7,5,83.00,5,71.43,0.50,0.05
18-May-2020,11.99,12.49,11.50,11.78,11.936842105263157894,95,10,1134.00,38,40.00,0.99,-0.21
15-May-2020,12.00,12.00,11.55,11.90,11.923287671232876712,365,15,4352.00,201,55.07,0.45,-0.10
14-May-2020,12.00,12.00,11.00,11.17,11.175480769230769230,416,26,4649.00,201,48.32,1.00,-0.83
13-May-2020,11.22,11.90,11.15,11.67,11.592592592592592592,216,14,2504.00,195,90.28,0.75,0.45
12-May-2020,11.25,11.74,11.20,11.22,11.226804123711340206,97,10,1089.00,97,100.00,0.54,-0.03
11-May-2020,10.50,12.19,10.50,11.18,11.330127104087942287,2911,18,32982.00,2847,97.80,1.69,0.68
8-May-2020,11.00,12.40,11.00,11.08,11.411324786324786324,936,46,10681.00,602,64.32,1.40,0.08
7-May-2020,11.40,11.99,10.90,11.09,11.087719298245614035,57,9,632.00,25,43.86,1.09,-0.31
6-May-2020,11.00,11.40,10.78,11.00,11.001628001628001628,2457,16,27031.00,2447,99.59,0.62,0.00
5-May-2020,11.00,11.00,10.60,10.78,10.963302752293577981,436,16,4780.00,354,81.19,0.40,-0.22
4-May-2020,10.85,10.99,10.56,10.94,10.834057341442224152,1151,19,12470.00,816,70.89,0.43,0.09
30-April-2020,10.75,11.19,10.70,10.85,10.811320754716981132,1007,16,10887.00,501,49.75,0.49,0.10
29-April-2020,11.00,11.37,10.71,11.04,11.006365740740740740,1728,26,19019.00,1654,95.72,0.66,0.04
28-April-2020,11.00,11.30,10.61,11.00,10.952301255230125523,3585,32,39264.00,3153,87.95,0.69,0.00
27-April-2020,11.00,11.39,10.52,10.96,10.924886191198786039,6590,36,71995.00,6281,95.31,0.87,-0.04
24-April-2020,11.10,11.20,11.00,11.02,11.024390243902439024,246,13,2712.00,234,95.12,0.20,-0.08
23-April-2020,11.00,11.49,10.90,11.35,11.107717041800643086,622,17,6909.00,616,99.04,0.59,0.35
22-April-2020,10.50,11.25,10.10,11.12,10.746794871794871794,312,19,3353.00,170,54.49,1.15,0.62
21-April-2020,11.40,11.40,10.00,10.75,10.893617021276595744,282,19,3072.00,221,78.37,1.40,-0.65
20-April-2020,11.50,11.50,10.59,10.99,11.058190896869598617,5207,48,57580.00,5095,97.85,0.91,-0.51
17-April-2020,11.15,11.68,10.40,10.90,10.746538871139510117,5634,38,60546.00,2856,50.69,1.28,-0.25
16-April-2020,11.45,11.78,10.53,10.54,11.062761506276150627,239,14,2644.00,211,88.28,1.25,-0.91
15-April-2020,11.00,11.00,11.00,11.00,11.000000000000000000,10,4,110.00,10,100.00,0.00,0.00
13-April-2020,11.80,11.80,10.70,10.99,11.064516129032258064,155,15,1715.00,145,93.55,1.10,-0.81
9-April-2020,10.95,12.00,10.80,11.66,11.237226277372262773,548,45,6158.00,342,62.41,1.20,0.71
8-April-2020,11.00,12.14,10.30,10.79,10.733026467203682393,869,39,9327.00,615,70.77,1.84,-0.21
7-April-2020,12.74,12.74,10.02,10.38,10.656375300721732157,2494,23,26577.00,2263,90.74,2.72,-2.36
3-April-2020,10.80,10.90,10.00,10.64,10.037313432835820895,1072,12,10760.00,1040,97.01,0.90,-0.16
1-April-2020,11.00,11.00,9.50,9.71,10.377280265339966832,1206,13,12515.00,861,71.39,1.50,-1.29
31-March-2020,10.25,11.50,10.25,10.90,11.004651162790697674,2580,12,28392.00,2568,99.53,1.25,0.65
30-March-2020,8.10,12.00,8.10,10.70,10.352730985196528841,3918,34,40562.00,2083,53.16,3.90,2.60
27-March-2020,11.00,11.00,9.10,10.00,10.029891304347826086,2944,14,29528.00,2938,99.80,1.90,-1.00
26-March-2020,11.45,11.45,9.05,10.85,9.833449477351916376,1435,21,14111.00,1091,76.03,2.40,-0.60
25-March-2020,9.70,10.50,9.70,10.50,10.284753363228699551,892,13,9174.00,890,99.78,0.80,0.80
24-March-2020,8.05,10.50,8.05,10.00,9.357236554438128552,2287,18,21400.00,1581,69.13,2.45,1.95
23-March-2020,12.30,12.30,8.35,10.00,10.054249547920433996,553,23,5560.00,282,50.99,3.95,-2.30
20-March-2020,11.00,11.50,10.00,10.25,10.685239567233384853,12940,36,138267.00,11613,89.74,1.50,-0.75
19-March-2020,11.90,11.90,10.50,10.55,10.571290009699321047,2062,13,21798.00,2052,99.52,1.40,-1.35
18-March-2020,12.80,12.80,10.30,10.95,11.298734177215189873,395,24,4463.00,211,53.42,2.50,-1.85
17-March-2020,12.00,12.00,10.80,11.25,11.162486218302094818,7256,19,80995.00,7148,98.51,1.20,-0.75
16-March-2020,12.75,12.75,11.00,12.05,12.068750000000000000,160,17,1931.00,103,64.38,1.75,-0.70
13-March-2020,9.50,13.70,9.50,12.10,12.390593862096452770,2509,37,31088.00,2070,82.50,4.20,2.60
12-March-2020,12.50,12.50,11.15,11.65,11.731030873888016745,1911,28,22418.00,1339,70.07,1.35,-0.85
11-March-2020,13.00,13.70,12.80,13.50,12.860144927536231884,1380,16,17747.00,1345,97.46,0.90,0.50
9-March-2020,13.00,14.35,12.00,12.80,12.664994984954864593,997,39,12627.00,601,60.28,2.35,-0.20
6-March-2020,12.95,13.50,12.95,13.50,13.044585987261146496,157,4,2048.00,157,100.00,0.55,0.55
5-March-2020,14.00,14.00,13.35,13.35,13.542834051724137931,3712,20,50271.00,3147,84.78,0.65,-0.65
4-March-2020,13.95,14.60,13.45,13.70,13.683297180043383947,461,11,6308.00,396,85.90,1.15,-0.25
3-March-2020,15.20,15.25,12.50,14.20,13.306732320230919432,11779,58,156740.00,7603,64.55,2.75,-1.00
2-March-2020,15.10,15.50,14.95,15.05,15.114490161001788908,1677,24,25347.00,1560,93.02,0.55,-0.05
28-February-2020,15.15,15.95,15.15,15.75,15.185228604923798358,853,10,12953.00,851,99.77,0.80,0.60
27-February-2020,15.25,16.00,15.10,15.75,15.613126557740238161,3611,35,56379.00,2880,79.76,0.90,0.50
26-February-2020,15.90,15.90,15.00,15.75,15.264289203712750366,2047,11,31246.00,1334,65.17,0.90,-0.15
25-February-2020,15.20,15.50,15.20,15.50,15.498150431565967940,811,6,12569.00,801,98.77,0.30,0.30
24-February-2020,15.00,15.80,15.00,15.20,15.299651567944250871,2009,10,30737.00,2008,99.95,0.80,0.20
20-February-2020,15.80,17.10,14.70,15.50,15.543417366946778711,2856,23,44392.00,2000,70.03,2.40,-0.30
19-February-2020,17.20,17.20,15.30,16.15,16.456286685202347852,3237,23,53269.00,3136,96.88,1.90,-1.05
18-February-2020,14.65,16.35,14.65,15.80,15.254766031195840554,577,21,8802.00,330,57.19,1.70,1.15
17-February-2020,17.20,17.20,15.25,15.30,15.473282442748091603,131,11,2027.00,120,91.60,1.95,-1.90
14-February-2020,16.00,17.80,16.00,16.15,16.119143239625167336,747,14,12041.00,539,72.16,1.80,0.15
13-February-2020,17.30,17.95,15.30,16.95,16.715465010602847621,13204,72,220711.00,11074,83.87,2.65,-0.35
12-February-2020,20.35,20.35,15.70,17.90,17.787163100861350375,17995,79,320080.00,17438,96.90,4.65,-2.45
11-February-2020,16.60,17.35,15.50,17.00,15.583333333333333333,216,17,3366.00,210,97.22,1.85,0.40
10-February-2020,17.50,18.25,14.80,15.65,14.940770160594025211,5791,42,86522.00,5165,89.19,3.45,-1.85
7-February-2020,16.70,18.45,14.10,16.55,15.974173553719008264,1936,42,30926.00,1701,87.86,4.35,-0.15
6-February-2020,13.20,18.70,13.20,16.70,14.775884665792922673,763,21,11274.00,404,52.95,5.50,3.50
5-February-2020,15.55,17.05,15.55,16.25,16.328427575522850503,3873,66,63240.00,3454,89.18,1.50,0.70
4-February-2020,19.00,19.00,14.55,15.70,15.857382409658757441,11927,146,189131.00,9758,81.81,4.45,-3.30
3-February-2020,19.50,19.50,16.00,16.35,16.416601101494885916,5084,93,83462.00,4239,83.38,3.50,-3.15
1-February-2020,18.50,18.50,16.50,17.10,16.934655479277904907,3933,85,66604.00,2878,73.18,2.00,-1.40
31-January-2020,17.30,17.90,16.25,16.75,16.654612461130945525,8683,57,144612.00,8080,93.06,1.65,-0.55
30-January-2020,17.50,17.50,16.25,17.00,17.272761333832896215,2669,23,46101.00,2654,99.44,1.25,-0.50
29-January-2020,17.25,17.25,17.10,17.10,17.130000000000000000,500,3,8565.00,500,100.00,0.15,-0.15
28-January-2020,18.00,18.00,17.15,17.25,17.484521575984990619,2132,19,37277.00,1345,63.09,0.85,-0.75
27-January-2020,17.05,18.00,17.05,17.85,17.694817658349328214,8857,22,156723.00,6845,77.28,0.95,0.80
24-January-2020,18.50,18.50,17.25,17.90,17.907752956636005256,3805,17,68139.00,3699,97.21,1.25,-0.60
23-January-2020,18.70,18.70,16.80,16.95,18.006329113924050632,316,11,5690.00,158,50.00,1.90,-1.75
22-January-2020,17.10,18.90,16.80,18.10,17.891210374639769452,2776,27,49666.00,2703,97.37,2.10,1.00
21-January-2020,17.00,18.40,17.00,18.30,17.839895988112927191,2692,24,48025.00,2680,99.55,1.40,1.30
20-January-2020,17.55,17.75,17.00,17.15,17.416666666666666666,12,4,209.00,6,50.00,0.75,-0.40
17-January-2020,18.90,18.90,16.95,18.00,17.646538782318598832,5995,29,105791.00,4925,82.15,1.95,-0.90
16-January-2020,17.10,17.70,16.50,17.55,16.600000000000000000,1070,22,17762.00,1006,94.02,1.20,0.45
15-January-2020,16.60,17.65,16.45,16.95,16.640000000000000000,75,16,1248.00,67,89.33,1.20,0.35
14-January-2020,17.05,17.20,16.40,16.60,16.542152803914188934,5314,21,87905.00,5285,99.45,0.80,-0.45
13-January-2020,17.15,17.30,16.15,17.05,17.033281932665124646,7782,20,132553.00,7762,99.74,1.15,-0.10
10-January-2020,16.75,17.25,15.90,17.00,16.864473215346240646,8419,52,141982.00,5916,70.27,1.35,0.25
9-January-2020,17.00,17.00,16.00,16.70,16.275167785234899328,149,7,2425.00,100,67.11,1.00,-0.30
8-January-2020,16.10,16.50,15.60,15.90,15.682866556836902800,1214,14,19039.00,1210,99.67,0.90,-0.20
7-January-2020,17.40,17.40,16.05,16.10,16.075961538461538461,1040,18,16719.00,1033,99.33,1.35,-1.30
6-January-2020,16.00,16.70,15.85,16.15,16.001798561151079136,556,6,8897.00,553,99.46,0.85,0.15
3-January-2020,16.25,16.85,16.00,16.00,16.196304849884526558,433,16,7013.00,426,98.38,0.85,-0.25
2-January-2020,17.00,17.00,15.55,16.75,16.562645011600928074,862,5,14277.00,862,100.00,1.45,-0.25
1-January-2020,15.60,16.60,15.15,16.00,16.355219476208041313,2711,23,44339.00,2436,89.86,1.45,0.40
31-December-2019,17.25,17.40,14.70,15.55,15.901430228063393892,2587,30,41137.00,2050,79.24,2.70,-1.70
30-December-2019,16.50,17.20,15.00,16.75,16.427855711422845691,1996,27,32790.00,1906,95.49,2.20,0.25
27-December-2019,16.75,16.75,16.75,16.75,16.749849849849849849,3330,4,55777.00,3330,100.00,0.00,0.00
26-December-2019,17.40,17.40,16.00,16.40,16.537700534759358288,3740,20,61851.00,2945,78.74,1.40,-1.00
24-December-2019,14.60,16.75,14.60,16.40,16.030331398614491668,5341,32,85618.00,5056,94.66,2.15,1.80
23-December-2019,16.15,16.20,15.75,16.20,16.021668472372697724,923,6,14788.00,922,99.89,0.45,0.05
20-December-2019,16.05,16.20,15.10,16.15,15.978359335681932561,9935,33,158745.00,7528,75.77,1.10,0.10
19-December-2019,17.20,17.20,14.55,15.80,15.590993673241533308,2687,27,41893.00,2046,76.14,2.65,-1.40
18-December-2019,15.15,15.90,15.15,15.80,15.296437054631828978,2105,11,32199.00,2104,99.95,0.75,0.65
17-December-2019,15.90,15.90,15.00,15.30,15.044247787610619469,113,11,1700.00,106,93.81,0.90,-0.60
16-December-2019,15.00,15.90,15.00,15.10,15.099696048632218844,1645,20,24839.00,1458,88.63,0.90,0.10
13-December-2019,15.75,15.95,14.90,15.35,15.555421686746987951,830,11,12911.00,821,98.92,1.05,-0.40
12-December-2019,14.60,15.60,14.60,15.50,15.263414634146341463,410,6,6258.00,350,85.37,1.00,0.90
11-December-2019,16.00,16.40,14.85,15.75,15.722222222222222222,54,10,849.00,21,38.89,1.55,-0.25
10-December-2019,15.05,16.55,15.05,16.55,15.750000000000000000,8,7,126.00,4,50.00,1.50,1.50
6-December-2019,15.00,16.30,15.00,15.95,15.003623188405797101,552,4,8282.00,551,99.82,1.30,0.95
5-December-2019,15.50,16.60,14.75,16.35,15.829131652661064425,4998,26,79114.00,3105,62.12,1.85,0.85
4-December-2019,14.05,16.60,14.05,15.60,15.577039274924471299,331,12,5156.00,324,97.89,2.55,1.55
3-December-2019,18.45,18.45,14.90,15.95,15.865633074935400516,774,17,12280.00,679,87.73,3.55,-2.50
2-December-2019,14.65,16.40,14.65,15.50,15.555555555555555555,108,13,1680.00,100,92.59,1.75,0.85
29-November-2019,15.80,18.45,15.21,16.47,16.092075892857142857,3584,44,57674.00,2230,62.22,3.24,0.67
28-November-2019,16.00,16.60,15.55,16.48,16.470878578479763079,1013,22,16685.00,972,95.95,1.05,0.48
27-November-2019,15.01,15.80,15.00,15.80,15.055879899916597164,1199,16,18052.00,1160,96.75,0.80,0.79
25-November-2019,15.75,16.50,14.05,16.00,15.885206321334503950,4556,33,72373.00,4090,89.77,2.45,0.25
22-November-2019,16.00,16.00,16.00,16.00,16.000000000000000000,550,1,8800.00,550,100.00,0.00,0.00
21-November-2019,15.00,16.30,15.00,15.96,15.979865191842378154,11572,33,184919.00,9902,85.57,1.30,0.96
20-November-2019,16.00,16.00,15.85,15.99,15.950000000000000000,20,3,319.00,10,50.00,0.15,-0.01
19-November-2019,14.11,15.99,14.11,15.94,15.467873831775700934,1712,13,26481.00,892,52.10,1.88,1.83
18-November-2019,14.01,16.05,14.01,16.04,15.109097328468871366,8497,24,128382.00,7224,85.02,2.04,2.03
15-November-2019,15.00,15.95,15.00,15.94,15.619718309859154929,5041,22,78739.00,4160,82.52,0.95,0.94
14-November-2019,15.84,15.84,15.50,15.65,15.721527777777777777,1440,6,22639.00,1440,100.00,0.34,-0.19
13-November-2019,15.96,16.05,15.00,15.85,15.524510932105868814,4345,29,67454.00,3143,72.34,1.05,-0.11
11-November-2019,15.00,15.97,15.00,15.64,15.490762124711316397,866,10,13415.00,794,91.69,0.97,0.64
8-November-2019,15.00,15.79,15.00,15.03,15.051612903225806451,1550,12,23330.00,1025,66.13,0.79,0.03
7-November-2019,15.79,15.79,15.00,15.65,15.641534391534391534,1512,9,23650.00,1512,100.00,0.79,-0.14
6-November-2019,15.00,15.67,13.62,15.12,14.506403940886699507,1015,24,14724.00,400,39.41,2.05,0.12
5-November-2019,15.50,15.75,15.00,15.67,15.056197478991596638,1904,14,28667.00,1903,99.95,0.75,0.17
4-November-2019,15.00,15.79,15.00,15.31,15.197316852577630388,13268,31,201638.00,12793,96.42,0.79,0.31
1-November-2019,15.25,15.75,14.81,15.70,15.314950980392156862,1632,22,24994.00,1342,82.23,0.94,0.45
31-October-2019,15.50,15.60,15.00,15.00,15.368073878627968337,758,7,11649.00,746,98.42,0.60,-0.50
30-October-2019,15.95,15.95,14.85,15.40,15.299007444168734491,806,11,12331.00,550,68.24,1.10,-0.55
29-October-2019,14.25,15.85,14.10,15.60,14.663542857142857142,4375,25,64153.00,3363,76.87,1.75,1.35
27-October-2019,16.00,16.00,16.00,16.00,16.000000000000000000,100,1,1600.00,100,100.00,0.00,0.00
25-October-2019,14.50,14.50,14.50,14.50,14.500000000000000000,1292,3,18734.00,1292,100.00,0.00,0.00
24-October-2019,14.20,14.85,14.00,14.70,14.420630946419629444,1997,10,28798.00,1679,84.08,0.85,0.50
23-October-2019,15.35,15.35,14.35,14.55,14.651325478645066273,8148,20,119379.00,7180,88.12,1.00,-0.80
22-October-2019,15.25,16.10,14.50,14.55,14.859151834761590859,4551,31,67624.00,4391,96.48,1.60,-0.70
18-October-2019,15.00,15.95,14.95,15.10,15.001818181818181818,2750,19,41255.00,2728,99.20,1.00,0.10
17-October-2019,14.25,14.50,14.00,14.00,14.033772652388797364,2428,18,34074.00,2187,90.07,0.50,-0.25
16-October-2019,14.70,14.70,14.25,14.25,14.346294046172539489,3292,11,47228.00,3292,100.00,0.45,-0.45
15-October-2019,14.85,14.85,14.25,14.25,14.256594724220623501,417,4,5945.00,417,100.00,0.60,-0.60
14-October-2019,14.70,15.00,14.25,14.30,14.584533333333333333,3750,21,54692.00,2237,59.65,0.75,-0.40
11-October-2019,13.95,14.95,13.95,14.60,14.242222698991632696,4661,9,66383.00,4583,98.33,1.00,0.65
10-October-2019,15.80,15.80,14.25,14.25,14.530209185462194694,8557,21,124335.00,7855,91.80,1.55,-1.55
9-October-2019,14.60,15.40,14.25,15.15,14.840893176690266863,12853,23,190750.00,12816,99.71,1.15,0.55
7-October-2019,15.00,15.00,14.25,14.50,14.309027777777777777,2304,14,32968.00,2294,99.57,0.75,-0.50
4-October-2019,14.85,14.85,14.75,14.75,14.751248751248751248,1001,5,14766.00,1001,100.00,0.10,-0.10
3-October-2019,14.00,14.75,14.00,14.75,14.414400000000000000,1250,8,18018.00,514,41.12,0.75,0.75
1-October-2019,15.20,15.20,14.50,14.70,14.784632853898561695,2642,22,39061.00,2392,90.54,0.70,-0.50
30-September-2019,14.60,16.35,14.25,15.90,14.452959960697617293,4071,15,58838.00,3496,85.88,2.10,1.30
27-September-2019,15.80,15.80,15.05,15.05,15.319086219602063375,1357,11,20788.00,1356,99.93,0.75,-0.75
26-September-2019,15.60,16.00,14.55,15.35,15.261337209302325581,6880,52,104998.00,5725,83.21,1.45,-0.25
25-September-2019,16.30,16.80,14.50,15.30,15.352772466539196940,4184,49,64236.00,2795,66.80,2.30,-1.00
24-September-2019,15.25,16.30,15.15,16.30,15.312217194570135746,2210,13,33840.00,2170,98.19,1.15,1.05
23-September-2019,16.00,16.00,15.25,15.25,15.254917703733440385,4982,15,76000.00,4154,83.38,0.75,-0.75
20-September-2019,15.95,16.40,15.00,15.50,15.712629852378348824,9145,26,143692.00,8324,91.02,1.40,-0.45
19-September-2019,16.50,16.50,15.10,15.15,16.032482598607888631,862,12,13820.00,832,96.52,1.40,-1.35
18-September-2019,16.55,16.55,15.75,15.75,16.476363636363636363,275,3,4531.00,275,100.00,0.80,-0.80
17-September-2019,15.15,15.65,15.15,15.20,15.204238921001926782,519,11,7891.00,271,52.22,0.50,0.05
16-September-2019,15.05,16.40,14.50,15.30,15.010638297872340425,3102,20,46563.00,2770,89.30,1.90,0.25
13-September-2019,15.35,15.90,15.35,15.60,15.417670682730923694,1245,14,19195.00,1099,88.27,0.55,0.25
12-September-2019,15.10,15.10,15.05,15.05,15.075675675675675675,185,2,2789.00,185,100.00,0.05,-0.05
11-September-2019,15.25,15.25,15.00,15.10,15.014652014652014652,3549,8,53287.00,3545,99.89,0.25,-0.15
9-September-2019,15.25,15.90,15.00,15.25,15.161473087818696883,353,17,5352.00,306,86.69,0.90,0.00
6-September-2019,15.50,16.80,14.55,15.85,15.523415977961432506,1089,29,16905.00,819,75.21,2.25,0.35
5-September-2019,16.00,16.00,14.55,14.95,15.397689768976897689,1212,32,18662.00,1051,86.72,1.45,-1.05
4-September-2019,14.75,16.00,14.75,15.30,15.169249106078665077,839,21,12727.00,475,56.62,1.25,0.55
3-September-2019,15.80,16.00,13.10,15.25,15.585806451612903225,775,14,12079.00,772,99.61,2.90,-0.55
30-August-2019,16.00,16.00,14.50,15.80,15.174927113702623906,2058,14,31230.00,2017,98.01,1.50,-0.20
29-August-2019,15.00,15.00,14.30,14.40,14.540476190476190476,2520,19,36642.00,2500,99.21,0.70,-0.60
27-August-2019,14.60,15.20,14.25,14.53,14.495410684867027535,4249,19,61591.00,4249,100.00,0.95,-0.07
26-August-2019,15.77,15.77,13.99,14.49,14.408304498269896193,1445,36,20820.00,878,60.76,1.78,-1.28
23-August-2019,13.15,14.49,13.15,14.48,14.060038734667527437,1549,16,21779.00,1449,93.54,1.34,1.33
22-August-2019,14.00,14.90,13.60,13.90,14.127918781725888324,1970,33,27832.00,1695,86.04,1.30,-0.10
21-August-2019,14.75,14.88,13.70,14.14,14.138220120378331900,4652,75,65771.00,3156,67.84,1.18,-0.61
20-August-2019,15.00,16.79,14.70,14.70,14.871316572046499053,3699,19,55009.00,3429,92.70,2.09,-0.30
19-August-2019,15.69,15.70,13.18,14.70,13.839855072463768115,2760,23,38198.00,2271,82.28,2.52,-0.99
16-August-2019,14.80,15.64,14.50,14.51,14.637113402061855670,970,13,14198.00,650,67.01,1.14,-0.29
14-August-2019,16.00,16.00,15.69,15.70,15.706781279847182425,1047,4,16445.00,1047,100.00,0.31,-0.30
13-August-2019,15.50,15.80,14.75,15.80,15.190053285968028419,1126,10,17104.00,1107,98.31,1.05,0.30
9-August-2019,14.50,15.75,14.50,14.80,15.009069767441860465,4300,18,64539.00,4157,96.67,1.25,0.30
8-August-2019,15.02,15.40,14.75,15.00,14.999177631578947368,1216,8,18239.00,1216,100.00,0.65,-0.02
7-August-2019,14.99,15.01,14.99,14.99,14.998057498057498057,2574,9,38605.00,2374,92.23,0.02,0.00
6-August-2019,14.50,15.00,14.50,14.99,14.750497017892644135,1006,8,14839.00,1005,99.90,0.50,0.49
5-August-2019,14.30,14.50,14.05,14.10,14.322950068712780577,2183,16,31267.00,2183,100.00,0.45,-0.20
2-August-2019,14.30,15.00,13.60,14.95,14.093888699214749061,2929,20,41281.00,2284,77.98,1.40,0.65
1-August-2019,15.00,15.00,14.25,14.25,14.467012929605481268,9049,19,130912.00,9049,100.00,0.75,-0.75
31-July-2019,14.70,15.00,14.00,15.00,14.711664482306684141,763,13,11225.00,736,96.46,1.00,0.30
30-July-2019,14.60,15.00,14.60,14.95,14.640776699029126213,309,6,4524.00,297,96.12,0.40,0.35
29-July-2019,16.90,16.90,14.80,14.90,15.375308641975308641,810,11,12454.00,210,25.93,2.10,-2.00
26-July-2019,14.15,15.50,14.10,14.60,14.480066908279899637,3587,24,51940.00,2808,78.28,1.40,0.45
25-July-2019,14.70,15.40,14.50,15.30,14.879084967320261437,2754,10,40977.00,2754,100.00,0.90,0.60
24-July-2019,15.55,15.55,14.05,15.00,14.978957591453544836,3089,13,46270.00,2906,94.08,1.50,-0.55
23-July-2019,15.70,15.70,15.00,15.05,15.177488059894152575,7747,10,117580.00,7627,98.45,0.70,-0.65
22-July-2019,12.70,16.35,12.70,15.75,14.996027805362462760,1007,17,15101.00,914,90.76,3.65,3.05
19-July-2019,15.00,15.95,15.00,15.10,15.065825242718446601,5150,21,77589.00,3040,59.03,0.95,0.10
18-July-2019,16.45,16.45,15.25,15.50,15.496551724137931034,1015,11,15729.00,1015,100.00,1.20,-0.95
17-July-2019,16.05,16.45,15.50,15.50,15.698239222829386763,1647,12,25855.00,1647,100.00,0.95,-0.55
16-July-2019,16.00,16.00,15.50,15.75,15.974358974358974358,39,5,623.00,38,97.44,0.50,-0.25
15-July-2019,14.00,17.70,12.30,16.00,15.994741725951128982,3233,26,51711.00,3110,96.20,5.40,2.00
12-July-2019,15.90,15.90,15.25,15.25,15.271880819366852886,3222,26,49206.00,1551,48.14,0.65,-0.65
11-July-2019,16.45,16.45,15.50,15.50,15.503969754253308128,10580,21,164032.00,10530,99.53,0.95,-0.95
10-July-2019,15.25,16.40,15.20,15.30,15.391884797119927998,13333,40,205220.00,8973,67.30,1.20,0.05
9-July-2019,16.40,16.40,15.00,15.50,15.592809691285658460,5118,16,79804.00,4616,90.19,1.40,-0.90
8-July-2019,15.95,16.00,15.95,16.00,15.999608763693270735,2556,7,40895.00,2556,100.00,0.05,0.05
5-July-2019,16.00,16.00,16.00,16.00,16.000000000000000000,390,3,6240.00,390,100.00,0.00,0.00
4-July-2019,15.05,16.45,15.05,16.45,15.700000000000000000,10,2,157.00,10,100.00,1.40,1.40
3-July-2019,14.50,16.50,14.50,16.00,15.991990623168587614,5119,6,81863.00,5068,99.00,2.00,1.50
2-July-2019,15.95,15.95,15.95,15.95,15.944444444444444444,90,1,1435.00,90,100.00,0.00,0.00
1-July-2019,16.50,16.50,15.60,15.70,16.498751872191712431,2003,4,33047.00,2001,99.90,0.90,-0.80
28-June-2019,16.90,16.90,16.35,16.50,16.424087342204025929,2931,6,48139.00,2930,99.97,0.55,-0.40
27-June-2019,16.90,16.90,16.00,16.20,16.020595968448729184,2282,6,36559.00,2281,99.96,0.90,-0.70
26-June-2019,16.00,16.00,16.00,16.00,16.000000000000000000,399,2,6384.00,399,100.00,0.00,0.00
25-June-2019,17.10,17.10,16.80,16.80,16.500000000000000000,2,2,33.00,1,50.00,0.30,-0.30
24-June-2019,17.25,17.25,16.50,16.50,17.107407407407407407,1620,5,27714.00,1620,100.00,0.75,-0.75
21-June-2019,15.80,17.10,15.25,15.25,16.123694779116465863,2490,9,40148.00,2488,99.92,1.85,-0.55
20-June-2019,15.40,15.90,15.15,15.90,15.399742101869761444,1551,11,23885.00,1501,96.78,0.75,0.50
19-June-2019,15.30,15.90,15.25,15.40,15.561502830674215131,1943,9,30236.00,1872,96.35,0.65,0.10
18-June-2019,16.95,16.95,16.00,16.00,16.058647117627457514,3001,6,48192.00,3000,99.97,0.95,-0.95
14-June-2019,15.70,16.65,15.70,16.50,16.496709495455969915,3191,8,52641.00,3088,96.77,0.95,0.80
13-June-2019,16.00,16.90,16.00,16.30,16.293457104356939661,6679,23,108824.00,5934,88.85,0.90,0.30
12-June-2019,16.50,16.50,15.85,16.25,16.046224256292906178,2185,26,35061.00,2168,99.22,0.65,-0.25
11-June-2019,16.25,17.25,16.20,16.25,16.267496675933760425,8273,28,134581.00,8201,99.13,1.05,0.00
10-June-2019,16.25,17.05,16.25,16.95,16.861275088547815820,3388,14,57126.00,3369,99.44,0.80,0.70
7-June-2019,17.10,17.95,17.00,17.75,17.734754452239611440,3706,19,65725.00,3638,98.17,0.95,0.65
6-June-2019,18.80,18.80,17.05,18.00,17.141304347826086956,1104,9,18924.00,1044,94.57,1.75,-0.80
4-June-2019,16.20,17.95,16.20,17.85,17.273409578270192994,2798,20,48331.00,2666,95.28,1.75,1.65
3-June-2019,17.50,18.00,17.30,18.00,17.964415395787944807,1377,12,24737.00,1318,95.72,0.70,0.50
31-May-2019,18.50,18.50,17.00,17.15,17.341463414634146341,1763,18,30573.00,860,48.78,1.50,-1.35
30-May-2019,17.50,18.20,16.50,18.20,17.856781307904370226,22127,53,395117.00,20032,90.53,1.70,0.70
29-May-2019,17.05,18.25,17.05,18.00,17.632894736842105263,760,12,13401.00,710,93.42,1.20,0.95
28-May-2019,16.30,18.35,16.30,18.05,17.356597600872410032,917,12,15916.00,915,99.78,2.05,1.75
27-May-2019,16.60,18.60,16.60,18.25,18.208148148148148148,4050,35,73743.00,3057,75.48,2.00,1.65
24-May-2019,17.10,19.00,16.50,18.70,17.947200000000000000,2500,29,44868.00,2160,86.40,2.50,1.60
23-May-2019,15.55,16.30,15.55,16.25,16.137161084529505582,627,4,10118.00,526,83.89,0.75,0.70
22-May-2019,15.55,16.85,15.55,16.85,16.362030905077262693,906,9,14824.00,811,89.51,1.30,1.30
21-May-2019,16.60,16.85,16.00,16.25,16.469733656174334140,826,10,13604.00,587,71.07,0.85,-0.35
20-May-2019,16.70,16.70,15.95,16.60,16.472371329333754341,3167,23,52168.00,2164,68.33,0.75,-0.10
17-May-2019,16.10,16.10,15.35,15.45,15.509746588693957115,5130,30,79565.00,3070,59.84,0.75,-0.65
16-May-2019,17.25,17.25,15.40,16.50,15.997208755692669311,6807,21,108893.00,6681,98.15,1.85,-0.75
15-May-2019,16.25,16.25,15.45,15.50,15.602731222842954686,3222,21,50272.00,3213,99.72,0.80,-0.75
14-May-2019,15.00,16.00,15.00,15.25,15.185784851811196487,14576,44,221348.00,13074,89.70,1.00,0.25
13-May-2019,16.10,16.15,16.10,16.10,16.105752212389380530,4520,10,72798.00,4515,99.89,0.05,0.00
10-May-2019,16.00,16.90,14.80,16.20,15.817754262198706643,3402,22,53812.00,2600,76.43,2.10,0.20
9-May-2019,16.85,16.85,16.00,16.35,16.529880478087649402,1004,8,16596.00,1001,99.70,0.85,-0.50
8-May-2019,16.20,17.00,15.60,15.80,16.067565002846840007,5269,31,84660.00,4446,84.38,1.40,-0.40
7-May-2019,16.35,17.55,16.35,17.00,16.542004048582995951,3952,23,65374.00,3221,81.50,1.20,0.65
6-May-2019,17.10,18.55,16.15,16.75,16.975625469773434983,9313,59,158094.00,5021,53.91,2.40,-0.35
3-May-2019,16.90,19.00,13.75,17.95,16.258314760843476770,23332,110,379339.00,13978,59.91,5.25,1.05
2-May-2019,16.75,17.20,16.75,17.15,16.813918305597579425,661,11,11114.00,561,84.87,0.45,0.40
30-April-2019,17.80,17.80,16.75,16.75,16.906933166770768269,3202,40,54136.00,2686,83.88,1.05,-1.05
26-April-2019,17.00,17.50,16.50,17.00,16.843421529539688292,2759,23,46471.00,2487,90.14,1.00,0.00
25-April-2019,17.15,17.15,15.75,16.25,16.568924273005905658,26754,78,443285.00,20560,76.85,1.40,-0.90
24-April-2019,17.40,17.40,17.30,17.30,17.303597122302158273,695,8,12026.00,695,100.00,0.10,-0.10
23-April-2019,17.60,18.95,17.20,17.40,17.749814638279843236,9441,38,167576.00,7104,75.25,1.75,-0.20
22-April-2019,21.50,21.50,17.75,18.40,19.338803088803088803,1036,13,20035.00,742,71.62,3.75,-3.10
18-April-2019,17.70,18.30,17.60,18.25,17.839176696319553462,5733,34,102272.00,4432,77.31,0.70,0.55
16-April-2019,17.70,18.60,17.70,18.60,18.299564947172156619,1609,9,29444.00,1298,80.67,0.90,0.90
15-April-2019,17.55,18.70,17.55,18.50,18.418197984588026081,3374,21,62143.00,3183,94.34,1.15,0.95
12-April-2019,18.20,18.20,18.15,18.15,18.125000000000000000,16,2,290.00,16,100.00,0.05,-0.05
11-April-2019,18.10,18.45,17.65,18.00,17.899017467248908296,1832,20,32791.00,1546,84.39,0.80,-0.10
10-April-2019,18.25,18.65,17.30,18.65,18.149228654345501756,6547,35,118823.00,4648,70.99,1.35,0.40
9-April-2019,17.90,18.35,17.60,17.85,17.854775059194948697,1267,16,22622.00,1177,92.90,0.75,-0.05
8-April-2019,18.05,18.45,17.95,18.00,17.994830132939438700,1354,9,24365.00,1339,98.89,0.50,-0.05
5-April-2019,17.75,18.00,17.55,18.00,17.800407331975560081,491,7,8740.00,441,89.82,0.45,0.25
4-April-2019,18.30,18.40,17.45,17.75,17.687929956222639149,3198,33,56566.00,2562,80.11,0.95,-0.55
3-April-2019,18.00,18.75,17.70,17.75,18.008395061728395061,2025,21,36467.00,1804,89.09,1.05,-0.25
2-April-2019,17.25,18.65,17.25,17.70,17.593309859154929577,568,11,9993.00,559,98.42,1.40,0.45
1-April-2019,18.80,18.80,17.80,18.30,18.152004787552363853,16710,31,303320.00,15288,91.49,1.00,-0.50
29-March-2019,17.50,18.45,17.50,17.95,17.892134831460674157,445,9,7962.00,444,99.78,0.95,0.45
28-March-2019,18.30,18.70,17.40,18.45,17.797163120567375886,705,10,12547.00,602,85.39,1.30,0.15
27-March-2019,17.50,18.30,17.40,18.30,17.571428571428571428,651,9,11439.00,450,69.12,0.90,0.80
26-March-2019,17.15,18.50,17.15,17.95,17.861339600470035252,1702,14,30400.00,1601,94.07,1.35,0.80
25-March-2019,18.00,18.90,17.05,17.55,17.634282523729759910,1791,14,31583.00,1778,99.27,1.85,-0.45
22-March-2019,17.10,19.45,17.10,18.85,18.796227454220019275,7263,31,136517.00,4053,55.80,2.35,1.75
20-March-2019,18.75,18.75,18.75,18.75,18.000000000000000000,1,1,18.00,1,100.00,0.00,0.00
19-March-2019,18.00,19.00,16.60,18.05,18.141988084038883662,15945,40,289274.00,12300,77.14,2.40,0.05
18-March-2019,18.60,19.25,17.50,18.70,18.136906395827614603,14572,48,264291.00,12096,83.01,1.75,0.10
15-March-2019,19.00,19.45,18.50,18.65,18.993050672182006204,24175,26,459157.00,23632,97.75,0.95,-0.35
14-March-2019,21.70,21.70,17.70,18.80,18.987566137566137566,3780,27,71773.00,3548,93.86,4.00,-2.90
13-March-2019,18.40,19.50,18.00,18.20,18.658144552319309600,9270,29,172961.00,8339,89.96,1.50,-0.20
12-March-2019,19.00,19.15,18.10,18.40,18.665918023582257158,1781,22,33244.00,1130,63.45,1.05,-0.60
11-March-2019,18.90,19.90,18.90,19.10,19.375886524822695035,987,11,19124.00,726,73.56,1.00,0.20
8-March-2019,19.00,19.00,17.05,18.00,18.025464556090846524,7265,19,130955.00,7000,96.35,1.95,-1.00
7-March-2019,19.80,19.80,18.20,19.05,18.887358854310107408,3631,22,68580.00,2876,79.21,1.60,-0.75
6-March-2019,17.35,19.30,17.35,18.80,18.559806570900298677,7031,36,130494.00,5468,77.77,1.95,1.45
5-March-2019,15.10,19.45,15.10,17.75,18.323255371743677505,5259,39,96362.00,4642,88.27,4.35,2.65
1-March-2019,17.70,17.70,16.95,17.00,17.226879574184963406,1503,23,25892.00,1193,79.37,0.75,-0.70
28-February-2019,17.00,17.50,17.00,17.00,17.069272903017935774,9311,38,158932.00,8811,94.63,0.50,0.00
27-February-2019,16.90,17.00,16.30,16.30,16.631331403762662807,5528,26,91938.00,4528,81.91,0.70,-0.60
26-February-2019,17.00,17.00,16.50,16.95,16.838214285714285714,2800,25,47147.00,2735,97.68,0.50,-0.05
25-February-2019,18.05,18.05,16.00,17.30,16.637373910070097452,5849,61,97312.00,3753,64.16,2.05,-0.75
22-February-2019,17.65,17.90,17.00,17.90,17.250503018108651911,994,23,17147.00,863,86.82,0.90,0.25
21-February-2019,17.60,17.95,17.20,17.65,17.544117647058823529,68,8,1193.00,44,64.71,0.75,0.05
20-February-2019,18.00,18.00,16.55,17.00,16.812933025404157043,2598,37,43680.00,1034,39.80,1.45,-1.00
19-February-2019,18.10,18.10,17.30,17.30,17.907954545454545454,2640,19,47277.00,2640,100.00,0.80,-0.80
18-February-2019,18.30,18.30,17.30,17.35,17.379032258064516129,372,10,6465.00,342,91.94,1.00,-0.95
15-February-2019,18.00,19.65,17.20,17.25,18.128253286825865307,7454,43,135128.00,5468,73.36,2.45,-0.75
14-February-2019,17.30,18.00,17.00,17.95,17.182902080162354134,3942,35,67735.00,3577,90.74,1.00,0.65
13-February-2019,18.10,18.45,17.80,17.80,17.888661202185792349,7320,15,130945.00,7310,99.86,0.65,-0.30
12-February-2019,17.20,19.00,17.20,17.80,18.021016431027894535,5234,26,94322.00,5205,99.45,1.80,0.60
11-February-2019,17.50,18.00,17.50,18.00,17.512195121951219512,410,3,7180.00,410,100.00,0.50,0.50
8-February-2019,18.50,18.50,17.50,17.55,17.892095769104624467,3049,37,54553.00,2929,96.06,1.00,-0.95
7-February-2019,18.00,18.95,17.50,18.20,17.960535117056856187,2990,36,53702.00,2554,85.42,1.45,0.20
6-February-2019,18.05,20.45,18.05,19.35,18.234121122599704579,1354,12,24689.00,1295,95.64,2.40,1.30
5-February-2019,19.50,19.50,17.30,18.85,17.827981651376146788,1308,15,23319.00,660,50.46,2.20,-0.65
4-February-2019,19.05,20.50,17.85,20.10,18.990120746432491767,1822,23,34600.00,1740,95.50,2.65,1.05
1-February-2019,20.20,20.70,18.15,20.70,18.367366878358573522,2047,47,37598.00,1616,78.94,2.55,0.50
31-January-2019,20.50,20.50,18.00,19.15,18.218818380743982494,1371,50,24978.00,1152,84.03,2.50,-1.35
30-January-2019,19.50,19.50,17.65,18.50,18.165379926859000406,2461,42,44705.00,1871,76.03,1.85,-1.00
29-January-2019,19.30,19.30,18.05,18.40,18.523809523809523809,231,22,4279.00,224,96.97,1.25,-0.90
28-January-2019,19.60,19.60,17.30,18.00,17.735156771180787191,1499,41,26585.00,1423,94.93,2.30,-1.60
25-January-2019,20.00,20.00,18.00,18.25,18.374443207126948775,3592,54,66001.00,2609,72.63,2.00,-1.75
24-January-2019,21.00,21.00,18.55,18.70,18.807874015748031496,635,37,11943.00,458,72.13,2.45,-2.30
23-January-2019,20.10,20.10,18.35,18.80,18.708887333799860041,2858,52,53470.00,1875,65.61,1.75,-1.30
22-January-2019,20.30,20.30,18.50,18.65,18.739016525594518339,4962,38,92983.00,3860,77.79,1.80,-1.65
21-January-2019,20.00,20.00,18.85,19.00,19.160313901345291479,2676,45,51273.00,1956,73.09,1.15,-1.00
18-January-2019,20.20,20.20,19.00,19.00,19.204276955286376551,6687,42,128419.00,4339,64.89,1.20,-1.20
17-January-2019,21.00,21.00,19.00,19.40,19.300280636108512628,9621,101,185688.00,6202,64.46,2.00,-1.60
16-January-2019,21.40,21.40,18.90,19.05,19.380933029908972691,12304,93,238463.00,9161,74.46,2.50,-2.35
15-January-2019,20.00,20.45,19.50,20.10,19.920679886685552407,2824,30,56256.00,2334,82.65,0.95,0.10
14-January-2019,20.50,21.00,19.00,19.10,19.356354373054061703,7066,31,136772.00,6993,98.97,2.00,-1.40
11-January-2019,21.00,21.00,19.60,20.50,20.273608984175599795,3918,52,79432.00,2693,68.73,1.40,-0.50
10-January-2019,21.05,21.80,20.90,20.95,21.431744894303117162,2791,35,59816.00,2634,94.37,0.90,-0.10
9-January-2019,21.35,21.35,20.45,21.05,20.981994459833795013,722,10,15149.00,600,83.10,0.90,-0.30
8-January-2019,22.80,22.80,20.05,20.60,20.870831376232973226,2129,44,44434.00,2064,96.95,2.75,-2.20
7-January-2019,20.75,21.40,20.70,21.40,20.730263157894736842,1976,20,40963.00,1975,99.95,0.70,0.65
4-January-2019,20.50,21.00,20.00,20.30,20.159024745269286754,2748,27,55397.00,2035,74.05,1.00,-0.20
3-January-2019,21.95,22.50,20.60,20.75,20.896540469973890339,3064,38,64027.00,2210,72.13,1.90,-1.20
2-January-2019,22.70,22.70,20.80,21.25,21.150720838794233289,763,13,16138.00,733,96.07,1.90,-1.45
1-January-2019,21.20,21.60,20.20,21.55,20.527272727272727272,275,15,5645.00,272,98.91,1.40,0.35
31-December-2018,21.00,22.10,21.00,21.75,21.658119658119658119,351,18,7602.00,239,68.09,1.10,0.75
28-December-2018,19.85,22.55,19.85,21.15,21.342842967005705780,4031,32,86033.00,2244,55.67,2.70,1.30
27-December-2018,19.35,22.55,19.35,21.95,20.798260869565217391,575,10,11959.00,406,70.61,3.20,2.60
26-December-2018,20.10,22.55,20.10,21.00,20.438021836865767501,1557,23,31822.00,1455,93.45,2.45,0.90
24-December-2018,21.00,22.90,20.00,20.35,20.582178217821782178,1010,14,20788.00,1001,99.11,2.90,-0.65
21-December-2018,22.00,22.00,22.00,22.00,22.000000000000000000,52,4,1144.00,52,100.00,0.00,0.00
20-December-2018,22.80,23.00,22.00,22.35,22.453150242326332794,1238,12,27797.00,1238,100.00,1.00,-0.45
19-December-2018,23.15,23.15,21.05,23.00,22.571428571428571428,7,5,158.00,6,85.71,2.10,-0.15
18-December-2018,22.00,22.45,22.00,22.40,22.381818181818181818,55,3,1231.00,55,100.00,0.45,0.40
17-December-2018,21.70,23.00,21.70,22.00,21.983050847457627118,118,6,2594.00,117,99.15,1.30,0.30
14-December-2018,22.00,22.00,21.50,21.70,21.833155080213903743,935,30,20414.00,935,100.00,0.50,-0.30
13-December-2018,21.90,21.95,21.10,21.40,21.494579945799457994,1476,40,31726.00,1101,74.59,0.85,-0.50
12-December-2018,22.00,22.00,19.00,21.50,20.768705270006506180,3074,41,63843.00,2028,65.97,3.00,-0.50
11-December-2018,21.75,21.75,20.05,21.20,20.535673407096528042,5242,38,107648.00,3411,65.07,1.70,-0.55
10-December-2018,21.90,22.80,20.50,22.10,20.714670255720053835,743,25,15391.00,612,82.37,2.30,0.20
7-December-2018,22.10,22.10,21.10,21.60,21.671502590673575129,965,26,20913.00,767,79.48,1.00,-0.50
6-December-2018,22.40,22.40,21.00,21.85,21.542635658914728682,1032,37,22232.00,502,48.64,1.40,-0.55
5-December-2018,22.20,22.20,21.90,22.10,22.066233766233766233,770,23,16991.00,695,90.26,0.30,-0.10
4-December-2018,22.40,22.40,22.00,22.20,22.085500534378339864,2807,38,61994.00,2797,99.64,0.40,-0.20
3-December-2018,23.00,23.00,22.00,22.20,22.175090252707581227,1108,25,24570.00,865,78.07,1.00,-0.80
30-November-2018,22.40,23.00,22.00,22.05,22.196352347691113698,2577,57,57200.00,2117,82.15,1.00,-0.35
29-November-2018,23.45,23.45,21.30,21.75,22.021428571428571428,2800,32,61660.00,2291,81.82,2.15,-1.70
28-November-2018,24.80,24.80,22.50,22.65,22.741974560872198667,1651,24,37547.00,1641,99.39,2.30,-2.15
27-November-2018,22.60,24.40,22.00,23.25,23.215686274509803921,765,13,17760.00,760,99.35,2.40,0.65
26-November-2018,24.70,24.70,22.50,22.50,22.577299412915851272,511,24,11537.00,309,60.47,2.20,-2.20
22-November-2018,23.50,23.50,21.50,22.55,22.385294117647058823,680,30,15222.00,436,64.12,2.00,-0.95
21-November-2018,23.00,23.00,22.70,22.75,22.758928571428571428,224,5,5098.00,224,100.00,0.30,-0.25
20-November-2018,23.50,24.80,22.35,22.65,23.495632147395171537,12592,81,295857.00,8015,63.65,2.45,-0.85
19-November-2018,23.00,23.00,20.25,22.55,21.442871093750000000,2048,54,43915.00,1603,78.27,2.75,-0.45
16-November-2018,23.00,23.00,22.50,22.50,22.857358490566037735,2650,9,60572.00,2650,100.00,0.50,-0.50
15-November-2018,22.00,22.50,22.00,22.50,22.498891352549889135,451,12,10147.00,451,100.00,0.50,0.50
14-November-2018,23.50,23.50,22.90,22.90,22.946564885496183206,786,14,18036.00,777,98.85,0.60,-0.60
13-November-2018,23.30,23.30,21.55,22.05,22.740079365079365079,504,11,11461.00,500,99.21,1.75,-1.25
12-November-2018,23.00,23.70,20.70,21.75,22.054827175208581644,839,9,18504.00,704,83.91,3.00,-1.25
9-November-2018,23.80,23.80,23.00,23.00,23.437137330754352030,517,6,12117.00,516,99.81,0.80,-0.80
7-November-2018,23.80,23.80,23.30,23.35,23.366336633663366336,303,5,7080.00,302,99.67,0.50,-0.45
6-November-2018,22.85,22.85,22.00,22.70,22.616352201257861635,159,11,3596.00,113,71.07,0.85,-0.15
5-November-2018,22.75,22.95,20.55,21.90,21.555555555555555555,603,41,12998.00,379,62.85,2.40,-0.85
2-November-2018,20.50,22.75,20.50,22.00,21.559375000000000000,1280,13,27596.00,1227,95.86,2.25,1.50
1-November-2018,22.65,22.80,22.50,22.80,22.693462897526501766,1132,14,25689.00,1101,97.26,0.30,0.15
31-October-2018,21.25,22.55,20.50,21.45,21.008583690987124463,233,19,4895.00,200,85.84,2.05,0.20
30-October-2018,24.35,24.35,21.10,21.70,21.198810535259133389,1177,13,24951.00,1167,99.15,3.25,-2.65
29-October-2018,21.00,21.75,20.25,21.00,20.878771256171146461,1823,45,38062.00,1759,96.49,1.50,0.00
26-October-2018,21.25,21.25,20.55,20.75,20.734225621414913957,523,28,10844.00,416,79.54,0.70,-0.50
25-October-2018,21.70,21.70,19.20,21.00,19.646476642913697545,2526,29,49627.00,2082,82.42,2.50,-0.70
24-October-2018,20.40,21.50,20.30,20.45,20.787218322866642039,2707,40,56271.00,2565,94.75,1.20,0.05
23-October-2018,20.05,20.25,19.00,19.15,19.482393032942067398,5282,45,102906.00,4850,91.82,1.25,-0.90
22-October-2018,22.70,22.70,20.10,20.65,21.643373493975903614,415,17,8982.00,315,75.90,2.60,-2.05
19-October-2018,22.80,23.00,21.00,21.65,22.278770065566357675,4423,55,98539.00,2651,59.94,2.00,-1.15
17-October-2018,21.15,21.85,21.15,21.55,21.845463609172482552,1003,5,21911.00,1002,99.90,0.70,0.40
16-October-2018,21.95,22.20,21.75,21.80,22.035343709468223086,3084,14,67957.00,3084,100.00,0.45,-0.15
15-October-2018,20.20,21.45,20.20,20.50,20.536585365853658536,41,9,842.00,23,56.10,1.25,0.30
12-October-2018,21.90,21.90,21.00,21.50,21.483076923076923076,325,14,6982.00,315,96.92,0.90,-0.40
11-October-2018,19.50,21.95,19.00,21.30,20.563997662185856224,1711,29,35185.00,1209,70.66,2.95,1.80
10-October-2018,19.30,21.45,19.30,20.90,20.476008131234340282,21153,73,433129.00,19202,90.78,2.15,1.60
9-October-2018,18.70,19.25,18.60,18.60,18.661904761904761904,420,16,7838.00,303,72.14,0.65,-0.10
8-October-2018,21.20,21.20,18.25,18.80,18.749665924276169265,6735,37,126279.00,6228,92.47,2.95,-2.40
5-October-2018,18.75,19.70,18.00,18.70,18.450717703349282296,3135,34,57843.00,2748,87.66,1.70,-0.05
4-October-2018,18.50,20.10,18.00,18.60,18.378873854212134439,11455,46,210530.00,11210,97.86,2.10,0.10
3-October-2018,19.00,20.25,18.25,19.40,18.664899882214369846,1698,21,31693.00,1557,91.70,2.00,0.40
1-October-2018,20.25,22.55,16.00,18.50,17.615441230588062118,27174,137,478682.00,14524,53.45,6.55,-1.75
28-September-2018,22.45,22.45,19.95,20.00,20.558836689038031319,13410,97,275694.00,12027,89.69,2.50,-2.45
27-September-2018,22.75,22.75,21.70,22.00,22.054029304029304029,1092,27,24083.00,1047,95.88,1.05,-0.75
26-September-2018,23.85,23.85,21.10,22.70,22.034259259259259259,3240,54,71391.00,2890,89.20,2.75,-1.15
25-September-2018,22.00,24.00,21.00,22.00,22.165214233841684822,2754,31,61043.00,2153,78.18,3.00,0.00
24-September-2018,23.30,23.95,21.20,22.00,22.083949313621964097,1894,19,41827.00,1869,98.68,2.75,-1.30
21-September-2018,24.95,25.00,23.00,23.35,24.540434520217260108,6628,39,162654.00,5990,90.37,2.00,-1.60
19-September-2018,24.00,24.45,23.85,23.85,24.080825160635779506,2957,16,71207.00,2957,100.00,0.60,-0.15
18-September-2018,23.50,24.35,23.25,23.55,23.638392857142857142,448,13,10590.00,448,100.00,1.10,0.05
17-September-2018,25.00,25.75,21.05,23.00,23.106513723883654240,7323,74,169209.00,5339,72.91,4.70,-2.00
14-September-2018,24.50,25.10,24.00,24.35,24.212377474533922736,5203,56,125977.00,3897,74.90,1.10,-0.15
12-September-2018,25.00,25.35,24.60,24.90,24.842580645161290322,2325,18,57759.00,2324,99.96,0.75,-0.10
11-September-2018,25.85,25.85,24.00,25.30,24.505494505494505494,1274,17,31220.00,1001,78.57,1.85,-0.55
10-September-2018,25.05,25.05,24.00,24.25,24.393019726858877086,1318,21,32150.00,1106,83.92,1.05,-0.80
7-September-2018,25.80,25.80,24.00,24.50,24.329335071707953063,7670,86,186606.00,4045,52.74,1.80,-1.30
6-September-2018,26.35,26.35,24.05,24.25,24.503020204124140803,4801,57,117639.00,4568,95.15,2.30,-2.10
5-September-2018,25.20,25.85,24.50,24.95,24.870826491516146688,3654,60,90878.00,2940,80.46,1.35,-0.25
4-September-2018,25.00,27.00,25.00,25.10,26.017253278122843340,4347,29,113097.00,3780,86.96,2.00,0.10
3-September-2018,24.00,27.20,24.00,26.00,26.196015424164524421,12448,57,326088.00,11783,94.66,3.20,2.00
31-August-2018,26.00,26.00,24.60,24.90,24.948876839659178931,1291,25,32209.00,1263,97.83,1.40,-1.10
30-August-2018,24.50,25.90,24.30,25.10,25.000211819529760643,4721,50,118026.00,4537,96.10,1.60,0.60
29-August-2018,25.20,25.50,24.00,25.45,24.786114221724524076,893,30,22134.00,750,83.99,1.50,0.25
28-August-2018,25.95,25.95,23.80,24.20,24.518852264643111216,12651,66,310188.00,11646,92.06,2.15,-1.75
27-August-2018,27.70,27.70,24.85,26.50,25.875453885257806826,2754,43,71261.00,1702,61.80,2.85,-1.20
24-August-2018,24.50,26.00,24.50,25.05,24.979804560260586319,1535,33,38344.00,1156,75.31,1.50,0.55
23-August-2018,26.05,26.95,25.00,25.55,25.576779026217228464,7743,33,198041.00,6192,79.97,1.95,-0.50
21-August-2018,28.00,28.00,25.50,26.10,25.810750777432252332,4502,31,116200.00,4109,91.27,2.50,-1.90
20-August-2018,26.25,27.25,25.35,26.00,26.214159532545182769,7359,24,192910.00,6783,92.17,1.90,-0.25
17-August-2018,25.95,25.95,24.45,25.00,25.097354660104583205,6502,51,163183.00,6295,96.82,1.50,-0.95
16-August-2018,25.00,26.50,24.50,25.10,25.125389986629029861,6731,65,169119.00,4280,63.59,2.00,0.10
14-August-2018,25.05,27.15,25.00,26.30,26.021903624054161688,5022,30,130682.00,3464,68.98,2.15,1.25
13-August-2018,26.05,26.45,25.05,25.45,25.466231647634584013,3065,22,78054.00,2984,97.36,1.40,-0.60
10-August-2018,26.95,28.45,25.80,26.80,27.211174128152528055,8287,63,225499.00,6222,75.08,2.65,-0.15
9-August-2018,26.30,26.30,25.25,26.20,25.612761276127612761,3636,27,93128.00,2578,70.90,1.05,-0.10
8-August-2018,26.80,26.80,24.20,26.25,25.833654351251969882,5711,50,147536.00,3846,67.34,2.60,-0.55
7-August-2018,26.75,26.75,24.50,25.10,25.243134715025906735,7720,52,194877.00,6853,88.77,2.25,-1.65
6-August-2018,26.80,26.80,25.20,25.90,25.978299120234604105,1705,38,44293.00,1309,76.77,1.60,-0.90
3-August-2018,26.00,26.75,25.60,26.15,26.200000000000000000,12505,42,327631.00,11327,90.58,1.15,0.15
2-August-2018,25.00,25.80,25.00,25.00,25.021509740259740259,2464,22,61653.00,2464,100.00,0.80,0.00
1-August-2018,24.95,25.50,23.60,25.15,24.640079760717846460,4012,33,98856.00,3368,83.95,1.90,0.20
31-July-2018,24.85,24.85,24.20,24.30,24.263427109974424552,1173,16,28461.00,947,80.73,0.65,-0.55
30-July-2018,24.20,24.85,24.20,24.30,24.372516556291390728,2416,17,58884.00,1726,71.44,0.65,0.10
27-July-2018,24.00,25.10,24.00,24.50,24.304568527918781725,1576,16,38304.00,1507,95.62,1.10,0.50
26-July-2018,26.00,26.00,23.75,24.30,24.329501677643842425,16094,65,391559.00,14578,90.58,2.25,-1.70
25-July-2018,25.30,25.30,23.55,24.10,24.181185361972951471,5028,71,121583.00,2779,55.27,1.75,-1.20
24-July-2018,25.00,25.50,24.10,25.00,24.476342710997442455,3128,26,76562.00,3049,97.47,1.40,0.00
23-July-2018,24.25,24.90,23.65,24.45,23.754237288135593220,9204,69,218634.00,8549,92.88,1.25,0.20
20-July-2018,23.50,25.10,23.50,23.75,23.854183427192276749,4972,26,118603.00,3300,66.37,1.60,0.25
19-July-2018,25.00,26.10,24.45,25.45,24.810534016093635698,1367,19,33916.00,863,63.13,1.65,0.45
18-July-2018,26.00,26.00,23.50,24.15,24.362908194701170671,4869,47,118623.00,4065,83.49,2.50,-1.85
17-July-2018,26.00,26.25,24.05,25.45,25.151634501772351319,7617,15,191580.00,1008,13.23,2.20,-0.55
16-July-2018,25.70,26.00,24.25,24.50,25.251395998138669148,8596,33,217061.00,6311,73.42,1.75,-1.20
13-July-2018,25.65,27.45,25.30,25.60,25.843560350640593391,1483,26,38326.00,1142,77.01,2.15,-0.05
12-July-2018,25.00,29.00,24.90,27.15,27.146054953365263423,19835,73,538442.00,14095,71.06,4.10,2.15
11-July-2018,24.05,24.25,24.05,24.20,24.241902419024190241,4878,8,118252.00,4878,100.00,0.20,0.15
10-July-2018,24.00,24.00,23.50,23.90,23.951327433628318584,2260,18,54130.00,2260,100.00,0.50,-0.10
9-July-2018,22.05,25.00,22.05,23.85,23.812269938650306748,815,38,19407.00,605,74.23,2.95,1.80
6-July-2018,24.00,25.30,23.20,23.95,23.786132372805042773,6663,54,158487.00,4231,63.50,2.10,-0.05
5-July-2018,24.70,24.70,23.70,23.85,23.946637625918867410,3673,26,87956.00,3613,98.37,1.00,-0.85
4-July-2018,23.95,24.00,23.50,24.00,23.799209138840070298,2276,32,54167.00,1730,76.01,0.50,0.05
3-July-2018,24.25,24.45,23.50,23.90,23.689549180327868852,976,23,23121.00,795,81.45,0.95,-0.35
2-July-2018,24.95,24.95,23.90,24.75,24.488372093023255813,129,17,3159.00,51,39.53,1.05,-0.20
29-June-2018,24.45,24.90,24.00,24.85,24.598400000000000000,1875,19,46122.00,1760,93.87,0.90,0.40
28-June-2018,26.50,26.50,23.00,23.40,24.122680210978706778,10238,57,246968.00,9046,88.36,3.50,-3.10
27-June-2018,24.75,26.65,24.00,24.10,24.149947201689545934,12311,42,297310.00,11006,89.40,2.65,-0.65
26-June-2018,26.95,26.95,24.50,25.80,25.468161624709117833,4727,48,120388.00,2398,50.73,2.45,-1.15
25-June-2018,23.50,26.95,23.50,25.30,25.917075083316996667,5101,23,132203.00,3710,72.73,3.45,1.80
22-June-2018,23.30,27.50,23.15,25.65,25.459153051017005668,2999,22,76352.00,2093,69.79,4.35,2.35
21-June-2018,23.20,27.20,23.20,26.00,25.871633575781403577,5087,22,131609.00,3260,64.08,4.00,2.80
20-June-2018,24.20,26.95,23.45,25.60,25.650406504065040650,2952,37,75720.00,1923,65.14,3.50,1.40
19-June-2018,26.70,26.70,25.20,25.70,25.960268606603245663,1787,38,46391.00,1076,60.21,1.50,-1.00
18-June-2018,28.30,28.30,26.50,26.95,27.656105813595816671,3251,48,89910.00,2054,63.18,1.80,-1.35
15-June-2018,27.90,27.90,26.80,27.30,27.440846824408468244,803,32,22035.00,802,99.88,1.10,-0.60
14-June-2018,27.00,27.90,26.30,27.55,26.987391304347826086,2300,37,62071.00,1060,46.09,1.60,0.55
13-June-2018,26.20,27.95,26.20,27.65,27.068897913457498949,7141,71,193299.00,6721,94.12,1.75,1.45
12-June-2018,27.35,27.35,24.55,25.95,26.344037904711766254,3799,51,100081.00,2491,65.57,2.80,-1.40
11-June-2018,25.00,27.15,24.95,26.20,26.078337163150198454,4787,41,124837.00,3362,70.23,2.20,1.20
8-June-2018,26.85,27.35,26.00,26.70,26.577303884234577303,2626,24,69792.00,2396,91.24,1.35,-0.15
7-June-2018,26.45,26.90,25.25,26.30,26.268560282823357308,8203,36,215481.00,7736,94.31,1.65,-0.15
6-June-2018,20.35,26.45,20.35,25.20,25.106466559226430298,9928,38,249257.00,8558,86.20,6.10,4.85
5-June-2018,22.20,26.90,22.20,23.55,24.361633182112767336,1543,23,37590.00,1155,74.85,4.70,1.35
4-June-2018,25.00,27.30,24.15,24.60,25.190918841616017161,8391,64,211377.00,5488,65.40,3.15,-0.40
1-June-2018,28.25,28.25,25.20,27.00,27.139718588002962231,4051,43,109943.00,3002,74.11,3.05,-1.25
31-May-2018,27.50,28.50,26.55,28.25,27.931878658861096327,5637,54,157452.00,4912,87.14,1.95,0.75
30-May-2018,27.70,27.70,26.70,27.25,26.716981132075471698,53,4,1416.00,52,98.11,1.00,-0.45
29-May-2018,26.85,27.50,26.00,27.00,26.805251641137855579,4113,38,110250.00,4113,100.00,1.50,0.15
28-May-2018,26.00,27.35,24.55,26.90,26.259720062208398133,3215,49,84425.00,2182,67.87,2.80,0.90
25-May-2018,25.35,26.00,24.10,24.85,25.520355065809611264,3267,59,83375.00,2723,83.35,1.90,-0.50
24-May-2018,24.50,28.85,24.50,25.45,25.976221357544314742,2313,23,60083.00,1689,73.02,4.35,0.95
23-May-2018,25.00,25.00,23.00,24.35,23.794148056244830438,9672,62,230137.00,6808,70.39,2.00,-0.65
22-May-2018,25.00,25.00,23.60,23.90,24.168205128205128205,2925,31,70692.00,1872,64.00,1.40,-1.10
21-May-2018,25.35,25.50,23.55,23.90,24.721792890262751159,2588,62,63980.00,2368,91.50,1.95,-1.45
18-May-2018,25.60,26.00,24.00,24.60,24.588128564022809745,7716,65,189722.00,5356,69.41,2.00,-1.00
17-May-2018,25.10,25.75,24.00,24.75,24.612025529056096741,5954,72,146540.00,4672,78.47,1.75,-0.35
16-May-2018,24.50,26.70,24.00,24.35,24.615972812234494477,1177,31,28973.00,639,54.29,2.70,-0.15
15-May-2018,27.15,27.15,24.35,24.40,24.972696245733788395,4981,30,124389.00,4653,93.41,2.80,-2.75
14-May-2018,27.60,27.60,23.35,24.20,24.739799570508231925,5588,47,138246.00,5157,92.29,4.25,-3.40
11-May-2018,28.00,28.75,25.00,25.35,25.556182416549130230,4254,44,108716.00,3308,77.76,3.75,-2.65
10-May-2018,26.80,26.80,25.50,25.85,26.077725118483412322,4220,39,110048.00,3762,89.15,1.30,-0.95
9-May-2018,27.50,27.85,26.00,26.70,26.197830802603036876,4610,54,120772.00,3405,73.86,1.85,-0.80
8-May-2018,27.15,27.15,26.25,26.75,26.681760204081632653,1568,31,41837.00,1437,91.65,0.90,-0.40
7-May-2018,27.35,27.50,26.40,27.15,27.222962962962962962,1350,14,36751.00,1200,88.89,1.10,-0.20
4-May-2018,28.50,28.50,26.50,27.35,26.928619986403806934,1471,25,39612.00,1367,92.93,2.00,-1.15
3-May-2018,25.30,30.00,25.30,27.20,27.379283285377975411,7646,70,209342.00,4427,57.90,4.70,1.90
2-May-2018,28.50,29.20,27.50,27.85,28.284387550200803212,3984,15,112685.00,3731,93.65,1.70,-0.65
30-April-2018,29.00,29.00,27.50,27.80,27.748776508972267536,2452,29,68040.00,2125,86.66,1.50,-1.20
27-April-2018,30.50,30.50,27.50,28.00,28.004920867136587312,7519,47,210569.00,7467,99.31,3.00,-2.50
26-April-2018,27.40,27.90,27.00,27.40,27.302115915363385464,5435,43,148387.00,5018,92.33,0.90,0.00
25-April-2018,27.25,28.80,27.25,27.75,27.965467278435160589,4141,30,115805.00,2904,70.13,1.55,0.50
24-April-2018,29.40,29.40,27.20,28.00,27.803733843944471038,6267,67,174246.00,3328,53.10,2.20,-1.40
23-April-2018,28.05,29.35,28.05,28.70,28.266897746967071057,6924,26,195720.00,6353,91.75,1.30,0.65
20-April-2018,28.20,29.90,27.00,28.05,27.861592333210468116,16278,82,453531.00,6478,39.80,2.90,-0.15
19-April-2018,29.45,29.95,28.75,28.90,29.165562913907284768,755,13,22020.00,424,56.16,1.20,-0.55
18-April-2018,28.25,29.85,28.05,28.60,28.608792569659442724,8075,53,231016.00,4439,54.97,1.80,0.35
17-April-2018,29.00,30.75,28.70,29.65,29.085078534031413612,6112,35,177768.00,5076,83.05,2.05,0.65
16-April-2018,28.35,29.80,28.05,28.65,28.607165913492575855,9294,56,265875.00,4202,45.21,1.75,0.30
13-April-2018,29.00,30.95,28.30,29.20,29.094829482948294829,9090,63,264472.00,5050,55.56,2.65,0.20
12-April-2018,29.90,30.40,29.25,29.95,29.747758517632994620,3346,25,99536.00,2776,82.96,1.15,0.05
11-April-2018,29.00,30.75,29.00,29.60,29.442289935364727608,3249,49,95658.00,2314,71.22,1.75,0.60
10-April-2018,31.00,31.85,29.00,29.80,29.718780096308186195,9345,53,277722.00,6357,68.03,2.85,-1.20
9-April-2018,32.00,32.00,29.65,30.80,30.298782961460446247,4930,37,149373.00,4715,95.64,2.35,-1.20
6-April-2018,30.40,31.00,29.00,29.25,29.432863732701658147,8021,49,236081.00,6196,77.25,2.00,-1.15
5-April-2018,29.70,31.95,29.70,30.40,30.719602977667493796,6851,52,210460.00,5899,86.10,2.25,0.70
4-April-2018,29.50,30.00,28.75,29.10,29.454986149584487534,5776,47,170132.00,5674,98.23,1.25,-0.40
3-April-2018,28.40,30.60,28.00,28.95,28.628469569646040234,3927,43,112424.00,2850,72.57,2.60,0.55
2-April-2018,26.50,28.60,26.00,28.40,27.772585399687879313,11534,56,320329.00,8816,76.43,2.60,1.90
28-March-2018,26.50,26.50,25.10,25.55,25.718873387733614108,3799,29,97706.00,3788,99.71,1.40,-0.95
27-March-2018,25.50,27.00,25.50,26.45,26.841128383811310640,14924,37,400577.00,14416,96.60,1.50,0.95
26-March-2018,27.00,27.00,25.10,25.60,25.787750791974656810,6629,60,170947.00,6201,93.54,1.90,-1.40
23-March-2018,25.20,26.95,24.00,25.70,25.590130809316175688,9403,69,240624.00,8506,90.46,2.95,0.50
22-March-2018,27.20,27.95,25.60,26.55,26.338589661459616616,20293,100,534489.00,14795,72.91,2.35,-0.65
21-March-2018,29.30,29.30,27.70,27.85,28.371247944078947368,19456,51,551991.00,19118,98.26,1.60,-1.45
20-March-2018,27.00,29.35,26.80,28.05,28.206317867719644619,6078,83,171438.00,3536,58.18,2.55,1.05
19-March-2018,29.80,30.00,27.60,28.45,29.065437003405221339,17620,113,512133.00,15091,85.65,2.40,-1.35
16-March-2018,29.70,31.00,29.30,29.50,30.130660377358490566,4240,36,127754.00,3948,93.11,1.70,-0.20
15-March-2018,29.50,32.00,29.50,30.45,30.802354757768770507,5181,57,159587.00,3332,64.31,2.50,0.95
14-March-2018,29.50,31.85,29.00,30.05,29.718285214348206474,5715,99,169840.00,4360,76.29,2.85,0.55
13-March-2018,30.05,31.80,28.80,31.00,30.162372330547818012,8616,61,259879.00,6162,71.52,3.00,0.95
12-March-2018,30.00,31.80,29.20,29.90,30.657596371882086167,5733,61,175760.00,3404,59.38,2.60,-0.10
9-March-2018,29.60,30.00,28.65,29.60,29.743724460011675423,6852,42,203804.00,5296,77.29,1.35,0.00
8-March-2018,30.20,31.75,29.00,29.30,29.411606890708839310,14164,61,416586.00,11480,81.05,2.75,-0.90
7-March-2018,31.10,32.50,29.60,30.05,30.671316477768090671,12617,109,386980.00,9945,78.82,2.90,-1.05
6-March-2018,36.95,36.95,31.20,32.15,32.954514748930421076,4441,59,146351.00,3707,83.47,5.75,-4.80
5-March-2018,32.35,34.00,32.35,32.40,33.214679677556215528,4714,26,156574.00,3889,82.50,1.65,0.05
1-March-2018,32.00,32.35,31.90,32.35,32.033893851812926957,3806,32,121921.00,3042,79.93,0.45,0.35
28-February-2018,32.00,33.50,31.70,31.90,32.059296340689557921,14183,89,454697.00,7499,52.87,1.80,-0.10
27-February-2018,32.35,33.50,32.30,32.35,32.652326365475387727,7415,52,242117.00,3120,42.08,1.20,0.00
26-February-2018,35.00,35.00,33.15,33.15,33.841207988309790550,2053,66,69476.00,1891,92.11,1.85,-1.85
23-February-2018,34.80,34.95,33.05,34.00,34.534103011971200954,23473,120,810619.00,14786,62.99,1.90,-0.80
22-February-2018,33.50,34.50,32.45,33.05,33.061068702290076335,4192,47,138592.00,3184,75.95,2.05,-0.45
21-February-2018,33.10,34.30,33.00,33.40,33.273152791708458709,8973,46,298560.00,6004,66.91,1.30,0.30
20-February-2018,32.80,34.50,31.65,34.30,32.689695550351288056,4270,38,139585.00,2652,62.11,2.85,1.50
19-February-2018,31.20,34.50,31.20,32.80,32.798214121329282886,10863,86,356287.00,6723,61.89,3.30,1.60
16-February-2018,36.80,36.80,32.65,33.00,34.266732841747022121,7052,50,241649.00,6094,86.42,4.15,-3.80
15-February-2018,35.00,36.20,33.30,33.70,34.605378202521350142,19672,100,680757.00,15957,81.12,2.90,-1.30
14-February-2018,38.00,38.60,37.00,37.95,37.996666156904725493,32695,139,1242301.00,30223,92.44,1.60,-0.05
12-February-2018,35.50,36.45,33.00,36.30,35.376893028846153846,33280,153,1177343.00,26499,79.62,3.45,0.80
9-February-2018,31.00,33.80,30.05,32.55,32.274564283910078302,15836,105,511100.00,11457,72.35,3.75,1.55
8-February-2018,36.50,36.50,33.10,33.30,33.795936325093992480,12501,87,422483.00,10211,81.68,3.40,-3.20
7-February-2018,32.75,33.05,30.55,31.75,32.322222222222222222,11070,64,357807.00,7290,65.85,2.50,-1.00
6-February-2018,30.00,32.50,27.00,30.60,30.694478657141851708,28417,192,872245.00,22950,80.76,5.50,0.60
5-February-2018,34.45,34.50,31.65,32.65,32.987709697676504889,11147,60,367714.00,10101,90.62,2.85,-1.80
2-February-2018,34.65,36.70,30.20,34.30,34.909131736526946107,20040,185,699579.00,16019,79.94,6.50,-0.35
1-February-2018,37.50,37.50,34.55,35.80,35.720508078645123613,20548,142,733985.00,12694,61.78,2.95,-1.70
31-January-2018,37.05,38.80,36.50,36.70,36.964724199288256227,22480,104,830967.00,18269,81.27,2.30,-0.35
30-January-2018,40.80,40.80,37.25,38.00,38.110578402215157419,39004,89,1486465.00,37041,94.97,3.55,-2.80
29-January-2018,38.75,40.95,38.25,38.70,39.652549835881834921,12491,119,495300.00,11107,88.92,2.70,-0.05
25-January-2018,41.60,41.60,38.00,38.75,38.928317008014247551,6738,37,262299.00,4879,72.41,3.60,-2.85
24-January-2018,41.70,41.70,38.00,38.50,38.365117014547754585,12648,56,485242.00,11162,88.25,3.70,-3.20
23-January-2018,39.95,39.95,38.10,38.50,38.779917355371900826,12100,85,469237.00,8825,72.93,1.85,-1.45
22-January-2018,41.00,41.00,39.00,39.35,39.423042438732815301,6692,51,263819.00,5687,84.98,2.00,-1.65
19-January-2018,39.25,39.25,38.50,38.90,38.846563350289837927,8453,61,328370.00,7382,87.33,0.75,-0.35
18-January-2018,42.25,42.95,39.00,39.25,40.784983601436826487,25612,299,1044585.00,17348,67.73,3.95,-3.00
17-January-2018,42.65,43.00,39.50,42.05,41.284895377403778273,35413,211,1462022.00,23084,65.19,3.50,-0.60
16-January-2018,43.30,44.00,39.55,41.80,41.947922851927602208,45471,277,1907414.00,35944,79.05,4.45,-1.50
15-January-2018,44.60,44.60,38.40,42.20,42.526453370641728949,27161,290,1155061.00,20848,76.76,6.20,-2.40
12-January-2018,40.00,43.90,39.50,42.10,41.827074632897750235,59384,463,2483859.00,43959,74.02,4.40,2.10
11-January-2018,38.00,39.75,38.00,38.65,38.652030544949670253,11524,61,445426.00,10134,87.94,1.75,0.65
10-January-2018,40.00,43.55,37.75,38.45,38.466236931058879018,63605,213,2446645.00,42077,66.15,5.80,-1.55
9-January-2018,42.00,42.00,39.50,40.00,40.291823735863772260,30772,182,1239860.00,23319,75.78,2.50,-2.00
8-January-2018,43.75,43.75,41.00,41.80,41.364453838713144412,27913,171,1154606.00,17497,62.68,2.75,-1.95
5-January-2018,44.00,44.95,42.00,42.30,42.637612084982631876,24758,143,1055622.00,15834,63.96,2.95,-1.70
4-January-2018,44.70,44.70,42.20,42.45,43.319468076751917489,38201,216,1654847.00,29931,78.35,2.50,-2.25
3-January-2018,43.90,44.95,41.80,41.90,43.390403489640130861,28427,185,1233459.00,19898,70.00,3.15,-2.00
2-January-2018,44.00,44.00,39.10,41.95,42.158478356474209964,31834,147,1342073.00,27105,85.14,4.90,-2.05
1-January-2018,44.00,44.80,42.60,43.55,43.824737538597265108,56675,337,2483767.00,48178,85.01,2.20,-0.45
29-December-2017,43.00,45.00,42.30,43.00,43.413770252808058049,60362,259,2620542.00,53637,88.86,2.70,0.00
28-December-2017,42.15,43.95,41.10,43.75,43.342296730336879746,56489,282,2448363.00,46220,81.82,2.85,1.60
27-December-2017,43.30,46.00,42.00,42.90,43.697878177419191561,197566,735,8633215.00,150406,76.13,4.00,-0.40
26-December-2017,37.00,41.50,37.00,39.90,39.868153618302063213,146519,496,5841442.00,118721,81.03,4.50,2.90
22-December-2017,36.75,37.45,35.00,35.60,35.909055827116027784,15548,106,558314.00,12121,77.96,2.45,-1.15
21-December-2017,34.00,37.20,34.00,36.85,36.460116554361682753,10982,74,400405.00,7918,72.10,3.20,2.85
20-December-2017,34.25,36.95,34.25,36.05,36.009126106194690265,3616,30,130209.00,3591,99.31,2.70,1.80
19-December-2017,36.50,36.50,35.20,35.90,35.778313253012048192,9130,42,326656.00,8675,95.02,1.30,-0.60
18-December-2017,34.00,36.95,33.30,35.60,35.947640805669526296,21448,97,771005.00,13821,64.44,3.65,1.60
15-December-2017,33.35,37.45,33.35,35.95,36.392909866316739112,48772,163,1774955.00,31660,64.91,4.10,2.60
14-December-2017,33.85,34.80,33.35,34.55,34.184491626005538704,15166,55,518442.00,13867,91.43,1.45,0.70
13-December-2017,33.10,36.75,32.30,33.85,34.125603528319405756,43080,164,1470131.00,29721,68.99,4.45,0.75
12-December-2017,32.05,34.00,32.00,33.80,33.123450296791644751,13309,55,440840.00,8315,62.48,2.00,1.75
11-December-2017,33.25,33.95,32.35,32.60,33.403150855718009747,8823,43,294716.00,8115,91.98,1.60,-0.65
8-December-2017,33.90,33.95,32.70,33.25,33.080365893498856582,6122,38,202518.00,4562,74.52,1.25,-0.65
7-December-2017,34.00,34.00,31.35,33.20,32.203506178054704826,9469,54,304935.00,7920,83.64,2.65,-0.80
6-December-2017,32.65,32.70,31.30,31.75,31.975952380952380952,8400,40,268598.00,8399,99.99,1.40,-0.90
5-December-2017,32.65,33.85,32.00,32.70,33.068444769212032639,8211,31,271525.00,6775,82.51,1.85,0.05
4-December-2017,34.05,34.05,32.65,33.10,33.074626865671641791,8375,25,277000.00,7858,93.83,1.40,-0.95
1-December-2017,32.65,34.40,32.65,33.00,33.318109924871490707,5058,28,168523.00,4658,92.09,1.75,0.35
30-November-2017,33.95,33.95,32.65,33.70,33.127086838359000905,7727,28,255973.00,6827,88.35,1.30,-0.25
29-November-2017,32.85,34.50,32.85,33.10,33.019770480627201454,8801,30,290607.00,7707,87.57,1.65,0.25
28-November-2017,33.70,34.80,32.50,32.90,33.166815502768351491,16797,71,557103.00,14401,85.74,2.30,-0.80
27-November-2017,33.95,34.80,33.65,33.95,34.444838805087252292,10143,68,349374.00,7621,75.14,1.15,0.00
24-November-2017,32.50,34.60,32.50,33.95,33.845895104023919272,8027,38,271681.00,6624,82.52,2.10,1.45
23-November-2017,34.30,34.30,32.55,32.75,33.139116406056093323,8058,34,267035.00,6855,85.07,1.75,-1.55
22-November-2017,31.10,33.80,31.10,32.80,32.653503464965350346,9091,72,296853.00,5947,65.42,2.70,1.70
21-November-2017,33.40,33.90,31.65,33.25,33.054951237809452363,5332,33,176249.00,4806,90.14,2.25,-0.15
20-November-2017,34.90,34.90,32.55,32.70,33.226789510985116938,8466,46,281298.00,7756,91.61,2.35,-2.20
17-November-2017,35.35,35.40,33.10,34.25,34.138132510197332157,9071,45,309667.00,7931,87.43,2.30,-1.10
16-November-2017,33.80,34.70,31.15,32.30,32.693728509265739585,32863,98,1074414.00,20070,61.07,3.55,-1.50
15-November-2017,34.00,34.00,31.00,32.05,32.072399971369264905,27942,132,896167.00,18069,64.67,3.00,-1.95
14-November-2017,34.30,35.00,32.20,34.00,33.623281189110950286,17963,70,603975.00,12262,68.26,2.80,-0.30
13-November-2017,34.00,34.50,33.20,33.75,33.762822056344810980,4153,55,140217.00,1983,47.75,1.30,-0.25
10-November-2017,34.10,35.60,34.10,35.00,35.004727272727272727,5500,35,192526.00,4845,88.09,1.50,0.90
9-November-2017,35.70,35.70,33.90,34.35,34.371217502486148600,7039,51,241939.00,4140,58.82,1.80,-1.35
8-November-2017,34.70,36.25,34.00,34.35,34.738647189583994919,9447,50,328176.00,7958,84.24,2.25,-0.35
7-November-2017,36.95,36.95,33.90,35.00,34.577553305175309144,39302,175,1358967.00,22178,56.43,3.05,-1.95
6-November-2017,36.10,36.85,34.60,35.20,35.552722376504249768,11883,58,422473.00,10372,87.28,2.25,-0.90
3-November-2017,37.40,37.50,31.50,37.30,36.403966801725264671,30604,107,1114107.00,21823,71.31,6.00,-0.10
2-November-2017,38.00,38.00,34.30,35.95,35.487954250486696950,24656,115,874991.00,19686,79.84,3.70,-2.05
1-November-2017,38.05,39.00,35.60,37.00,37.041761279494520683,10129,147,375196.00,7473,73.78,3.40,-1.05
31-October-2017,36.05,37.00,35.50,36.20,36.223336313705454080,15658,97,567185.00,13697,87.48,1.50,0.15
30-October-2017,36.00,37.50,35.50,36.80,36.807680798004987531,10025,62,368997.00,5897,58.82,2.00,0.80
27-October-2017,38.55,38.55,35.55,36.45,36.725341525589907837,15299,66,561861.00,13533,88.46,3.00,-2.10
26-October-2017,38.05,38.05,36.60,37.00,36.969148498560263266,4862,50,179744.00,3848,79.14,1.45,-1.05
25-October-2017,37.50,39.35,36.40,36.65,37.025205311899353485,22892,137,847581.00,19898,86.92,2.95,-0.85
24-October-2017,39.20,39.35,37.00,38.00,38.192914236336141715,32403,132,1237565.00,27758,85.66,2.35,-1.20
23-October-2017,39.20,40.00,38.00,39.20,38.950949913644214162,11580,83,451052.00,9156,79.07,2.00,0.00
19-October-2017,40.00,40.40,38.05,39.70,39.985686621200639892,11877,116,474910.00,10270,86.47,2.35,-0.30
18-October-2017,40.90,40.90,38.20,39.20,39.358377257409487600,23146,176,910989.00,15717,67.90,2.70,-1.70
17-October-2017,37.50,39.20,36.00,38.55,38.045602496560518103,29801,172,1133797.00,22946,77.00,3.20,1.05
16-October-2017,38.25,40.30,37.00,37.50,38.375580281482573133,27142,135,1041590.00,20989,77.33,3.30,-0.75
13-October-2017,38.10,41.35,37.50,38.35,39.954554569609465082,119682,417,4781841.00,74620,62.35,3.85,0.25
12-October-2017,36.00,39.50,36.00,38.25,37.954737905011603394,56449,118,2142507.00,34379,60.90,3.50,2.25
11-October-2017,41.50,41.50,35.80,37.85,39.238958460440730897,96703,319,3794525.00,73797,76.31,5.70,-3.65
10-October-2017,34.40,40.40,33.60,38.05,36.736173495628321618,58330,331,2142821.00,48863,83.77,6.80,3.65
9-October-2017,35.00,35.00,32.15,34.00,33.935168054270736971,38916,182,1320621.00,28254,72.60,2.85,-1.00
6-October-2017,29.50,33.30,29.50,32.90,31.782380069824576526,23201,76,737383.00,20170,86.94,3.80,3.40
5-October-2017,29.60,30.60,29.50,30.00,30.119475409836065573,7625,30,229661.00,6626,86.90,1.10,0.40
4-October-2017,30.80,30.80,29.15,29.40,29.598592581732883741,6821,28,201892.00,5719,83.84,1.65,-1.40
3-October-2017,30.80,30.80,29.00,29.90,29.707997520148791072,9678,42,287514.00,9078,93.80,1.80,-0.90
29-September-2017,29.80,29.80,27.25,29.05,28.262912426765340733,25944,151,733253.00,17117,65.98,2.55,-0.75
28-September-2017,28.50,29.70,27.50,28.90,28.541151977793199167,7205,59,205639.00,5905,81.96,2.20,0.40
27-September-2017,30.90,32.00,27.00,27.55,28.479516453995970449,29780,159,848120.00,23271,78.14,5.00,-3.35
26-September-2017,31.00,31.60,26.90,31.20,30.344020267318948196,11447,109,347348.00,8429,73.64,4.70,0.20
25-September-2017,29.90,31.00,28.50,29.85,29.251040408108470935,14898,92,435782.00,13778,92.48,2.50,-0.05
22-September-2017,31.50,32.65,30.00,30.40,30.918996768301250526,14234,124,440101.00,11343,79.69,2.65,-1.10
21-September-2017,32.90,32.90,30.70,32.35,32.129542951541850220,7264,58,233389.00,5460,75.17,2.20,-0.55
20-September-2017,32.00,32.50,30.50,32.00,31.832268880728085581,12526,85,398731.00,8777,70.07,2.00,0.00
19-September-2017,33.45,33.45,30.60,32.30,32.304276560870213082,13422,87,433588.00,10071,75.03,2.85,-1.15
18-September-2017,30.65,32.50,30.65,32.50,32.256067360079247152,16152,50,521000.00,14109,87.35,1.85,1.85
15-September-2017,33.95,34.00,31.55,32.15,32.465861115155044402,6869,45,223008.00,5008,72.91,2.45,-1.80
14-September-2017,32.00,33.25,32.00,32.30,32.494496644295302013,11175,81,363126.00,6840,61.21,1.25,0.30
13-September-2017,33.15,33.70,32.00,32.85,33.114652769361289540,8251,31,273229.00,7382,89.47,1.70,-0.30
12-September-2017,32.80,33.90,32.80,33.30,33.426318050696618179,32586,129,1089230.00,24979,76.66,1.10,0.50
11-September-2017,30.05,34.40,30.05,32.45,32.691072820444783495,60299,199,1971239.00,37390,62.01,4.35,2.40
8-September-2017,29.70,31.00,29.70,30.00,30.320852162685603615,12392,35,375736.00,7914,63.86,1.30,0.30
7-September-2017,30.00,30.80,29.65,29.80,30.106173380035026269,9136,36,275050.00,8086,88.51,1.15,-0.20
6-September-2017,31.20,31.25,29.55,30.20,30.243297587131367292,10444,52,315861.00,6816,65.26,1.70,-1.00
5-September-2017,27.05,31.40,27.05,30.90,30.568944099378881987,7245,45,221472.00,5604,77.35,4.35,3.85
4-September-2017,29.15,30.00,28.80,29.45,29.397044854881266490,9475,51,278537.00,8000,84.43,1.20,0.30
1-September-2017,30.00,30.95,28.20,30.85,29.886312535132096683,7116,32,212671.00,5896,82.86,2.75,0.85
31-August-2017,30.00,30.20,29.10,29.70,29.479054458408138839,6684,36,197038.00,6650,99.49,1.10,-0.30
30-August-2017,30.50,31.00,30.00,30.50,30.805908622466506355,5822,34,179352.00,4454,76.50,1.00,0.00
29-August-2017,30.05,31.65,28.80,29.80,30.124526653073113894,13732,94,413670.00,9837,71.64,2.85,-0.25
28-August-2017,29.90,31.80,29.05,31.35,30.826419573962936094,30326,152,934842.00,23980,79.07,2.75,1.45
24-August-2017,28.00,28.95,27.90,28.80,28.688101826231322634,18070,69,518394.00,15765,87.24,1.05,0.80
23-August-2017,27.90,28.25,26.50,27.40,27.238051926575161236,12094,30,329417.00,11000,90.95,1.75,-0.50
22-August-2017,27.25,27.70,26.00,26.35,26.624266773804740859,12445,33,331339.00,12414,99.75,1.70,-0.90
21-August-2017,28.40,28.50,27.10,27.15,27.805394671520767830,6043,34,168028.00,5039,83.39,1.40,-1.25
18-August-2017,28.50,29.50,27.00,27.10,28.026277460856900109,16478,51,461817.00,11126,67.52,2.50,-1.40
17-August-2017,26.60,28.75,26.50,27.20,27.718725718725718725,18018,64,499436.00,15780,87.58,2.25,0.60
16-August-2017,26.00,27.95,26.00,26.60,26.871199020031704856,27756,93,745837.00,20550,74.04,1.95,0.60
14-August-2017,31.40,31.40,26.20,26.40,27.532640877542105518,20603,119,567255.00,15395,74.72,5.20,-5.00
11-August-2017,28.50,29.00,25.30,26.95,26.629429663013886664,43711,120,1163999.00,28461,65.11,3.70,-1.55
10-August-2017,31.55,31.55,28.25,28.50,28.801562500000000000,17280,98,497691.00,12803,74.09,3.30,-3.05
9-August-2017,33.20,33.20,29.00,29.40,29.960805435863440503,12068,81,361567.00,11089,91.89,4.20,-3.80
8-August-2017,31.55,33.00,30.55,31.20,31.210934552010397886,23851,119,744412.00,16523,69.28,2.45,-0.35
7-August-2017,34.00,34.95,31.65,33.45,32.889981701738334858,4372,44,143795.00,2405,55.01,3.30,-0.55
4-August-2017,33.40,34.20,33.20,33.85,33.411339962121212121,8448,20,282259.00,6659,78.82,1.00,0.45
3-August-2017,32.95,35.40,32.90,33.65,34.080541291002458892,59783,135,2037437.00,34905,58.39,2.50,0.70
2-August-2017,32.15,32.95,31.70,31.80,32.107995846313603322,1926,30,61840.00,1506,78.19,1.25,-0.35
1-August-2017,32.20,33.50,31.30,32.30,32.454515133828066372,11993,72,389227.00,10486,87.43,2.20,0.10
31-July-2017,34.50,34.50,32.85,33.40,33.351282051282051282,8970,41,299161.00,7037,78.45,1.65,-1.10
28-July-2017,33.10,34.05,33.10,33.45,33.323161011159189250,8782,61,292644.00,6056,68.96,0.95,0.35
27-July-2017,34.55,35.90,33.50,33.70,34.395994599459945994,22220,87,764279.00,16725,75.27,2.40,-0.85
26-July-2017,34.35,35.70,34.25,34.30,34.600186077983591305,11823,41,409078.00,10369,87.70,1.45,-0.05
25-July-2017,36.95,36.95,34.15,34.25,35.208688007033529153,25023,89,881027.00,18243,72.90,2.80,-2.70
24-July-2017,34.65,37.00,34.60,36.25,35.933624929452551801,49612,157,1782739.00,31992,64.48,2.40,1.60
21-July-2017,36.15,37.70,33.80,34.00,35.759700895027308341,69942,291,2501105.00,51958,74.29,3.90,-2.15
20-July-2017,33.00,36.40,33.00,35.95,35.072825064985343730,72324,265,2536607.00,46988,64.97,3.40,2.95
19-July-2017,32.00,34.85,30.70,34.40,33.727976223854651488,124831,491,4210297.00,90519,72.51,4.15,2.40
18-July-2017,31.80,33.85,30.20,30.80,31.842172443999499436,79910,312,2544508.00,48252,60.38,3.65,-1.00
17-July-2017,26.80,32.50,26.60,32.20,31.237716996149461139,185948,515,5808591.00,96926,52.13,5.90,5.40
14-July-2017,27.60,28.00,26.35,27.10,26.919881858336437656,37582,95,1011703.00,28713,76.40,1.65,-0.50
13-July-2017,27.00,28.20,27.00,27.60,27.369154869154869154,9324,37,255190.00,6505,69.77,1.20,0.60
12-July-2017,28.50,29.40,27.00,27.20,28.232095068178921880,31388,82,886149.00,24932,79.43,2.40,-1.30
11-July-2017,29.90,30.95,28.00,28.50,29.715314572162822424,63038,231,1873194.00,44755,71.00,2.95,-1.40
10-July-2017,28.15,29.95,26.10,29.45,28.981726082385549077,52315,190,1516179.00,43071,82.33,3.85,1.30
7-July-2017,26.30,27.45,26.30,26.85,26.883192771084337349,16600,34,446261.00,11995,72.26,1.15,0.55
6-July-2017,27.00,27.60,26.80,27.35,27.067408781694495980,9702,24,262608.00,9076,93.55,0.80,0.35
5-July-2017,26.75,27.90,26.50,26.80,27.099972980275601188,3701,13,100297.00,2950,79.71,1.40,0.05
4-July-2017,25.55,28.45,25.55,26.70,27.032121100239985231,10834,25,292866.00,9274,85.60,2.90,1.15
3-July-2017,26.70,28.80,26.50,27.40,27.199036405985769439,31341,52,852445.00,23192,74.00,2.30,0.70
30-June-2017,25.30,26.70,25.25,26.25,25.668284487586335635,5357,18,137505.00,4556,85.05,1.45,0.95
29-June-2017,25.05,27.70,25.05,26.25,26.600614439324116743,2604,18,69268.00,1904,73.12,2.65,1.20
28-June-2017,25.40,27.80,25.00,26.00,25.839567604667124227,5828,38,150593.00,4289,73.59,2.80,0.60
27-June-2017,26.35,26.45,25.50,26.00,25.694606413994169096,5488,33,141012.00,3202,58.35,0.95,-0.35
23-June-2017,27.50,27.50,26.15,26.65,27.021302181755712076,17463,42,471873.00,13510,77.36,1.35,-0.85
22-June-2017,26.95,28.35,26.95,27.40,27.693881000676132521,47328,175,1310696.00,32830,69.37,1.40,0.45
21-June-2017,25.00,27.40,25.00,26.00,25.799466666666666666,5625,32,145122.00,5420,96.36,2.40,1.00
20-June-2017,27.45,27.45,25.50,26.10,26.134493413563181005,6149,37,160701.00,5381,87.51,1.95,-1.35
19-June-2017,26.50,27.50,25.45,26.70,26.827160493827160493,30699,88,823567.00,21094,68.71,2.05,0.20
16-June-2017,25.75,25.75,24.60,25.00,25.139591078066914498,5380,27,135251.00,5159,95.89,1.15,-0.75
15-June-2017,26.20,26.90,25.50,25.50,25.908308121945543402,12891,46,333984.00,11065,85.84,1.40,-0.70
14-June-2017,26.50,26.95,25.20,25.65,26.203306727480045610,35080,128,919212.00,22541,64.26,1.75,-0.85
13-June-2017,28.90,28.90,27.00,27.20,27.628790025502975347,3529,34,97502.00,3480,98.61,1.90,-1.70
12-June-2017,29.00,29.50,27.15,27.95,28.421640903686087990,12615,57,358539.00,11859,94.01,2.35,-1.05
9-June-2017,28.50,28.90,25.55,28.40,27.849959970761251696,57458,179,1600203.00,42767,74.43,3.35,-0.10
8-June-2017,25.80,28.00,24.15,26.75,26.544779456075892770,51441,122,1365490.00,44486,86.48,3.85,0.95
7-June-2017,24.00,26.00,24.00,25.80,25.810631229235880398,16555,39,427295.00,14398,86.97,2.00,1.80
6-June-2017,25.00,25.00,23.80,24.25,24.369253583786455758,2023,16,49299.00,1862,92.04,1.20,-0.75
5-June-2017,25.55,26.90,25.05,25.60,25.641351943076081007,7308,56,187387.00,6296,86.15,1.85,0.05
2-June-2017,24.95,25.70,24.05,25.55,25.278341180731618978,27610,199,697935.00,25362,91.86,1.65,0.60
1-June-2017,25.00,25.20,23.05,23.40,23.412189254210104250,6235,30,145975.00,4441,71.23,2.15,-1.60
31-May-2017,23.50,24.65,23.50,24.25,24.595186228149407576,37642,98,925812.00,31084,82.58,1.15,0.75
30-May-2017,22.90,22.95,22.00,22.45,22.402274641954507160,4748,35,106366.00,4219,88.86,0.95,-0.45
29-May-2017,23.80,23.80,22.00,22.30,22.449315068493150684,3650,28,81940.00,2148,58.85,1.80,-1.50
26-May-2017,23.50,23.75,22.15,23.55,23.407396536542412679,3407,55,79749.00,1911,56.09,1.60,0.05
25-May-2017,22.05,22.50,22.00,22.05,22.134065934065934065,2275,17,50355.00,2148,94.42,0.50,0.00
24-May-2017,23.00,23.00,22.00,22.05,22.371630578877596111,6789,46,151881.00,5210,76.74,1.00,-0.95
23-May-2017,23.00,23.00,21.85,22.00,22.089492379970207402,8727,69,192775.00,5878,67.35,1.15,-1.00
22-May-2017,24.00,24.00,22.20,22.85,22.919202610919996471,11337,58,259835.00,7394,65.22,1.80,-1.15
19-May-2017,24.10,24.80,23.10,23.80,23.845422379478107032,13566,84,323487.00,9310,68.63,1.70,-0.30
18-May-2017,23.60,25.00,23.50,23.90,23.772137745974955277,4472,30,106309.00,3710,82.96,1.50,0.30
17-May-2017,24.25,25.00,23.85,24.80,24.509804427473037824,38758,112,949951.00,34385,88.72,1.15,0.55
16-May-2017,24.80,24.80,23.50,23.50,23.811570247933884297,3025,10,72030.00,2975,98.35,1.30,-1.30
15-May-2017,22.85,24.00,22.85,23.95,23.919016506189821182,11632,18,278226.00,11632,100.00,1.15,1.10
12-May-2017,24.80,24.80,22.60,22.85,23.715828285488543587,11391,32,270147.00,10605,93.10,2.20,-1.95
11-May-2017,23.75,23.90,22.50,23.45,23.273617846750727449,10310,27,239951.00,9630,93.40,1.40,-0.30
10-May-2017,22.60,23.95,22.00,23.75,22.897603810090787319,6719,41,153849.00,5243,78.03,1.95,1.15
9-May-2017,22.25,23.00,21.45,22.60,22.366517596733424071,5143,25,115031.00,4525,87.98,1.55,0.35
8-May-2017,22.55,22.85,20.55,21.90,21.635994419469849635,64510,146,1395738.00,36092,55.95,2.30,-0.65
5-May-2017,23.50,23.75,22.75,22.80,23.080168343256004927,9742,35,224847.00,7792,79.98,1.00,-0.70
4-May-2017,23.50,24.00,23.30,23.75,23.549169209901661580,5898,16,138893.00,5898,100.00,0.70,0.25
3-May-2017,23.90,24.00,23.35,24.00,23.804968027545499262,4066,17,96791.00,3866,95.08,0.65,0.10
2-May-2017,23.75,24.00,23.60,23.80,23.790709744388218502,7707,24,183355.00,6505,84.40,0.40,0.05
28-April-2017,24.80,24.80,23.60,23.70,23.906171767230368364,39146,67,935831.00,35986,91.93,1.20,-1.10
27-April-2017,25.30,25.35,23.50,23.70,24.525375069457306908,21596,66,529650.00,16470,76.26,1.85,-1.60
26-April-2017,24.00,25.50,23.80,24.00,24.671178675551853394,9604,45,236942.00,8674,90.32,1.70,0.00
25-April-2017,24.50,25.00,23.25,24.00,23.832954882021917267,10129,58,241404.00,9511,93.90,1.75,-0.50
24-April-2017,25.50,25.50,23.50,23.80,24.400797039567321377,24591,79,600040.00,23239,94.50,2.00,-1.70
21-April-2017,25.95,26.10,25.10,25.20,25.474480286738351254,13950,46,355369.00,13443,96.37,1.00,-0.75
20-April-2017,26.55,26.55,25.00,25.35,25.362580535774838928,11796,41,299177.00,10461,88.68,1.55,-1.20
19-April-2017,25.90,26.00,25.20,25.85,25.779679144385026737,9350,39,241040.00,7739,82.77,0.80,-0.05
18-April-2017,25.75,26.45,24.50,25.25,25.655059283987567629,17374,58,445731.00,14314,82.39,1.95,-0.50
17-April-2017,25.05,27.40,25.00,25.55,26.182257987258705752,20877,128,546607.00,14329,68.64,2.40,0.50
13-April-2017,27.90,27.90,26.00,26.05,26.355286238239515228,12542,74,330548.00,10651,84.92,1.90,-1.85
12-April-2017,27.10,28.00,25.50,27.00,26.680176396472070558,47620,168,1270510.00,37946,79.69,2.50,-0.10
11-April-2017,25.95,29.70,25.95,28.15,27.954942294051746425,150851,508,4217031.00,105183,69.73,3.75,2.20
10-April-2017,23.20,26.30,23.20,25.75,25.648571434968441933,446637,842,11455601.00,289552,64.83,3.10,2.55
7-April-2017,22.10,22.10,20.40,21.95,21.888498147887654147,42654,57,933632.00,40260,94.39,1.70,-0.15
6-April-2017,22.90,24.80,22.50,22.50,23.017940012455551760,49777,81,1145764.00,49627,99.70,2.30,-0.40
5-April-2017,21.00,22.80,20.00,22.00,21.870791170009723072,55538,77,1214660.00,53357,96.07,2.80,1.00
3-April-2017,18.50,20.10,18.50,20.00,19.987689034121133824,13159,25,263018.00,9262,70.39,1.60,1.50
31-March-2017,19.80,19.80,18.35,18.50,18.362240982348426707,1303,8,23926.00,1200,92.10,1.45,-1.30
30-March-2017,19.45,19.45,18.15,18.50,18.565217391304347826,5382,22,99918.00,4964,92.23,1.30,-0.95
29-March-2017,19.00,19.00,17.75,17.75,18.496579601990049751,3216,39,59485.00,2964,92.16,1.25,-1.25
28-March-2017,19.10,19.50,18.75,19.50,19.239130434782608695,46,7,885.00,21,45.65,0.75,0.40
27-March-2017,19.60,19.60,18.15,19.45,19.076059850374064837,3208,46,61196.00,2060,64.21,1.45,-0.15
24-March-2017,17.70,18.90,17.70,18.10,17.751095530236634531,2282,12,40508.00,2178,95.44,1.20,0.40
23-March-2017,17.50,19.30,17.50,19.00,18.786757546251217137,1027,18,19294.00,927,90.26,1.80,1.50
22-March-2017,18.80,18.95,18.00,18.75,18.543924931240899530,6181,18,114620.00,6080,98.37,0.95,-0.05
21-March-2017,18.00,18.90,18.00,18.85,18.208387096774193548,7750,16,141115.00,7745,99.94,0.90,0.85
20-March-2017,17.60,18.00,17.60,17.65,17.650349650349650349,1001,8,17668.00,1000,99.90,0.40,0.05
17-March-2017,17.50,18.45,17.50,17.85,17.970000000000000000,400,8,7188.00,340,85.00,0.95,0.35
16-March-2017,20.10,20.10,17.25,18.80,18.296584376056814338,2957,16,54103.00,2553,86.34,2.85,-1.30
15-March-2017,18.20,18.80,18.00,18.00,18.180141758769822200,16648,28,302663.00,16587,99.63,0.80,-0.20
14-March-2017,18.50,18.95,17.30,18.15,17.798682703321878579,3492,42,62153.00,3077,88.12,1.65,-0.35
10-March-2017,17.80,18.20,17.80,18.20,17.947583947583947583,1221,5,21914.00,1221,100.00,0.40,0.40
9-March-2017,17.90,17.90,17.00,17.25,17.550024888003982080,2009,8,35258.00,2000,99.55,0.90,-0.65
8-March-2017,18.00,18.00,17.90,17.90,17.991026919242273180,1003,7,18045.00,1003,100.00,0.10,-0.10
7-March-2017,20.20,20.20,17.50,18.40,18.430327056491575817,5045,41,92981.00,4655,92.27,2.70,-1.80
6-March-2017,19.50,20.55,18.80,19.00,19.255813953488372093,3354,24,64584.00,2698,80.44,1.75,-0.50
3-March-2017,18.50,19.80,18.50,19.00,18.713471713471713471,2457,18,45979.00,2252,91.66,1.30,0.50
2-March-2017,18.60,20.50,18.60,19.50,19.296933626601112692,15458,37,298292.00,15122,97.83,1.90,0.90
1-March-2017,19.40,19.40,18.00,18.60,18.676130181026807795,10109,43,188797.00,7901,78.16,1.40,-0.80
28-February-2017,19.00,19.70,19.00,19.25,19.237391016444101092,9061,16,174310.00,8710,96.13,0.70,0.25
27-February-2017,20.00,20.55,19.50,19.55,19.586931640828217667,9611,26,188250.00,9606,99.95,1.05,-0.45
23-February-2017,19.65,20.80,19.65,20.00,20.054511528721844595,7503,19,150469.00,6952,92.66,1.15,0.35
22-February-2017,21.00,21.00,20.10,20.30,20.411956367757472729,14118,22,288176.00,13818,97.88,0.90,-0.70
21-February-2017,19.65,21.05,19.50,20.10,20.686349903872562482,29128,76,602552.00,18631,63.96,1.55,0.45
20-February-2017,19.50,20.10,19.30,19.60,19.565625000000000000,3200,7,62610.00,3200,100.00,0.80,0.10
17-February-2017,22.00,22.00,19.95,20.00,20.749488543371522094,9776,48,202847.00,7985,81.68,2.05,-2.00
16-February-2017,18.05,22.00,18.05,21.50,21.192531627761003430,184806,218,3916507.00,98023,53.04,3.95,3.45
15-February-2017,19.30,19.30,19.00,19.00,19.123130034522439585,8690,16,166180.00,8690,100.00,0.30,-0.30
14-February-2017,19.45,19.50,18.80,19.00,19.137469586374695863,2466,16,47193.00,2447,99.23,0.70,-0.45
13-February-2017,20.00,20.00,19.15,19.95,19.984722222222222222,9360,13,187057.00,9208,98.38,0.85,-0.05
10-February-2017,19.10,20.40,19.05,19.20,19.776292971539324696,9803,35,193867.00,9252,94.38,1.35,0.10
9-February-2017,20.35,22.35,19.55,20.00,20.994163293601985821,44717,88,938796.00,32406,72.47,2.80,-0.35
8-February-2017,21.20,21.20,19.30,19.90,19.959054083643529669,9134,33,182306.00,8874,97.15,1.90,-1.30
7-February-2017,20.55,21.50,19.00,19.10,19.596993350679387106,17295,47,338930.00,15105,87.34,2.50,-1.45
6-February-2017,17.95,21.50,17.95,20.15,20.294326792737939156,45001,166,913265.00,29508,65.57,3.55,2.20
3-February-2017,16.75,18.45,16.15,17.95,17.638743903482501925,23374,69,412288.00,21419,91.64,2.30,1.20
2-February-2017,16.30,16.80,16.30,16.50,16.436955820702999032,3101,13,50971.00,3095,99.81,0.50,0.20
1-February-2017,16.70,16.70,16.00,16.35,16.000000000000000000,2,2,32.00,1,50.00,0.70,-0.35
31-January-2017,16.70,17.40,16.00,16.00,16.513636363636363636,7920,31,130788.00,6044,76.31,1.40,-0.70
30-January-2017,15.70,16.25,15.70,16.25,15.820686900958466453,2504,9,39615.00,2504,100.00,0.55,0.55
27-January-2017,16.40,16.50,16.05,16.25,16.362850438433987896,8097,32,132490.00,8097,100.00,0.45,-0.15
25-January-2017,16.00,16.55,15.30,15.95,15.971910468581573774,15771,54,251893.00,14905,94.51,1.25,-0.05
24-January-2017,15.80,15.95,15.40,15.80,15.575581395348837209,688,11,10716.00,573,83.28,0.55,0.00
23-January-2017,16.40,16.40,15.25,15.40,15.495579339227547696,8596,41,133200.00,7004,81.48,1.15,-1.00
20-January-2017,15.30,16.90,15.30,15.95,15.661228122218926134,3371,18,52794.00,2881,85.46,1.60,0.65
19-January-2017,16.00,16.00,15.85,15.85,15.994230769230769230,5200,4,83170.00,5200,100.00,0.15,-0.15
18-January-2017,16.65,16.65,15.60,15.85,15.861686017163048965,1981,31,31422.00,1180,59.57,1.05,-0.80
17-January-2017,16.00,16.90,15.70,16.00,16.035950532067874604,13908,36,223028.00,13192,94.85,1.20,0.00
16-January-2017,15.50,15.95,15.50,15.95,15.694391244870041039,3655,5,57363.00,3555,97.26,0.45,0.45
13-January-2017,16.00,16.10,15.65,15.80,15.735599078341013824,6944,12,109268.00,6944,100.00,0.45,-0.20
12-January-2017,15.60,16.00,15.55,15.75,15.679242555651922520,6918,21,108469.00,6329,91.49,0.45,0.15
11-January-2017,16.25,17.20,15.80,16.10,16.123560209424083769,955,17,15398.00,808,84.61,1.40,-0.15
10-January-2017,15.50,16.35,15.50,16.25,15.987138263665594855,622,10,9944.00,580,93.25,0.85,0.75
9-January-2017,16.35,16.35,15.90,15.95,15.944262295081967213,610,6,9726.00,605,99.18,0.45,-0.40
6-January-2017,16.65,16.65,15.30,15.35,15.506087528792365909,6078,28,94246.00,5000,82.26,1.35,-1.30
5-January-2017,15.70,17.45,15.50,15.85,15.864632510063111862,20123,45,319244.00,15701,78.03,1.95,0.15
4-January-2017,16.35,16.35,14.55,16.00,15.941218130311614730,11296,43,180072.00,9456,83.71,1.80,-0.35
3-January-2017,16.20,17.00,15.60,16.25,16.327546065322956163,15033,34,245452.00,14703,97.80,1.40,0.05
2-January-2017,15.00,16.00,15.00,15.90,15.208645833333333333,19200,22,292006.00,16100,83.85,1.00,0.90
30-December-2016,14.65,15.94,14.65,15.54,15.229109736804257155,6953,16,105888.00,6551,94.22,1.29,0.89
29-December-2016,15.40,15.40,15.30,15.40,15.376190476190476190,1050,7,16145.00,1050,100.00,0.10,0.00
28-December-2016,15.35,15.35,15.35,15.35,15.000000000000000000,1,1,15.00,1,100.00,0.00,0.00
27-December-2016,14.95,16.45,14.50,15.11,15.543194357147845519,14319,70,222563.00,11345,79.23,1.95,0.16
26-December-2016,14.00,14.99,14.00,14.46,14.325888888888888888,9000,41,128933.00,6263,69.59,0.99,0.46
23-December-2016,14.50,14.70,14.17,14.50,14.223880597014925373,335,8,4765.00,312,93.13,0.53,0.00
22-December-2016,14.50,15.00,14.00,14.93,14.844834710743801652,4840,20,71849.00,4090,84.50,1.00,0.43
21-December-2016,15.34,15.34,14.55,14.55,14.689546599496221662,3176,17,46654.00,2666,83.94,0.79,-0.79
20-December-2016,15.30,15.30,15.30,15.30,15.000000000000000000,1,1,15.00,1,100.00,0.00,0.00
19-December-2016,13.30,15.25,13.30,15.25,15.166774402068519715,1547,13,23463.00,1486,96.06,1.95,1.95
16-December-2016,14.95,15.00,14.50,15.00,14.892603850050658561,987,7,14699.00,977,98.99,0.50,0.05
15-December-2016,15.35,15.35,14.14,15.00,15.001597444089456869,3130,8,46955.00,3128,99.94,1.21,-0.35
14-December-2016,14.00,15.00,14.00,14.92,14.765827093260721579,5876,20,86764.00,5116,87.07,1.00,0.92
13-December-2016,14.50,15.29,14.50,14.50,14.500000000000000000,212,4,3074.00,210,99.06,0.79,0.00
12-December-2016,14.34,15.00,14.34,14.85,14.850594227504244482,2356,12,34988.00,2331,98.94,0.66,0.51
9-December-2016,14.20,15.20,14.20,15.20,15.066557107641741988,4868,17,73344.00,4794,98.48,1.00,1.00
8-December-2016,14.35,15.00,14.25,14.31,14.553053435114503816,5240,14,76258.00,5070,96.76,0.75,-0.04
7-December-2016,14.10,15.00,13.80,14.76,14.611299435028248587,1770,24,25862.00,1440,81.36,1.20,0.66
6-December-2016,14.13,14.49,14.00,14.10,14.336727528089887640,5696,26,81662.00,5375,94.36,0.49,-0.03
5-December-2016,15.08,15.40,14.02,14.19,14.432098765432098765,567,16,8183.00,268,47.27,1.38,-0.89
2-December-2016,14.05,15.01,14.02,15.00,14.633738601823708206,3290,17,48145.00,2100,63.83,0.99,0.95
1-December-2016,14.05,15.00,14.00,14.78,14.523260601070399341,2429,21,35277.00,1713,70.52,1.00,0.73
30-November-2016,15.00,15.00,14.30,14.82,14.635922330097087378,2266,17,33165.00,1628,71.84,0.70,-0.18
29-November-2016,14.50,14.90,14.50,14.90,14.650000000000000000,5400,11,79110.00,4400,81.48,0.40,0.40
28-November-2016,14.50,14.90,14.15,14.65,14.613988095238095238,3360,14,49103.00,3350,99.70,0.75,0.15
25-November-2016,14.00,14.25,14.00,14.20,14.123175182481751824,3288,3,46437.00,3288,100.00,0.25,0.20
24-November-2016,14.15,14.21,13.61,14.15,14.007237752115032006,31087,44,435443.00,30355,97.65,0.60,0.00
23-November-2016,14.80,14.80,13.90,14.26,14.134240481486327358,7643,51,108028.00,5491,71.84,0.90,-0.54
22-November-2016,14.45,14.95,13.80,14.20,14.009271523178807947,1510,21,21154.00,1280,84.77,1.15,-0.25
21-November-2016,15.00,15.00,13.90,14.01,14.108393285371702637,2085,31,29416.00,2076,99.57,1.10,-0.99
18-November-2016,14.50,15.00,14.00,14.04,14.152063087462163453,12554,33,177665.00,11554,92.03,1.00,-0.46
17-November-2016,14.50,15.30,14.50,15.30,14.756821829855537720,1246,13,18387.00,702,56.34,0.80,0.80
16-November-2016,15.00,16.29,14.78,14.90,15.211883619875307009,10586,67,161033.00,7503,70.88,1.51,-0.10
15-November-2016,17.94,17.94,14.57,14.90,15.122082436682668432,12082,36,182705.00,8511,70.44,3.37,-3.04
11-November-2016,15.85,15.95,15.00,15.60,15.763250883392226148,7641,33,120447.00,5042,65.99,0.95,-0.25
10-November-2016,15.59,16.50,15.30,15.89,15.684194620731338773,6618,23,103798.00,5718,86.40,1.20,0.30
9-November-2016,14.59,15.25,14.59,14.96,14.875335229581470946,24610,36,366082.00,23500,95.49,0.66,0.37
8-November-2016,14.60,15.10,14.47,15.07,14.977831036548831635,5007,16,74994.00,4136,82.60,0.63,0.47
7-November-2016,15.00,15.00,14.28,15.00,14.992937021777516185,23786,18,356622.00,23762,99.90,0.72,0.00
4-November-2016,15.00,15.20,14.20,14.70,14.826132114665558786,4814,34,71373.00,4114,85.46,1.00,-0.30
3-November-2016,15.50,15.90,15.00,15.04,15.171955618464910278,21901,67,332281.00,15600,71.23,0.90,-0.46
2-November-2016,14.00,16.00,13.00,15.00,14.683926011876322435,73255,139,1075671.00,51196,69.89,3.00,1.00
1-November-2016,13.64,14.90,13.64,14.00,14.404429860541427399,1219,8,17559.00,1019,83.59,1.26,0.36
30-October-2016,15.40,15.40,15.40,15.40,15.400000000000000000,110,2,1694.00,110,100.00,0.00,0.00
28-October-2016,13.61,15.19,13.61,14.79,14.704382359088692259,14353,73,211052.00,10342,72.05,1.58,1.18
27-October-2016,14.10,15.00,14.02,14.76,14.657739938080495356,12920,23,189378.00,12600,97.52,0.98,0.66
26-October-2016,14.00,14.69,14.00,14.64,14.456103827072997873,22576,40,326361.00,16989,75.25,0.69,0.64
25-October-2016,14.60,14.80,14.00,14.57,14.323900020656889072,4841,22,69342.00,3594,74.24,0.80,-0.03
24-October-2016,14.05,14.50,14.00,14.06,14.075201845444059976,17340,27,244064.00,16940,97.69,0.50,0.01
21-October-2016,14.39,14.50,13.70,14.00,14.030736202743742800,19098,20,267959.00,17800,93.20,0.80,-0.39
20-October-2016,13.55,14.35,13.55,13.77,13.766472185896791067,19882,20,273705.00,9882,49.70,0.80,0.22
19-October-2016,14.29,14.29,13.75,14.07,14.077411372316961643,18589,20,261685.00,18397,98.97,0.54,-0.22
18-October-2016,13.36,13.80,13.25,13.56,13.497364854690558650,13282,47,179272.00,10234,77.05,0.55,0.20
17-October-2016,13.50,14.10,13.50,13.95,13.882673831623514085,24564,45,341014.00,22529,91.72,0.60,0.45
14-October-2016,13.20,13.32,13.00,13.30,13.136635054443273621,5694,25,74800.00,3759,66.02,0.32,0.10
13-October-2016,13.40,13.90,13.10,13.43,13.225382003395585738,2356,19,31159.00,2080,88.29,0.80,0.03
10-October-2016,13.00,13.60,12.85,13.30,13.310555088309503784,9512,42,126610.00,7530,79.16,0.75,0.30
7-October-2016,13.88,13.88,12.30,13.29,13.138669334667333666,9995,63,131321.00,4309,43.11,1.58,-0.59
6-October-2016,13.88,13.88,13.15,13.38,13.309000000000000000,2000,14,26618.00,1761,88.05,0.73,-0.50
5-October-2016,13.00,13.40,12.76,13.01,13.003437500000000000,3200,23,41611.00,2940,91.88,0.64,0.01
4-October-2016,13.25,13.25,12.40,12.74,13.024282169443459766,5642,24,73483.00,4980,88.27,0.85,-0.51
3-October-2016,12.60,13.40,12.55,13.30,13.058236272878535773,2404,13,31392.00,2110,87.77,0.85,0.70
30-September-2016,14.40,14.40,12.51,12.91,12.834740651387213510,2487,17,31920.00,1986,79.86,1.89,-1.49
29-September-2016,13.88,13.88,12.80,12.94,13.161716171617161716,4545,14,59820.00,4544,99.98,1.08,-0.94
28-September-2016,13.50,13.50,13.30,13.30,13.464542936288088642,3610,21,48607.00,3610,100.00,0.20,-0.20
27-September-2016,13.10,13.75,13.10,13.75,13.290916880891173950,2334,16,31021.00,2156,92.37,0.65,0.65
26-September-2016,13.20,13.88,12.10,13.88,12.994989400655232222,5189,29,67431.00,5159,99.42,1.78,0.68
23-September-2016,13.40,13.85,13.00,13.50,13.395097037793667007,4895,40,65569.00,2500,51.07,0.85,0.10
22-September-2016,13.50,14.05,13.20,14.01,13.447912749153817224,2659,19,35758.00,1030,38.74,0.85,0.51
21-September-2016,12.00,14.00,11.53,14.00,13.009106960319672892,10761,35,139991.00,9716,90.29,2.47,2.00
20-September-2016,13.13,14.00,13.12,13.35,13.390550947867298578,6752,31,90413.00,6051,89.62,0.88,0.22
19-September-2016,13.51,13.80,13.00,13.35,13.453080690899716421,7758,37,104369.00,5265,67.87,0.80,-0.16
16-September-2016,13.76,14.35,13.70,14.35,13.912991299129912991,3333,17,46372.00,2749,82.48,0.65,0.59
15-September-2016,13.85,14.10,13.85,14.10,14.002322170618430701,8182,9,114567.00,7891,96.44,0.25,0.25
14-September-2016,14.18,14.75,13.75,13.92,14.045880149812734082,2136,7,30002.00,2031,95.08,1.00,-0.26
12-September-2016,14.96,14.96,13.75,14.18,14.097204161248374512,3076,16,43363.00,3026,98.37,1.21,-0.78
9-September-2016,15.29,15.90,14.17,14.96,15.060373398144056562,36208,47,545306.00,35507,98.06,1.73,-0.33
8-September-2016,12.80,15.25,12.80,15.00,14.582310335371263570,123982,130,1807944.00,116978,94.35,2.45,2.20
7-September-2016,12.00,12.90,12.00,12.90,12.759803921568627450,3468,19,44251.00,2187,63.06,0.90,0.90
6-September-2016,13.95,13.95,12.87,12.96,13.068542085286894396,4479,12,58534.00,4478,99.98,1.08,-0.99
2-September-2016,13.30,13.30,12.80,13.30,13.048780487804878048,41,3,535.00,21,51.22,0.50,0.00
1-September-2016,13.00,13.00,12.71,12.71,12.850000000000000000,20,2,257.00,10,50.00,0.29,-0.29
31-August-2016,14.00,14.00,12.71,12.99,12.994197292069632495,6721,34,87334.00,6380,94.93,1.29,-1.01
30-August-2016,12.00,13.58,12.00,13.58,12.508013937282229965,2870,12,35898.00,2870,100.00,1.58,1.58
29-August-2016,12.00,13.39,12.00,12.95,12.722580645161290322,14415,37,183396.00,12603,87.43,1.39,0.95
26-August-2016,13.00,13.15,12.62,12.65,12.917459429210968102,3574,23,46167.00,1352,37.83,0.53,-0.35
25-August-2016,13.30,13.80,13.00,13.11,13.146891464699683877,9490,39,124764.00,4653,49.03,0.80,-0.19
24-August-2016,13.60,13.60,13.02,13.30,13.369905194068551981,12341,42,164998.00,11730,95.05,0.58,-0.30
23-August-2016,13.50,13.80,13.05,13.53,13.325608732157850545,11910,53,158708.00,10085,84.68,0.75,0.03
22-August-2016,13.88,13.88,13.30,13.59,13.571270718232044198,905,10,12282.00,900,99.45,0.58,-0.29
19-August-2016,13.50,13.80,13.30,13.35,13.532936078006500541,9230,62,124909.00,9141,99.04,0.50,-0.15
18-August-2016,13.56,14.00,13.40,13.75,13.777268046063102705,10681,39,147155.00,9918,92.86,0.60,0.19
17-August-2016,14.00,14.00,13.20,13.51,13.778282009724473257,3085,13,42506.00,3000,97.24,0.80,-0.49
16-August-2016,13.90,13.99,13.66,13.86,13.905675954592363261,4845,21,67373.00,4820,99.48,0.33,-0.04
12-August-2016,13.99,13.99,13.65,13.78,13.723118279569892473,3348,28,45945.00,3182,95.04,0.34,-0.21
11-August-2016,14.20,14.40,13.40,13.64,13.743082061068702290,8384,57,115222.00,7655,91.30,1.00,-0.56
10-August-2016,14.20,14.20,14.00,14.20,14.030354131534569983,593,11,8320.00,593,100.00,0.20,0.00
9-August-2016,13.15,14.30,13.15,13.94,14.005714285714285714,5075,41,71079.00,4940,97.34,1.15,0.79
8-August-2016,14.11,14.70,14.00,14.09,14.293657688966116420,1151,11,16452.00,901,78.28,0.70,-0.02
5-August-2016,14.70,14.70,14.20,14.59,14.579054545454545454,20625,22,300693.00,20615,99.95,0.50,-0.11
4-August-2016,14.55,14.68,14.12,14.35,14.432374866879659211,11268,22,162624.00,10966,97.32,0.56,-0.20
3-August-2016,14.11,14.65,13.52,14.27,14.497121248254011515,29353,40,425534.00,28673,97.68,1.13,0.16
2-August-2016,14.00,14.60,13.99,14.33,14.321363699874248987,14314,49,204996.00,12138,84.80,0.61,0.33
1-August-2016,14.50,14.50,14.00,14.35,14.194796896394340483,10955,51,155504.00,7175,65.50,0.50,-0.15
29-July-2016,13.80,14.60,13.80,14.16,14.277715430861723446,24950,44,356229.00,24400,97.80,0.80,0.36
28-July-2016,13.10,14.80,13.10,14.10,14.187053161599020780,35947,33,509982.00,35397,98.47,1.70,1.00
27-July-2016,14.20,14.20,13.40,14.00,13.979872758820127241,17290,11,241712.00,16170,93.52,0.80,-0.20
26-July-2016,12.95,14.70,12.95,14.47,14.205408277735136092,67748,104,962388.00,64386,95.04,1.75,1.52
25-July-2016,14.25,14.25,12.85,13.17,13.625172334558823529,17408,46,237187.00,17401,99.96,1.40,-1.08
22-July-2016,13.90,14.25,13.05,13.71,13.731771455892899832,12549,39,172320.00,12219,97.37,1.20,-0.19
21-July-2016,14.48,14.48,13.50,13.78,13.908913308913308913,12285,61,170871.00,11222,91.35,0.98,-0.70
20-July-2016,14.00,14.40,13.60,13.77,13.958609271523178807,9060,49,126465.00,8010,88.41,0.80,-0.23
19-July-2016,14.00,14.50,13.73,13.83,13.963140348405878762,21297,88,297373.00,18442,86.59,0.77,-0.17
18-July-2016,15.00,15.10,13.50,13.78,14.321164476333418750,109268,404,1564845.00,86950,79.57,1.60,-1.22
15-July-2016,12.19,13.89,11.51,13.59,13.217969878275221786,106634,194,1409485.00,80742,75.72,2.38,1.40
14-July-2016,11.99,11.99,11.40,11.80,11.692151359721281331,10333,71,120815.00,7229,69.96,0.59,-0.19
13-July-2016,12.44,12.44,10.99,11.38,11.339844746528663581,27439,110,311154.00,20813,75.85,1.45,-1.06
12-July-2016,11.98,12.50,10.16,11.62,11.885801660113586719,11445,62,136033.00,7224,63.12,2.34,-0.36
11-July-2016,12.00,12.00,11.00,11.09,11.232875661578584030,13037,19,146443.00,10628,81.52,1.00,-0.91
8-July-2016,11.69,11.90,11.69,11.90,11.729166666666666666,1200,3,14075.00,1200,100.00,0.21,0.21
7-July-2016,12.10,12.10,10.53,11.74,11.387106100028910089,6918,32,78776.00,5812,84.01,1.57,-0.36
5-July-2016,11.75,12.00,11.75,11.80,11.867588325652841781,3255,8,38629.00,3255,100.00,0.25,0.05
4-July-2016,12.10,12.10,11.50,11.81,11.811738648947951273,903,3,10666.00,903,100.00,0.60,-0.29
1-July-2016,11.70,11.70,10.92,11.35,10.942857142857142857,105,3,1149.00,105,100.00,0.78,-0.35
30-June-2016,12.10,12.10,10.90,11.30,11.115017293892932734,19371,32,215309.00,17759,91.68,1.20,-0.80
29-June-2016,11.00,12.09,10.62,11.20,11.049004110022130888,3163,68,34948.00,635,20.08,1.47,0.20
28-June-2016,12.10,12.10,10.40,10.75,10.503060380479735318,6045,21,63491.00,5998,99.22,1.70,-1.35
27-June-2016,12.10,12.10,10.60,11.12,10.743589743589743589,273,11,2933.00,245,89.74,1.50,-0.98
24-June-2016,12.75,12.75,10.75,11.80,11.444444444444444444,27,13,309.00,14,51.85,2.00,-0.95
23-June-2016,11.50,11.50,10.60,10.74,10.843045112781954887,9576,35,103833.00,8215,85.79,0.90,-0.76
22-June-2016,10.50,11.00,10.50,10.75,10.884153005464480874,2745,11,29877.00,2704,98.51,0.50,0.25
21-June-2016,10.50,10.75,10.22,10.75,10.323217402981066201,7447,27,76877.00,6861,92.13,0.53,0.25
20-June-2016,10.10,11.50,10.10,10.12,10.126692456479690522,1034,7,10471.00,1012,97.87,1.40,0.02
16-June-2016,10.70,11.10,10.50,11.10,10.629261363636363636,704,6,7483.00,701,99.57,0.60,0.40
15-June-2016,10.70,10.79,10.06,10.39,10.536360280546327057,2709,35,28543.00,2222,82.02,0.73,-0.31
14-June-2016,11.40,11.40,10.70,10.75,10.719230769230769230,780,10,8361.00,740,94.87,0.70,-0.65
13-June-2016,9.60,10.80,9.51,10.80,9.832627716624329664,3543,32,34837.00,1910,53.91,1.29,1.20
10-June-2016,10.00,10.55,10.00,10.55,10.263795423956931359,1486,19,15252.00,937,63.06,0.55,0.55
9-June-2016,10.55,10.55,10.25,10.39,10.413265306122448979,588,6,6123.00,588,100.00,0.30,-0.16
8-June-2016,10.26,10.99,10.06,10.20,10.252685284640171858,3724,25,38181.00,2953,79.30,0.93,-0.06
7-June-2016,10.16,10.16,10.15,10.15,10.150724637681159420,2760,5,28016.00,2760,100.00,0.01,-0.01
6-June-2016,10.30,11.35,10.00,11.05,10.282559025133282559,1313,10,13501.00,1134,86.37,1.35,0.75
3-June-2016,10.55,10.55,9.62,10.20,10.340579710144927536,138,10,1427.00,56,40.58,0.93,-0.35
2-June-2016,9.51,11.40,9.36,10.03,10.172316762695966769,7463,49,75916.00,6168,82.65,2.04,0.52
1-June-2016,11.00,11.00,11.00,11.00,11.000000000000000000,300,1,3300.00,300,100.00,0.00,0.00
31-May-2016,11.25,11.50,9.50,10.82,10.846218664419633452,14241,27,154461.00,14222,99.87,2.00,-0.43
30-May-2016,10.00,11.90,9.76,11.44,10.856400437636761487,14624,45,158764.00,11354,77.64,2.14,1.44
27-May-2016,10.50,11.83,10.50,10.94,10.558139534883720930,172,10,1816.00,162,94.19,1.33,0.44
26-May-2016,10.97,10.97,10.49,10.49,10.495412844036697247,109,5,1144.00,102,93.58,0.48,-0.48
25-May-2016,10.25,12.13,10.25,10.77,10.420689655172413793,435,13,4533.00,200,45.98,1.88,0.52
24-May-2016,12.17,12.17,10.10,10.72,10.776785714285714285,112,14,1207.00,106,94.64,2.07,-1.45
23-May-2016,10.50,12.15,10.10,10.30,10.285827395091053048,7578,37,77946.00,6350,83.80,2.05,-0.20
19-May-2016,11.00,12.40,11.00,11.00,11.085376930063578564,1101,10,12205.00,1100,99.91,1.40,0.00
17-May-2016,10.50,10.50,10.50,10.50,10.500000000000000000,990,2,10395.00,990,100.00,0.00,0.00
13-May-2016,10.00,10.00,10.00,10.00,10.000000000000000000,500,1,5000.00,500,100.00,0.00,0.00
12-May-2016,10.20,10.69,10.20,10.69,10.600000000000000000,110,4,1166.00,100,90.91,0.49,0.49
11-May-2016,10.85,10.85,10.85,10.85,10.800000000000000000,5,1,54.00,5,100.00,0.00,0.00
10-May-2016,10.00,10.50,10.00,10.50,10.466417910447761194,268,5,2805.00,250,93.28,0.50,0.50
9-May-2016,9.00,11.50,9.00,10.00,10.016693591814754981,1857,16,18601.00,1840,99.08,2.50,1.00
6-May-2016,11.10,11.10,11.10,11.10,11.100000000000000000,10,1,111.00,10,100.00,0.00,0.00
5-May-2016,11.35,11.35,11.35,11.35,11.350000000000000000,100,1,1135.00,100,100.00,0.00,0.00
3-May-2016,10.02,10.87,10.02,10.87,10.045161290322580645,310,2,3114.00,310,100.00,0.85,0.85
2-May-2016,10.65,10.99,9.63,9.89,10.360013547076089410,8858,22,91769.00,8806,99.41,1.36,-0.76
29-April-2016,10.50,10.65,10.50,10.65,10.646712463199214916,1019,2,10849.00,1019,100.00,0.15,0.15
28-April-2016,10.98,10.99,10.70,10.70,10.867552182163187855,2635,16,28636.00,2524,95.79,0.29,-0.28
27-April-2016,11.49,11.49,10.20,11.00,10.978527607361963190,326,5,3579.00,313,96.01,1.29,-0.49
26-April-2016,8.65,11.79,8.65,11.40,10.423076923076923076,1066,5,11111.00,1053,98.78,3.14,2.75
22-April-2016,11.30,11.30,10.31,10.75,10.960000000000000000,50,6,548.00,20,40.00,0.99,-0.55
21-April-2016,11.40,11.40,11.40,11.40,11.400000000000000000,100,1,1140.00,100,100.00,0.00,0.00
20-April-2016,11.40,11.40,11.39,11.40,11.399061032863849765,213,4,2428.00,208,97.65,0.01,0.00
13-April-2016,11.75,11.75,11.01,11.49,11.615474909517754083,10223,14,118745.00,10204,99.81,0.74,-0.26
12-April-2016,11.00,11.50,11.00,11.50,11.497500000000000000,400,2,4599.00,400,100.00,0.50,0.50
11-April-2016,11.45,11.80,10.18,11.74,11.637171092518491572,32988,18,383887.00,32980,99.98,1.62,0.29
8-April-2016,10.27,11.57,10.26,10.86,10.760000000000000000,50,13,538.00,26,52.00,1.31,0.59
7-April-2016,11.88,11.88,10.30,10.96,11.202185469580626107,16930,53,189653.00,16041,94.75,1.58,-0.92
6-April-2016,11.25,12.10,10.20,10.89,11.186036302978424529,45561,86,509647.00,31677,69.53,1.90,-0.36
5-April-2016,10.20,11.73,9.80,10.43,10.247818499127399650,6876,47,70464.00,5746,83.57,1.93,0.23
4-April-2016,10.20,10.20,9.01,9.81,9.746913580246913580,2106,20,20527.00,1752,83.19,1.19,-0.39
1-April-2016,9.66,9.94,9.35,9.73,9.599299065420560747,1712,14,16434.00,1706,99.65,0.59,0.07
31-March-2016,9.99,9.99,9.13,9.14,9.235528942115768463,1503,21,13881.00,1252,83.30,0.86,-0.85
30-March-2016,9.99,10.05,9.20,9.50,9.392857142857142857,280,21,2630.00,52,18.57,0.85,-0.49
29-March-2016,10.02,10.24,9.00,9.15,9.281535339871491376,5914,26,54891.00,5775,97.65,1.24,-0.87
28-March-2016,9.89,9.89,9.11,9.50,9.186813186813186813,546,11,5016.00,540,98.90,0.78,-0.39
23-March-2016,9.88,9.88,9.20,9.53,9.597938144329896907,97,14,931.00,59,60.82,0.68,-0.35
22-March-2016,9.50,9.50,9.00,9.10,9.077627500704423781,7098,35,64433.00,5800,81.71,0.50,-0.40
21-March-2016,10.05,10.05,9.13,9.52,9.587706146926536731,1334,25,12790.00,1010,75.71,0.92,-0.53
18-March-2016,9.20,9.72,8.97,9.70,9.003341315364481817,35914,58,323346.00,35652,99.27,0.75,0.50
17-March-2016,9.30,9.35,8.75,8.93,8.909668589304917391,10229,36,91137.00,9919,96.97,0.60,-0.37
16-March-2016,9.25,9.29,8.70,8.72,8.720985784199487298,17164,48,149687.00,16802,97.89,0.59,-0.53
15-March-2016,8.75,8.90,8.40,8.68,8.472581541147527973,50404,41,427052.00,46030,91.32,0.50,-0.07
14-March-2016,9.30,9.50,8.70,8.89,8.887702121346981160,6741,17,59912.00,6721,99.70,0.80,-0.41
11-March-2016,9.89,9.89,8.60,9.16,9.160252365930599369,1585,23,14519.00,1584,99.94,1.29,-0.73
10-March-2016,9.41,9.41,9.12,9.12,9.171656686626746506,2004,15,18380.00,2004,100.00,0.29,-0.29
9-March-2016,9.70,9.70,9.26,9.58,9.526184538653366583,401,7,3820.00,301,75.06,0.44,-0.12
8-March-2016,10.40,10.40,9.21,9.25,9.283582089552238805,1005,15,9330.00,1005,100.00,1.19,-1.15
4-March-2016,10.20,10.20,9.30,9.59,9.517630057803468208,3460,17,32931.00,3423,98.93,0.90,-0.61
3-March-2016,9.67,9.67,9.51,9.51,9.649153278332609639,2303,5,22222.00,2203,95.66,0.16,-0.16
2-March-2016,9.60,9.74,9.00,9.21,9.236017682106477032,5203,22,48055.00,5044,96.94,0.74,-0.39
1-March-2016,9.62,9.63,9.16,9.39,9.450461692038931869,4007,15,37868.00,3905,97.45,0.47,-0.23
29-February-2016,9.25,9.40,9.03,9.21,9.334043075915158463,12211,18,113978.00,12084,98.96,0.37,-0.04
26-February-2016,9.49,9.50,9.26,9.50,9.442622950819672131,122,4,1152.00,121,99.18,0.24,0.01
25-February-2016,9.78,9.78,9.25,9.74,9.252814409778063686,3109,10,28767.00,3105,99.87,0.53,-0.04
24-February-2016,9.40,9.40,9.39,9.39,9.363636363636363636,22,3,206.00,21,95.45,0.01,-0.01
23-February-2016,9.23,9.25,9.01,9.14,9.145186456545482914,12818,16,117223.00,12818,100.00,0.24,-0.09
22-February-2016,9.86,9.86,9.47,9.47,9.704000000000000000,1500,5,14556.00,1479,98.60,0.39,-0.39
19-February-2016,9.65,9.65,9.36,9.40,9.556655665566556655,3636,13,34748.00,3636,100.00,0.29,-0.25
18-February-2016,9.55,9.88,9.50,9.85,9.521978021978021978,2002,10,19063.00,2000,99.90,0.38,0.30
17-February-2016,9.81,9.95,9.44,9.95,9.490833621584226911,2891,12,27438.00,2860,98.93,0.51,0.14
16-February-2016,10.81,10.82,9.81,9.93,9.966085727743758831,2123,18,21158.00,2115,99.62,1.01,-0.88
15-February-2016,10.00,10.32,9.95,10.32,9.950055493895671476,901,9,8965.00,901,100.00,0.37,0.32
12-February-2016,10.28,10.28,9.50,9.84,9.771678243334080215,4463,15,43611.00,3256,72.96,0.78,-0.44
11-February-2016,10.75,10.75,9.74,9.87,9.847415123456790123,5184,27,51049.00,3782,72.96,1.01,-0.88
10-February-2016,10.40,10.75,9.99,10.25,10.002617801047120418,1528,16,15284.00,1528,100.00,0.76,-0.15
9-February-2016,10.50,11.00,10.31,10.40,10.436406619385342789,2115,15,22073.00,1912,90.40,0.69,-0.10
8-February-2016,10.67,10.80,10.19,10.80,10.361501148838396732,23502,31,243516.00,19802,84.26,0.61,0.13
5-February-2016,10.59,10.59,10.13,10.29,10.327355497309973789,7249,19,74863.00,7249,100.00,0.46,-0.30
4-February-2016,10.73,11.24,10.59,10.59,10.718253968253968253,252,3,2701.00,200,79.37,0.65,-0.14
3-February-2016,11.10,11.70,10.80,10.87,10.925719120135363790,5910,25,64571.00,5904,99.90,0.90,-0.23
2-February-2016,11.38,11.40,11.00,11.36,11.312406576980568011,6690,24,75680.00,6474,96.77,0.40,-0.02
1-February-2016,11.32,11.50,11.20,11.50,11.355000000000000000,1400,7,15897.00,1400,100.00,0.30,0.18
29-January-2016,11.49,11.78,11.47,11.77,11.547304534094966083,2801,11,32344.00,2799,99.93,0.31,0.28
28-January-2016,11.24,11.51,10.80,11.24,11.242367012905256531,15885,16,178585.00,15879,99.96,0.71,0.00
27-January-2016,11.06,11.72,10.98,10.98,11.059326132516524262,6203,11,68601.00,5701,91.91,0.74,-0.08
25-January-2016,12.32,12.32,11.32,11.38,11.330829159710628825,3594,14,40723.00,3590,99.89,1.00,-0.94
22-January-2016,11.57,11.76,11.57,11.76,11.706997518610421836,20150,16,235896.00,20150,100.00,0.19,0.19
21-January-2016,10.91,11.20,10.60,11.20,10.961007025761124121,8540,27,93607.00,7865,92.10,0.60,0.29
20-January-2016,10.96,11.34,10.93,10.94,10.959654178674351585,3817,20,41833.00,3811,99.84,0.41,-0.02
19-January-2016,11.12,11.95,11.12,11.49,11.603588907014681892,2452,14,28452.00,1452,59.22,0.83,0.37
18-January-2016,11.85,12.52,11.65,11.66,11.689473684210526315,5700,18,66630.00,4800,84.21,0.87,-0.19
15-January-2016,12.32,13.44,12.26,12.26,12.402331606217616580,7720,23,95746.00,7458,96.61,1.18,-0.06
14-January-2016,12.50,12.90,12.44,12.90,12.618257261410788381,2651,11,33451.00,2600,98.08,0.46,0.40
13-January-2016,13.75,14.25,13.09,13.09,13.175801321262539760,8174,25,107699.00,6274,76.76,1.16,-0.66
12-January-2016,14.70,14.70,13.75,13.77,13.786009648518263266,2902,13,40007.00,2487,85.70,0.95,-0.93
11-January-2016,14.20,14.80,14.20,14.35,14.393362377013069655,20429,35,294042.00,19529,95.59,0.60,0.15
8-January-2016,14.00,14.20,13.75,14.20,13.983592677345537757,43700,24,611083.00,43700,100.00,0.45,0.20
6-January-2016,13.00,13.79,13.00,13.58,13.590139962398161687,4787,20,65056.00,4277,89.35,0.79,0.58
5-January-2016,12.35,13.49,12.35,13.19,13.398038414384961176,12235,16,163925.00,11700,95.63,1.14,0.84
4-January-2016,13.86,13.86,12.70,12.85,12.797600000000000000,5000,16,63988.00,3800,76.00,1.16,-1.01
1-January-2016,13.76,13.76,13.00,13.20,13.180826566476790692,8251,18,108755.00,8250,99.99,0.76,-0.56
31-December-2015,12.90,13.25,12.28,13.14,12.556234775014937721,21757,77,273186.00,16736,76.92,0.97,0.24
30-December-2015,13.07,13.43,12.92,12.92,12.986047821412114075,39062,59,507261.00,37201,95.24,0.51,-0.15
29-December-2015,14.05,14.15,13.44,13.60,13.695184426229508196,11712,24,160398.00,11212,95.73,0.71,-0.45
28-December-2015,14.15,14.15,14.00,14.14,14.135538954108858057,21551,32,304635.00,21551,100.00,0.15,-0.01
24-December-2015,13.87,13.91,12.76,13.91,13.878483170004260758,35205,60,488592.00,33400,94.87,1.15,0.04
23-December-2015,14.14,14.14,13.22,13.25,13.864182764188744692,16721,46,231823.00,15840,94.73,0.92,-0.89
22-December-2015,13.66,13.97,13.44,13.91,13.868173926767676767,25344,53,351475.00,25344,100.00,0.53,0.25
21-December-2015,14.13,14.13,12.50,13.31,13.907913423407343023,128857,191,1792132.00,119876,93.03,1.63,-0.82
18-December-2015,12.80,12.85,12.80,12.85,12.820461566418317281,11006,29,141102.00,11006,100.00,0.05,0.05
17-December-2015,11.44,11.69,10.81,11.69,11.624009060022650056,11479,43,133432.00,10438,90.93,0.88,0.25
16-December-2015,10.55,10.97,10.40,10.63,10.615233092580433355,1523,18,16167.00,1400,91.92,0.57,0.08
15-December-2015,11.18,11.18,10.21,10.99,10.674845837615621788,7784,65,83093.00,5700,73.23,0.97,-0.19
14-December-2015,11.18,11.19,10.50,10.50,10.838888888888888888,1800,16,19510.00,1450,80.56,0.69,-0.68
11-December-2015,10.90,10.90,9.70,10.20,10.155019685039370078,6096,39,61905.00,4845,79.48,1.20,-0.70
10-December-2015,10.18,10.35,10.15,10.18,10.196401419158641662,3946,12,40235.00,3946,100.00,0.20,0.00
9-December-2015,10.31,10.74,10.13,10.30,10.336679864253393665,7072,22,73101.00,,,0.61,-0.01
8-December-2015,10.56,10.99,10.56,10.68,10.652768936982813494,3142,18,33471.00,3122,99.36,0.43,0.12
7-December-2015,10.21,10.74,10.15,10.60,10.301109813084112149,3424,16,35271.00,2410,70.39,0.59,0.39
4-December-2015,10.05,11.00,10.05,10.31,10.371965353177991948,8197,37,85019.00,5000,61.00,0.95,0.26
3-December-2015,10.40,10.90,10.40,10.52,10.423149905123339658,527,5,5493.00,527,100.00,0.50,0.12
2-December-2015,10.57,10.97,10.56,10.61,10.865418118466898954,4592,21,49894.00,4083,88.92,0.41,0.04
1-December-2015,10.31,10.84,10.24,10.31,10.369644153957879448,2754,17,28558.00,2720,98.77,0.60,0.00
30-November-2015,11.20,11.20,10.70,10.89,10.892690889305362432,16541,39,180176.00,16538,99.98,0.50,-0.31
27-November-2015,11.01,11.01,10.51,11.00,10.936004784688995215,1672,10,18285.00,1487,88.94,0.50,-0.01
26-November-2015,11.00,11.00,10.50,10.50,10.708012326656394453,5192,36,55596.00,4275,82.34,0.50,-0.50
24-November-2015,10.10,10.69,10.10,10.50,10.417696293343961737,2509,22,26138.00,2498,99.56,0.59,0.40
23-November-2015,9.98,10.25,9.90,10.21,9.964285714285714285,252,11,2511.00,200,79.37,0.35,0.23
20-November-2015,10.01,10.30,9.82,9.82,9.840501792114695340,1116,11,10982.00,1005,90.05,0.48,-0.19
19-November-2015,9.85,10.27,9.85,10.27,10.132936507936507936,504,12,5107.00,492,97.62,0.42,0.42
18-November-2015,10.01,10.36,9.53,10.31,9.865522745411013567,2506,21,24723.00,2000,79.81,0.83,0.30
17-November-2015,10.99,10.99,9.90,9.90,9.953846153846153846,4745,36,47231.00,4239,89.34,1.09,-1.09
16-November-2015,11.65,11.65,10.00,10.16,10.064048338368580060,3310,19,33312.00,2709,81.84,1.65,-1.49
13-November-2015,9.76,11.98,9.72,9.73,9.826714801444043321,1385,16,13610.00,521,37.62,2.26,-0.03
11-November-2015,12.37,12.37,10.21,10.91,11.208333333333333333,24,6,269.00,15,62.50,2.16,-1.46
10-November-2015,10.47,10.47,10.47,10.47,10.470000000000000000,600,2,6282.00,600,100.00,0.00,0.00
6-November-2015,10.20,10.74,10.06,10.62,10.196842105263157894,950,9,9687.00,948,99.79,0.68,0.42
5-November-2015,10.80,10.80,10.80,10.80,10.000000000000000000,1,1,10.00,1,100.00,0.00,0.00
4-November-2015,10.48,10.48,10.00,10.05,10.157824933687002652,754,11,7659.00,753,99.87,0.48,-0.43
3-November-2015,10.60,10.60,9.50,10.21,9.909861325115562403,1298,23,12863.00,1000,77.04,1.10,-0.39
2-November-2015,10.40,11.00,10.10,10.69,10.243589743589743589,78,8,799.00,75,96.15,0.90,0.29
30-October-2015,10.91,11.35,10.50,10.98,10.783950617283950617,162,7,1747.00,161,99.38,0.85,0.07
29-October-2015,11.00,11.00,10.80,10.80,10.818181818181818181,11,5,119.00,11,100.00,0.20,-0.20
28-October-2015,10.35,10.50,10.35,10.50,10.357142857142857142,112,5,1160.00,112,100.00,0.15,0.15
27-October-2015,11.59,11.59,10.32,10.59,10.810810810810810810,111,10,1200.00,109,98.20,1.27,-1.00
26-October-2015,10.70,10.70,10.25,10.69,10.427745664739884393,173,5,1804.00,153,88.44,0.45,-0.01
23-October-2015,11.60,11.60,10.40,10.80,10.830268199233716475,2610,19,28267.00,2600,99.62,1.20,-0.80
21-October-2015,11.30,11.50,10.16,10.25,10.705426356589147286,7611,44,81479.00,5292,69.53,1.34,-1.05
20-October-2015,11.00,11.30,10.06,10.98,10.153406593406593406,2275,22,23099.00,2251,98.95,1.24,-0.02
19-October-2015,11.40,11.40,10.06,10.06,10.208888888888888888,900,2,9188.00,900,100.00,1.34,-1.34
15-October-2015,10.94,11.00,10.94,11.00,10.950943396226415094,530,3,5804.00,530,100.00,0.06,0.06
14-October-2015,10.50,11.00,10.50,11.00,10.623250000000000000,4000,6,42493.00,4000,100.00,0.50,0.50
13-October-2015,9.81,10.60,9.80,10.60,10.481589403973509933,7550,14,79136.00,6505,86.16,0.80,0.79
12-October-2015,10.88,10.90,10.88,10.89,10.850000000000000000,20,6,217.00,16,80.00,0.02,0.01
9-October-2015,10.45,10.45,10.00,10.00,10.000000000000000000,2591,6,25910.00,2591,100.00,0.45,-0.45
8-October-2015,10.40,10.40,9.81,9.84,10.086666666666666666,3300,7,33286.00,1802,54.61,0.59,-0.56
7-October-2015,10.60,10.60,9.80,9.80,9.841053144807411019,4102,14,40368.00,4099,99.93,0.80,-0.80
6-October-2015,10.35,10.40,9.78,10.23,9.813084112149532710,107,4,1050.00,105,98.13,0.62,-0.12
5-October-2015,9.89,10.49,9.89,10.49,9.966787576513262298,8822,11,87927.00,8822,100.00,0.60,0.60
1-October-2015,10.80,10.80,9.60,9.70,9.767515923566878980,3454,31,33737.00,2471,71.54,1.20,-1.10
30-September-2015,10.69,10.69,9.37,9.98,9.832682291666666666,1536,18,15103.00,1517,98.76,1.32,-0.71
29-September-2015,9.90,10.39,9.90,10.27,9.906236741620704285,2357,11,23349.00,2350,99.70,0.49,0.37
28-September-2015,10.55,10.55,10.50,10.50,10.500000000000000000,2,2,21.00,2,100.00,0.05,-0.05
24-September-2015,9.61,10.79,9.61,10.79,9.947301587301587301,1575,10,15667.00,1249,79.30,1.18,1.18
23-September-2015,10.49,10.49,10.49,10.49,10.489108910891089108,1010,2,10594.00,1010,100.00,0.00,0.00
22-September-2015,10.50,10.50,9.85,10.29,9.858738244514106583,5104,12,50319.00,5102,99.96,0.65,-0.21
21-September-2015,10.30,10.39,9.56,10.15,9.911062906724511930,461,12,4569.00,419,90.89,0.83,-0.15
18-September-2015,9.71,10.75,9.71,10.23,9.908333333333333333,240,13,2378.00,200,83.33,1.04,0.52
16-September-2015,12.15,12.15,10.21,10.27,10.581395348837209302,3569,33,37765.00,3005,84.20,1.94,-1.88
15-September-2015,10.98,11.69,10.92,11.32,10.988791423001949317,2052,14,22549.00,2051,99.95,0.77,0.34
14-September-2015,11.00,11.00,9.80,10.36,9.963643321852277076,2613,27,26035.00,2499,95.64,1.20,-0.64
11-September-2015,10.38,10.38,10.35,10.37,10.370000000000000000,1000,3,10370.00,1000,100.00,0.03,-0.01
10-September-2015,11.59,11.59,10.95,10.98,11.166666666666666666,6,3,67.00,2,33.33,0.64,-0.61
9-September-2015,11.75,11.75,10.51,10.79,10.669905270828273014,4117,17,43928.00,3378,82.05,1.24,-0.96
8-September-2015,10.25,11.00,10.25,10.80,10.881791483113069016,1362,23,14821.00,1226,90.01,0.75,0.55
7-September-2015,11.00,12.15,10.30,10.49,10.550847457627118644,118,12,1245.00,101,85.59,1.85,-0.51
4-September-2015,10.50,10.95,9.41,10.80,10.699155948553054662,4976,54,53239.00,4313,86.68,1.54,0.30
3-September-2015,11.00,12.25,10.25,11.25,11.099629286376274328,2158,37,23953.00,2129,98.66,2.00,0.25
2-September-2015,10.85,11.49,10.11,11.16,11.138871071199486850,6236,32,69462.00,6124,98.20,1.38,0.31
1-September-2015,10.60,11.25,10.50,11.00,10.664595375722543352,6920,15,73799.00,6887,99.52,0.75,0.40
31-August-2015,10.59,11.20,10.17,10.90,10.849522803576143951,26509,27,287610.00,21492,81.07,1.03,0.31
28-August-2015,10.50,11.10,9.75,10.60,10.890000935366195865,10691,26,116425.00,10562,98.79,1.35,0.10
27-August-2015,10.80,11.55,10.20,10.73,10.790908355577125293,12363,36,133408.00,11607,93.88,1.35,-0.07
26-August-2015,11.20,11.20,10.70,10.76,10.781285834416329026,13081,18,141030.00,12973,99.17,0.50,-0.44
25-August-2015,10.50,11.40,10.07,10.61,10.120481927710843373,1992,37,20160.00,1856,93.17,1.33,0.11
24-August-2015,12.46,12.46,9.60,10.15,10.758680361728257228,17914,64,192731.00,17384,97.04,2.86,-2.31
21-August-2015,10.85,11.37,10.65,11.36,10.948575949367088607,16432,33,179907.00,16399,99.80,0.72,0.51
20-August-2015,11.01,11.48,10.11,11.41,10.735966735966735966,481,16,5164.00,479,99.58,1.37,0.40
19-August-2015,10.90,12.05,10.90,11.25,11.004234724742891712,3306,19,36380.00,3151,95.31,1.15,0.35
18-August-2015,11.62,11.98,11.00,11.17,11.081094049904030710,4168,42,46186.00,3385,81.21,0.98,-0.45
17-August-2015,10.95,11.74,10.25,11.23,10.740689336109183437,8646,70,92864.00,5721,66.17,1.49,0.28
14-August-2015,11.30,11.75,11.00,11.33,11.395042994436014162,3954,37,45056.00,3540,89.53,0.75,0.03
13-August-2015,11.25,12.50,10.58,11.00,10.995976980870677252,37534,38,412723.00,36570,97.43,1.92,-0.25
12-August-2015,11.00,12.10,10.51,10.66,11.127539380771319934,9205,37,102429.00,8588,93.30,1.59,-0.34
11-August-2015,12.00,12.00,10.25,11.36,11.346379126730564430,7512,42,85234.00,6502,86.55,1.75,-0.64
10-August-2015,12.26,12.26,11.36,11.61,11.377705627705627705,924,15,10513.00,916,99.13,0.90,-0.65
7-August-2015,12.20,12.50,11.05,11.23,11.356301320956801142,2801,45,31809.00,2185,78.01,1.45,-0.97
6-August-2015,11.60,12.34,11.50,11.54,11.657159155733029092,12271,63,143045.00,10351,84.35,0.84,-0.06
5-August-2015,11.98,11.98,11.53,11.72,11.649204244031830238,1508,20,17567.00,1072,71.09,0.45,-0.26
4-August-2015,11.79,11.79,11.42,11.42,11.756553887519605646,8926,22,104939.00,8905,99.76,0.37,-0.37
3-August-2015,12.50,12.50,11.15,11.52,11.529581252401075681,5206,19,60023.00,5139,98.71,1.35,-0.98
31-July-2015,10.90,11.75,10.60,11.30,11.397869550966896099,30510,62,347749.00,22138,72.56,1.15,0.40
30-July-2015,10.65,11.24,10.56,10.90,10.858778035576179427,6465,20,70202.00,3996,61.81,0.68,0.25
29-July-2015,9.65,11.50,9.65,10.70,10.957104967866979496,19606,43,214825.00,15948,81.34,1.85,1.05
28-July-2015,10.20,10.86,10.15,10.86,10.166666666666666666,102,3,1037.00,100,98.04,0.71,0.66
27-July-2015,10.52,10.85,10.50,10.64,10.596718104759834818,9202,17,97511.00,8648,93.98,0.35,0.12
24-July-2015,10.89,10.97,10.47,10.79,10.813212927756653992,2104,9,22751.00,2101,99.86,0.50,-0.10
23-July-2015,11.50,11.70,10.55,10.67,10.839805825242718446,2884,32,31262.00,2385,82.70,1.15,-0.83
22-July-2015,10.94,10.95,10.42,10.42,10.777777777777777777,2052,10,22116.00,1970,96.00,0.53,-0.52
21-July-2015,10.06,10.92,10.06,10.35,10.524853801169590643,2052,9,21597.00,2001,97.51,0.86,0.29
20-July-2015,10.10,10.99,10.01,10.46,10.525448376151236063,4126,19,43428.00,3105,75.25,0.98,0.36
17-July-2015,10.74,10.75,10.00,10.75,10.723994452149791955,2884,20,30928.00,2215,76.80,0.75,0.01
16-July-2015,10.75,10.75,10.29,10.75,10.656896019746991669,6482,39,69078.00,5890,90.87,0.46,0.00
15-July-2015,10.80,11.00,10.60,10.76,10.803656220322886989,4212,25,45505.00,3275,77.75,0.40,-0.04
14-July-2015,10.89,11.00,10.60,10.61,10.884877482963607365,6897,18,75073.00,6683,96.90,0.40,-0.28
13-July-2015,10.80,10.80,10.51,10.74,10.638142827399541952,4803,15,51095.00,4602,95.82,0.29,-0.06
10-July-2015,11.00,11.00,10.55,10.60,10.648966165413533834,4256,8,45322.00,4253,99.93,0.45,-0.40
9-July-2015,11.92,11.92,10.74,10.76,10.746774193548387096,3720,18,39978.00,3708,99.68,1.18,-1.16
8-July-2015,11.98,11.98,10.30,10.74,10.542544229149115417,1187,12,12514.00,1069,90.06,1.68,-1.24
7-July-2015,10.74,10.75,10.25,10.58,10.654016538688718251,6772,21,72149.00,6760,99.82,0.50,-0.16
6-July-2015,11.00,11.00,10.00,10.22,10.356788521712584904,13103,27,135705.00,13100,99.98,1.00,-0.78
3-July-2015,10.35,11.40,10.35,11.35,11.080942068218733080,3694,17,40933.00,3684,99.73,1.05,1.00
2-July-2015,11.00,11.40,11.00,11.00,11.027709797110602352,12667,13,139688.00,12667,100.00,0.40,0.00
1-July-2015,10.69,11.00,10.30,10.55,10.714537057400483835,4547,22,48719.00,3650,80.27,0.70,-0.14
30-June-2015,10.21,10.69,10.10,10.31,10.216497339138848572,4134,22,42235.00,3562,86.16,0.59,0.10
29-June-2015,11.00,11.00,9.12,10.47,10.342465753424657534,8395,37,86825.00,6210,73.97,1.88,-0.53
26-June-2015,10.85,11.30,10.85,11.03,11.046625766871165644,1630,9,18006.00,1550,95.09,0.45,0.18
25-June-2015,10.76,11.39,10.75,10.83,11.075000000000000000,1160,9,12847.00,1070,92.24,0.64,0.07
24-June-2015,10.83,11.89,10.83,10.92,11.249757516973811833,2062,13,23197.00,1956,94.86,1.06,0.09
23-June-2015,11.05,11.47,10.75,11.19,11.114233907524932003,2206,27,24518.00,2085,94.51,0.72,0.14
22-June-2015,10.98,11.89,10.65,10.90,11.066525123849964614,18369,77,203281.00,17539,95.48,1.24,-0.08
19-June-2015,10.00,10.80,10.00,10.27,10.035755478662053056,867,8,8701.00,860,99.19,0.80,0.27
18-June-2015,9.63,10.49,9.63,9.98,9.982993197278911564,882,24,8805.00,832,94.33,0.86,0.35
17-June-2015,10.19,10.19,9.92,10.18,10.169139465875370919,337,12,3427.00,319,94.66,0.27,-0.01
16-June-2015,10.05,10.39,9.60,9.72,9.677577505407354001,6935,44,67114.00,5000,72.10,0.79,-0.33
15-June-2015,10.00,10.90,10.00,10.89,10.611111111111111111,18,6,191.00,7,38.89,0.90,0.89
12-June-2015,9.65,10.74,9.65,10.39,10.423809523809523809,210,6,2189.00,202,96.19,1.09,0.74
11-June-2015,9.70,10.50,9.62,9.64,9.876013904982618771,1726,19,17046.00,1598,92.58,0.88,-0.06
10-June-2015,9.40,10.88,9.40,10.16,10.343451864700780572,1153,27,11926.00,600,52.04,1.48,0.76
9-June-2015,9.46,10.80,9.46,10.01,10.054956896551724137,928,29,9331.00,877,94.50,1.34,0.55
8-June-2015,10.15,10.79,9.82,10.52,10.220525488434763081,4453,24,45512.00,4427,99.42,0.97,0.37
5-June-2015,10.00,10.82,10.00,10.80,10.396226415094339622,424,15,4408.00,370,87.26,0.82,0.80
4-June-2015,9.56,10.93,9.56,10.61,9.904580152671755725,786,30,7785.00,525,66.79,1.37,1.05
3-June-2015,10.30,10.79,9.80,10.36,10.126309357541899441,11456,32,116007.00,10487,91.54,0.99,0.06
2-June-2015,12.10,12.49,10.10,10.40,10.942046716056095516,44139,84,482971.00,40147,90.96,2.39,-1.70
1-June-2015,11.75,12.76,11.00,12.01,12.113041577883407091,18303,113,221705.00,14311,78.19,1.76,0.26
29-May-2015,10.75,10.75,10.60,10.68,10.500000000000000000,2,2,21.00,1,50.00,0.15,-0.07
27-May-2015,11.80,11.80,9.43,9.81,9.649477806788511749,1532,22,14783.00,559,36.49,2.37,-1.99
25-May-2015,10.55,10.55,9.34,10.15,10.000000000000000000,3,3,30.00,2,66.67,1.21,-0.40
22-May-2015,10.50,10.50,9.53,9.97,10.493083003952569169,1012,4,10619.00,1011,99.90,0.97,-0.53
21-May-2015,10.00,11.30,9.80,11.30,10.636363636363636363,22,4,234.00,5,22.73,1.50,1.30
20-May-2015,11.09,11.10,9.52,10.48,10.300902314633189486,2549,22,26257.00,2505,98.27,1.58,-0.61
19-May-2015,10.80,10.80,10.70,10.70,10.696078431372549019,102,2,1091.00,102,100.00,0.10,-0.10
18-May-2015,11.00,11.00,9.89,10.39,10.264358108108108108,3552,28,36459.00,3510,98.82,1.11,-0.61
15-May-2015,9.90,9.98,9.66,9.88,9.895636527215474583,2223,23,21998.00,2220,99.87,0.32,-0.02
14-May-2015,11.83,11.83,9.80,9.95,9.925547445255474452,1370,19,13598.00,1280,93.43,2.03,-1.88
13-May-2015,10.40,10.80,9.55,9.99,9.776988636363636363,704,17,6883.00,664,94.32,1.25,-0.41
12-May-2015,11.85,11.85,9.60,10.08,9.864031277150304083,2302,35,22707.00,2200,95.57,2.25,-1.77
11-May-2015,11.85,11.85,9.90,10.02,9.992928318868531018,6222,65,62176.00,4001,64.30,1.95,-1.83
8-May-2015,11.94,11.94,9.65,10.30,10.380000000000000000,50,20,519.00,35,70.00,2.29,-1.64
7-May-2015,11.94,11.94,9.72,10.39,10.916666666666666666,12,8,131.00,10,83.33,2.22,-1.55
6-May-2015,11.88,11.88,9.80,10.50,10.258923169993950393,1653,27,16958.00,1347,81.49,2.08,-1.38
5-May-2015,11.95,11.95,11.00,11.00,11.644067796610169491,118,10,1374.00,106,89.83,0.95,-0.95
4-May-2015,9.67,10.00,9.65,9.96,9.799651567944250871,574,11,5625.00,300,52.26,0.35,0.29
30-April-2015,12.53,12.53,11.00,11.30,11.003976143141153081,1006,10,11070.00,1005,99.90,1.53,-1.23
29-April-2015,12.38,12.38,9.63,10.76,10.920250896057347670,1116,53,12187.00,484,43.37,2.75,-1.62
28-April-2015,9.40,11.00,9.40,10.32,9.980052493438320209,3810,98,38024.00,2389,62.70,1.60,0.92
27-April-2015,12.49,12.49,9.55,10.67,10.151285046728971962,1712,14,17379.00,506,29.56,2.94,-1.82
24-April-2015,10.45,10.68,10.45,10.60,10.644409937888198757,644,12,6855.00,644,100.00,0.23,0.15
23-April-2015,11.99,11.99,10.00,10.45,10.595238095238095238,84,18,890.00,56,66.67,1.99,-1.54
22-April-2015,10.00,10.55,9.80,10.00,9.917556029882604055,3748,57,37171.00,2085,55.63,0.75,0.00
21-April-2015,9.54,10.84,9.54,10.84,10.250000000000000000,4,6,41.00,3,75.00,1.30,1.30
20-April-2015,11.99,11.99,10.00,10.94,10.009699321047526673,1031,21,10320.00,1025,99.42,1.99,-1.05
17-April-2015,11.33,11.33,10.00,10.00,10.073547520429866786,17866,73,179974.00,17501,97.96,1.33,-1.33
16-April-2015,12.64,12.64,10.00,11.34,10.503352704514975413,6711,48,70488.00,6659,99.23,2.64,-1.30
15-April-2015,12.98,12.98,10.75,10.75,11.402743296921549155,16112,54,183721.00,10514,65.26,2.23,-2.23
13-April-2015,11.98,11.98,10.50,11.85,10.844844844844844844,999,21,10834.00,853,85.39,1.48,-0.13
10-April-2015,11.99,11.99,10.50,10.51,10.758449304174950298,1006,14,10823.00,955,94.93,1.49,-1.48
9-April-2015,12.29,12.29,10.25,10.65,10.770466321243523316,1930,29,20787.00,1100,56.99,2.04,-1.64
8-April-2015,11.99,11.99,10.25,11.23,10.971161340607950116,1283,14,14076.00,1281,99.84,1.74,-0.76
7-April-2015,11.00,11.00,9.20,10.91,10.397106109324758842,1866,75,19401.00,1601,85.80,1.80,-0.09
6-April-2015,12.00,12.00,9.40,9.99,9.437382297551789077,2124,25,20045.00,2001,94.21,2.60,-2.01
1-April-2015,10.48,12.00,9.00,11.05,10.559444661712944857,10228,128,108002.00,5000,48.89,3.00,0.57
31-March-2015,10.50,10.50,10.50,10.50,10.400000000000000000,5,2,52.00,5,100.00,0.00,0.00
30-March-2015,8.18,9.49,8.18,9.49,8.265486725663716814,226,8,1868.00,225,99.56,1.31,1.31
27-March-2015,10.45,10.45,9.65,9.70,9.702325581395348837,215,13,2086.00,206,95.81,0.80,-0.75
26-March-2015,10.45,10.45,8.81,9.09,8.971772667045239447,42264,53,379183.00,42258,99.99,1.64,-1.36
24-March-2015,11.45,11.45,8.44,8.83,8.857082056520258767,11748,211,104053.00,9565,81.42,3.01,-2.62
23-March-2015,10.20,10.20,9.50,9.56,9.569230769230769230,1365,40,13062.00,1263,92.53,0.70,-0.64
20-March-2015,10.20,10.99,9.78,10.97,9.973180076628352490,522,78,5206.00,518,99.23,1.21,0.77
19-March-2015,10.20,11.19,10.00,11.19,10.217592592592592592,216,18,2207.00,214,99.07,1.19,0.99
18-March-2015,12.04,12.04,10.00,10.99,10.015358361774744027,586,31,5869.00,580,98.98,2.04,-1.05
17-March-2015,12.29,12.29,9.99,10.64,10.188498402555910543,313,17,3189.00,309,98.72,2.30,-1.65
16-March-2015,11.00,11.60,10.00,10.98,10.323636363636363636,275,42,2839.00,250,90.91,1.60,-0.02
13-March-2015,10.30,10.84,10.30,10.70,10.317307692307692307,104,6,1073.00,102,98.08,0.54,0.40
12-March-2015,12.23,12.23,10.31,11.00,10.387387387387387387,111,8,1153.00,111,100.00,1.92,-1.23
11-March-2015,10.25,11.15,10.00,11.15,10.076173826173826173,4004,14,40345.00,4004,100.00,1.15,0.90
10-March-2015,12.32,12.32,11.20,11.20,11.444444444444444444,9,4,103.00,9,100.00,1.12,-1.12
4-March-2015,12.75,12.75,10.70,10.90,11.036097010716300056,5319,77,58701.00,4365,82.06,2.05,-1.85
3-March-2015,10.00,12.37,10.00,11.53,10.480519480519480519,462,20,4842.00,452,97.84,2.37,1.53
2-March-2015,11.00,12.21,10.20,10.60,10.574678536102868447,1011,16,10691.00,992,98.12,2.01,-0.40
28-February-2015,11.98,11.98,10.01,11.13,11.086956521739130434,23,16,255.00,13,56.52,1.97,-0.85
27-February-2015,11.49,11.49,9.00,10.00,10.735801781737193763,3592,36,38563.00,1372,38.20,2.49,-1.49
26-February-2015,11.50,11.50,9.90,10.24,10.762711864406779661,59,35,635.00,22,37.29,1.60,-1.26
25-February-2015,11.50,11.50,10.05,10.75,10.812428734321550741,1754,58,18965.00,1637,93.33,1.45,-0.75
24-February-2015,11.65,11.65,10.52,11.59,11.614324013787820758,2611,18,30325.00,2605,99.77,1.13,-0.06
23-February-2015,11.59,12.34,10.01,11.47,11.609144167091186958,15704,126,182310.00,15101,96.16,2.33,-0.12
20-February-2015,11.42,11.43,10.60,11.25,10.847222222222222222,216,14,2343.00,216,100.00,0.83,-0.17
19-February-2015,11.37,11.37,11.37,11.37,11.370000000000000000,100,2,1137.00,100,100.00,0.00,0.00
18-February-2015,10.11,11.38,9.55,11.00,10.541995692749461593,1393,42,14685.00,920,66.04,1.83,0.89
16-February-2015,11.48,11.48,9.21,11.39,11.396098388464800678,1179,34,13436.00,1145,97.12,2.27,-0.09
12-February-2015,9.61,11.30,9.60,11.30,9.613861386138613861,202,6,1942.00,202,100.00,1.70,1.69
11-February-2015,11.23,11.23,11.23,11.23,11.200000000000000000,20,2,224.00,20,100.00,0.00,0.00
10-February-2015,11.27,11.28,11.27,11.28,11.200000000000000000,10,4,112.00,5,50.00,0.01,0.01
9-February-2015,10.00,11.00,9.76,9.85,9.936679536679536679,1295,14,12868.00,1245,96.14,1.24,-0.15
6-February-2015,9.15,11.42,9.15,11.35,10.658374792703150912,603,14,6427.00,500,82.92,2.27,2.20
5-February-2015,9.13,11.42,9.13,10.59,9.914826498422712933,951,10,9429.00,851,89.48,2.29,1.46
4-February-2015,10.98,10.98,10.04,10.65,10.155339805825242718,206,23,2092.00,200,97.09,0.94,-0.33
3-February-2015,11.59,11.59,9.90,10.79,10.383376623376623376,32725,34,339796.00,450,1.38,1.69,-0.80
2-February-2015,11.59,11.59,10.16,10.26,10.733279387507391615,32131,48,344871.00,2107,6.56,1.43,-1.33
30-January-2015,10.65,10.65,10.65,10.65,10.000000000000000000,1,2,10.00,1,100.00,0.00,0.00
29-January-2015,9.65,10.85,9.65,10.85,9.722222222222222222,54,4,525.00,54,100.00,1.20,1.20
28-January-2015,10.88,10.89,10.88,10.89,10.881818181818181818,110,4,1197.00,110,100.00,0.01,0.01
27-January-2015,10.50,11.54,9.61,10.69,10.020472440944881889,1905,35,19089.00,1839,96.54,1.93,0.19
23-January-2015,10.00,11.20,9.50,11.15,10.465096055024112578,12649,92,132373.00,1789,14.14,1.70,1.15
22-January-2015,12.10,12.10,10.00,10.54,10.739321022197351240,21444,120,230294.00,990,4.62,2.10,-1.56
21-January-2015,11.75,11.75,10.05,10.75,10.833333333333333333,6,8,65.00,2,33.33,1.70,-1.00
20-January-2015,10.25,11.15,10.25,11.05,10.951434878587196467,453,24,4961.00,375,82.78,0.90,0.80
19-January-2015,9.53,9.53,9.53,9.53,9.529646522234891676,1754,3,16715.00,1754,100.00,0.00,0.00
16-January-2015,9.61,11.00,9.50,10.52,9.857142857142857142,238,28,2346.00,178,74.79,1.50,0.91
15-January-2015,9.70,12.15,9.70,10.08,10.113172274949669255,6954,76,70327.00,6213,89.34,2.45,0.38
14-January-2015,9.97,11.15,9.15,10.20,9.959872864521255462,2517,60,25069.00,2272,90.27,2.00,0.23
9-January-2015,9.90,9.90,9.30,9.42,9.400000000000000000,25,8,235.00,20,80.00,0.60,-0.48
8-January-2015,9.99,10.10,9.15,9.60,9.975586095392077607,12370,30,123398.00,12100,97.82,0.95,-0.39
7-January-2015,9.50,9.51,9.26,9.26,9.497829232995658465,2073,64,19689.00,2073,100.00,0.25,-0.24
6-January-2015,10.00,10.00,9.00,9.42,9.119387027797576621,2806,58,25589.00,2160,76.98,1.00,-0.58
2-January-2015,10.89,10.89,10.89,10.89,10.850000000000000000,20,4,217.00,20,100.00,0.00,0.00
1-January-2015,9.35,9.40,9.30,9.32,9.322010869565217391,736,28,6861.00,706,95.92,0.10,-0.03
