Security Code,Issuer Name,Security Id,Security Name,Status,Group,Face Value,ISIN No,Industry,Instrument,Sector Name,Industry New Name,Igroup Name,ISubgroup Name
717651,Aditya Birla Finance Limited,ABFL281119,Aditya Birla Finance Ltd,Delisted,F ,500000.00,INE860H14O76, ,Commercial Papers,-,-,-,-
717652,NTPC Limited,NTPC291119,NTPC Ltd,Delisted,F ,500000.00,INE733E14625, ,Commercial Papers,-,-,-,-
717653,Indian Oil Corporation Ltd.,IOCLCP20,Indian Oil Corporation Ltd,Delisted,F ,500000.00,INE242A14OM9, ,Commercial Papers,-,-,-,-
717654,Indian Oil Corporation Ltd.,IOCL61219,Indian Oil Corporation Ltd,Delisted,F ,500000.00,INE242A14ON7, ,Commercial Papers,-,-,-,-
717655,Indian Oil Corporation Ltd.,IOCL61219A,Indian Oil Corporation Ltd,Delisted,F ,500000.00,INE242A14OO5, ,Commercial Papers,-,-,-,-
717656,Indian Oil Corporation Ltd.,IOCL61219B,IOCL-27-2-19-CP,Delisted,F ,500000.00,INE242A14OP2, ,Commercial Papers,-,-,-,-
717657,Can Fin Homes Ltd.,CFHL31219,Can Fin Homes Ltd,Delisted,F ,500000.00,INE477A14AR9, ,Commercial Papers,-,-,-,-
717658,Chennai Petroleum Corporation Ltd.,CPCL31219,CPCL-31-12-19-CP,Delisted,F ,500000.00,INE178A14EX3, ,Commercial Papers,-,-,-,-
717659,GIC Housing Finance Ltd.,GICHF271119,GICHFL-24-1-20-CP,Delisted,F ,500000.00,INE289B14FQ7, ,Commercial Papers,-,-,-,-
717660,National Fertilizers Ltd.,NFL271119,National Fertilizers Ltd,Delisted,F ,500000.00,INE870D14CO2, ,Commercial Papers,-,-,-,-
717661,SBI CARDS AND PAYMENT SERVICES LIMITED,SBICP111219,SBICPSL-11-3-20-CP,Delisted,F ,500000.00,INE018E14NR6, ,Commercial Papers,-,-,-,-
717662,Indian Oil Corporation Ltd.,IOCL111219,IOCL-24-1-20-CP,Delisted,F ,500000.00,INE242A14OQ0, ,Commercial Papers,-,-,-,-
717663,JSW Steel Limited,JSL91219,JSW Steel Ltd,Delisted,F ,500000.00,INE019A14IF7, ,Commercial Papers,-,-,-,-
717664,JSW Steel Limited,JSL91219A,JSW Steel Ltd,Delisted,F ,500000.00,INE019A14IG5, ,Commercial Papers,-,-,-,-
717665,STANDARD CHARTERED CAPITAL LIMITED,SCIL291119,Standard Chartered Investments and Loans (India) Ltd,Delisted,F ,500000.00,INE403G14LX7, ,Commercial Papers,-,-,-,-
717666,STANDARD CHARTERED CAPITAL LIMITED,SCIL31219,Standard Chartered Investments and Loans (India) Ltd,Delisted,F ,500000.00,INE403G14LY5, ,Commercial Papers,-,-,-,-
717667,STANDARD CHARTERED CAPITAL LIMITED,SCIL41219,Standard Chartered Investments and Loans (India) Ltd,Delisted,F ,500000.00,INE403G14LZ2, ,Commercial Papers,-,-,-,-
717668,Indian Oil Corporation Ltd.,IOCL131219,IOCL-27-1-20-CP,Delisted,F ,500000.00,INE242A14OR8, ,Commercial Papers,-,-,-,-
717669,Housing Development Finance Corp.Lt,HDFC131219,HDFL-31-1-20-CP,Delisted,F ,500000.00,INE001A14WC3, ,Commercial Papers,-,-,-,-
717670,GIC Housing Finance Ltd.,GHL51219,GHL-30-1-20-CP,Delisted,F ,500000.00,INE289B14FR5, ,Commercial Papers,-,-,-,-
717671,Axis Finance Limited,AFL111219,Axis Finance Ltd,Delisted,F ,500000.00,INE891K14IP7, ,Commercial Papers,-,-,-,-
717672,Axis Finance Limited,AFL101219,Axis Finance Ltd,Delisted,F ,500000.00,INE891K14IQ5, ,Commercial Papers,-,-,-,-
717673,Manappuram Finance Limited,MFL21219,Manappuram Finance Ltd,Delisted,F ,500000.00,INE522D14LW3, ,Commercial Papers,-,-,-,-
717674,Manappuram Finance Limited,MFL31219,Manappuram Finance Ltd,Delisted,F ,500000.00,INE522D14LV5, ,Commercial Papers,-,-,-,-
717675,Manappuram Finance Limited,MFL41219,Manappuram Finance Ltd,Delisted,F ,500000.00,INE522D14LX1, ,Commercial Papers,-,-,-,-
717676,Aditya Birla  Money Ltd,ABML131219,ABML-11-2-20-CP,Delisted,F ,500000.00,INE865C14EN2, ,Commercial Papers,-,-,-,-
717677,NTPC Limited,NTPC17DEC19,NTPC Ltd,Delisted,F ,500000.00,INE733E14641, ,Commercial Papers,-,-,-,-
717678,Fullerton India Credit Company Limited,FICCL51219,FICCL-14-9-20-CP,Delisted,F ,500000.00,INE535H14IC4, ,Commercial Papers,-,-,-,-
717679,Aditya Birla Finance Limited,ABFL131219,Aditya Birla Finance Ltd,Delisted,F ,500000.00,INE860H14O92, ,Commercial Papers,-,-,-,-
717680,KEC International Ltd.,KECIL131219,KEC International Ltd,Delisted,F ,500000.00,INE389H14EY9, ,Commercial Papers,-,-,-,-
717681,JSW Steel Limited,JSWSL161219,JSW Steel Ltd,Delisted,F ,500000.00,INE019A14IH3, ,Commercial Papers,-,-,-,-
717682,Aditya Birla  Money Ltd,ABML191219,ABML-14-2-20-CP,Delisted,F ,500000.00,INE865C14EO0, ,Commercial Papers,-,-,-,-
717683,Aditya Birla  Money Ltd,ABML191219A,ABML-18-2-20-CP,Delisted,F ,500000.00,INE865C14EP7, ,Commercial Papers,-,-,-,-
717684,ICICI HOME FINANCE COMPANY LIMITED,IHF291119,IHFL-28-2-20-CP,Delisted,F ,500000.00,INE071G14CY9, ,Commercial Papers,-,-,-,-
717685,SBI CARDS AND PAYMENT SERVICES LIMITED,SBICP181219,SBICPSL-17-3-20-CP,Delisted,F ,500000.00,INE018E14OH5, ,Commercial Papers,-,-,-,-
717686,GIC Housing Finance Ltd.,GICHF121219,GIC Housing Finance Ltd,Delisted,F ,500000.00,INE289B14FS3, ,Commercial Papers,-,-,-,-
717687,Manappuram Finance Limited,MFL131219,Manappuram Finance Ltd,Delisted,F ,500000.00,INE522D14LY9, ,Commercial Papers,-,-,-,-
717688,Steel Authority of India Ltd.,SAIL051219,Steel Authority of India Ltd,Delisted,F ,500000.00,INE114A14IE9, ,Commercial Papers,-,-,-,-
717689,Steel Authority of India Ltd.,SAIL091219,Steel Authority of India Ltd,Delisted,F ,500000.00,INE114A14IF6, ,Commercial Papers,-,-,-,-
717690,JSW Steel Limited,JSWSL191219,JSW Steel Ltd,Delisted,F ,500000.00,INE019A14II1, ,Commercial Papers,-,-,-,-
717691,JSW Steel Limited,JSWS191219A,JSW Steel Ltd,Delisted,F ,500000.00,INE019A14IJ9, ,Commercial Papers,-,-,-,-
717692,Axis Finance Limited,AFL13MAR20,Axis Finance Ltd,Delisted,F ,500000.00,INE891K14IR3, ,Commercial Papers,-,-,-,-
717693,Housing Development Finance Corp.Lt,HDFC231219,Housing Development Finance Corporation Ltd,Delisted,F ,500000.00,INE001A14WD1, ,Commercial Papers,-,-,-,-
717694,Ceat Ltd.,CEATL6MAR20,CEATL-6-3-20-CP,Delisted,F ,500000.00,INE482A14874, ,Commercial Papers,-,-,-,-
717695,STANDARD CHARTERED CAPITAL LIMITED,SCILI131219,Standard Chartered Investments and Loans (India) Ltd,Delisted,F ,500000.00,INE403G14MC9, ,Commercial Papers,-,-,-,-
717696,STANDARD CHARTERED CAPITAL LIMITED,SCILI161219,Standard Chartered Investments and Loans (India) Ltd,Delisted,F ,500000.00,INE403G14MA3, ,Commercial Papers,-,-,-,-
717697,STANDARD CHARTERED CAPITAL LIMITED,SCIL161219A,Standard Chartered Investments and Loans (India) Ltd,Delisted,F ,500000.00,INE403G14MB1, ,Commercial Papers,-,-,-,-
717698,STANDARD CHARTERED CAPITAL LIMITED,SCILI191219,Standard Chartered Investments and Loans (India) Ltd,Delisted,F ,500000.00,INE403G14MD7, ,Commercial Papers,-,-,-,-
717699,STANDARD CHARTERED CAPITAL LIMITED,SCILI201219,Standard Chartered Investments and Loans (India) Ltd,Delisted,F ,500000.00,INE403G14ME5, ,Commercial Papers,-,-,-,-
717700,STANDARD CHARTERED CAPITAL LIMITED,SCIL201219A,Standard Chartered Investments and Loans (India) Ltd,Delisted,F ,500000.00,INE403G14MF2, ,Commercial Papers,-,-,-,-
717701,Axis Finance Limited,AFL191219,Axis Finance Ltd,Delisted,F ,500000.00,INE891K14IS1, ,Commercial Papers,-,-,-,-
717702,Siyaram Silk Mills Ltd.,SSM231219,SSM-20-03-2020-CP,Delisted,F ,500000.00,INE076B14500, ,Commercial Papers,-,-,-,-
717703,Balrampur Chini Mills Ltd.,BCML20DEC19,BCML-19-3-20-CP,Delisted,F ,500000.00,INE119A14641, ,Commercial Papers,-,-,-,-
717704,KEC International Ltd.,KECI17DEC19,KEC International Ltd,Delisted,F ,500000.00,INE389H14EX1, ,Commercial Papers,-,-,-,-
717705,Aditya Birla Housing Finance Limited,ABHF111219,Aditya Birla Housing Finance Ltd,Delisted,F ,500000.00,INE831R14BH0, ,Commercial Papers,-,-,-,-
717706,Aditya Birla Housing Finance Limited,ABHF191219,Aditya Birla Housing Finance Ltd,Delisted,F ,500000.00,INE831R14BI8, ,Commercial Papers,-,-,-,-
717707,JSW Steel Limited,JSWSL231219,JSW Steel Ltd,Delisted,F ,500000.00,INE019A14IK7, ,Commercial Papers,-,-,-,-
717708,TATA STEEL LONG PRODUCTS LIMITED,TSLPL191219,TSLPL-12-03-2020-CP,Delisted,F ,500000.00,INE674A14066, ,Commercial Papers,-,-,-,-
717709,Sterlite Technologies Limited.,STL161219,Sterlite Technologies Ltd,Delisted,F ,500000.00,INE089C14964, ,Commercial Papers,-,-,-,-
717710,Housing Development Finance Corp.Lt,HDFCL200220,Housing Development Finance Corporation Ltd,Delisted,F ,500000.00,INE001A14WE9, ,Commercial Papers,-,-,-,-
717711,TATA STEEL LIMITED,TATAS261219,Tata Steel Ltd,Delisted,F ,500000.00,INE081A14AK4, ,Commercial Papers,-,-,-,-
717712,Bharat Heavy Electricals Ltd.,BHEL29NOV19,Bharat Heavy Electricals Ltd,Delisted,F ,500000.00,INE257A14193, ,Commercial Papers,-,-,-,-
717713,Bharat Heavy Electricals Ltd.,BHEL10DEC19,Bharat Heavy Electricals Ltd,Delisted,F ,500000.00,INE257A14201, ,Commercial Papers,-,-,-,-
717714,Bharat Heavy Electricals Ltd.,BHEL12DEC19,Bharat Heavy Electricals Ltd,Delisted,F ,500000.00,INE257A14219, ,Commercial Papers,-,-,-,-
717715,GIC Housing Finance Ltd.,GHFL191219,GIC Housing Finance Ltd,Delisted,F ,500000.00,INE289B14FT1, ,Commercial Papers,-,-,-,-
717716,Vardhman Special Steels Ltd,VSSL171219,Vardhman Special Steels Ltd,Delisted,F ,500000.00,INE050M14627, ,Commercial Papers,-,-,-,-
717717,Vardhman Special Steels Ltd,VSSL171219A,Vardhman Special Steels Ltd,Delisted,F ,500000.00,INE050M14635, ,Commercial Papers,-,-,-,-
717718,Kotak Mahindra Prime Limited,KMPL171219,Kotak Mahindra Prime Ltd,Delisted,F ,500000.00,INE916D14S47, ,Commercial Papers,-,-,-,-
717719,Kotak Mahindra Prime Limited,KMPL191219,Kotak Mahindra Prime Ltd,Delisted,F ,500000.00,INE916D14S54, ,Commercial Papers,-,-,-,-
717720,Kotak Mahindra Investments Limited,KMIL24DEC19,Kotak Mahindra Investments Ltd,Delisted,F ,500000.00,INE975F14SH4, ,Commercial Papers,-,-,-,-
717721,TATA STEEL BSL LIMITED,TSBL9DEC19,TSBL-19-2-20-CP,Delisted,F ,500000.00,INE824B14HY1, ,Commercial Papers,-,-,-,-
717722,Housing Development Finance Corp.Lt,HDFCL060219,Housing Development Finance Corporation Ltd,Delisted,F ,500000.00,INE001A14UR5, ,Commercial Papers,-,-,-,-
717723,Housing Development Finance Corp.Lt,HDFCL150219,Housing Development Finance Corporation Ltd,Delisted,F ,500000.00,INE001A14UT1, ,Commercial Papers,-,-,-,-
717724,Housing Development Finance Corp.Lt,HDFCL060319,Housing Development Finance Corporation Ltd,Delisted,F ,500000.00,INE001A14UV7, ,Commercial Papers,-,-,-,-
717725,Housing Development Finance Corp.Lt,HDFCL120319,Housing Development Finance Corporation Ltd,Delisted,F ,500000.00,INE001A14UW5, ,Commercial Papers,-,-,-,-
717726,Housing Development Finance Corp.Lt,HDFCL130319,Housing Development Finance Corporation Ltd,Delisted,F ,500000.00,INE001A14UX3, ,Commercial Papers,-,-,-,-
717727,Housing Development Finance Corp.Lt,HDFCL140319,Housing Development Finance Corporation Ltd,Delisted,F ,500000.00,INE001A14UY1, ,Commercial Papers,-,-,-,-
717728,Housing Development Finance Corp.Lt,HDFC130319,HDFCL-24-01-2020-CP,Delisted,F ,500000.00,INE001A14UZ8, ,Commercial Papers,-,-,-,-
717729,Housing Development Finance Corp.Lt,HDFCL240519,Housing Development Finance Corporation Ltd,Delisted,F ,500000.00,INE001A14VH4, ,Commercial Papers,-,-,-,-
717730,Housing Development Finance Corp.Lt,HDFCL250619,Housing Development Finance Corporation Ltd,Delisted,F ,500000.00,INE001A14VJ0, ,Commercial Papers,-,-,-,-
717731,Housing Development Finance Corp.Lt,HDFCL240619,Housing Development Finance Corporation Ltd,Delisted,F ,500000.00,INE001A14VK8, ,Commercial Papers,-,-,-,-
717732,Housing Development Finance Corp.Lt,HDFCL180719,Housing Development Finance Corporation Ltd,Delisted,F ,500000.00,INE001A14VO0, ,Commercial Papers,-,-,-,-
717733,Housing Development Finance Corp.Lt,HDFCL220719,Housing Development Finance Corporation Ltd,Delisted,F ,500000.00,INE001A14VP7, ,Commercial Papers,-,-,-,-
717734,Housing Development Finance Corp.Lt,HDFCL070819,Housing Development Finance Corporation Ltd,Delisted,F ,500000.00,INE001A14VQ5, ,Commercial Papers,-,-,-,-
717735,Housing Development Finance Corp.Lt,HDFCL280819,Housing Development Finance Corporation Ltd,Delisted,F ,500000.00,INE001A14VS1, ,Commercial Papers,-,-,-,-
717736,Housing Development Finance Corp.Lt,HDFC280819,Housing Development Finance Corporation Ltd,Delisted,F ,500000.00,INE001A14VT9, ,Commercial Papers,-,-,-,-
717737,Housing Development Finance Corp.Lt,HDFCL040919,Housing Development Finance Corporation Ltd,Delisted,F ,500000.00,INE001A14VU7, ,Commercial Papers,-,-,-,-
717738,Housing Development Finance Corp.Lt,HDFCL110919,Housing Development Finance Corporation Ltd,Delisted,F ,500000.00,INE001A14VV5, ,Commercial Papers,-,-,-,-
717739,Housing Development Finance Corp.Lt,HDFCL161019,Housing Development Finance Corporation Ltd,Delisted,F ,500000.00,INE001A14VZ6, ,Commercial Papers,-,-,-,-
717740,Housing Development Finance Corp.Lt,HDFCL231019,Housing Development Finance Corporation Ltd,Delisted,F ,500000.00,INE001A14WA7, ,Commercial Papers,-,-,-,-
717741,Housing Development Finance Corp.Lt,HDFCL251119,Housing Development Finance Corporation Ltd,Delisted,F ,500000.00,INE001A14WB5, ,Commercial Papers,-,-,-,-
717742,Fullerton India Credit Company Limited,FICCL091219,FICCL-8-12-20-CP,Delisted,F ,500000.00,INE535H14ID2, ,Commercial Papers,-,-,-,-
717743,Tata Value Homes Limited,TVHL280220,TVHL-28-2-20-CP,Delisted,F ,500000.00,INE069P14232, ,Commercial Papers,-,-,-,-
717744,Tata Realty and Infrastructure Limited,TRIL090719,Tata Realty and Infrastructure Ltd,Delisted,F ,500000.00,INE371K14894, ,Commercial Papers,-,-,-,-
717745,Tata Realty and Infrastructure Limited,TRIL090719A,Tata Realty and Infrastructure Ltd,Delisted,F ,500000.00,INE371K14886, ,Commercial Papers,-,-,-,-
717746,Tata Realty and Infrastructure Limited,TRIL120719,Tata Realty and Infrastructure Ltd,Delisted,F ,500000.00,INE371K14902, ,Commercial Papers,-,-,-,-
717747,Tata Realty and Infrastructure Limited,TRIL120719A,Tata Realty and Infrastructure Ltd,Delisted,F ,500000.00,INE371K14910, ,Commercial Papers,-,-,-,-
717748,Tata Realty and Infrastructure Limited,TRIL120719B,Tata Realty and Infrastructure Ltd,Delisted,F ,500000.00,INE371K14928, ,Commercial Papers,-,-,-,-
717749,Tata Realty and Infrastructure Limited,TRIL160719,Tata Realty and Infrastructure Ltd,Delisted,F ,500000.00,INE371K14936, ,Commercial Papers,-,-,-,-
717750,Hinduja Leyland Finance Limited,HLFL021219,Hinduja Leyland Finance Ltd,Delisted,F ,500000.00,INE146O14AR1, ,Commercial Papers,-,-,-,-
717751,Tata Realty and Infrastructure Limited,TRIL240919,Tata Realty and Infrastructure Ltd,Delisted,F ,500000.00,INE371K14AB7, ,Commercial Papers,-,-,-,-
717752,Tata Realty and Infrastructure Limited,TRIL251019,Tata Realty and Infrastructure Ltd,Delisted,F ,500000.00,INE371K14AD3, ,Commercial Papers,-,-,-,-
717753,Tata Realty and Infrastructure Limited,TRIL251019A,Tata Realty and Infrastructure Ltd,Delisted,F ,500000.00,INE371K14AF8, ,Commercial Papers,-,-,-,-
717754,Tata Realty and Infrastructure Limited,TRIL291019,TRIL-27-1-20-CP,Delisted,F ,500000.00,INE371K14AE1, ,Commercial Papers,-,-,-,-
717755,Hinduja Leyland Finance Limited,HLF021219,Hinduja Leyland Finance Ltd,Delisted,F ,500000.00,INE146O14AQ3, ,Commercial Papers,-,-,-,-
717756,Tata Realty and Infrastructure Limited,TRIL61119,Tata Realty and Infrastructure Ltd,Delisted,F ,500000.00,INE371K14AG6, ,Commercial Papers,-,-,-,-
717757,Tata Realty and Infrastructure Limited,TRIL051219,TRIL-28-1-20-CP,Delisted,F ,500000.00,INE371K14AI2, ,Commercial Papers,-,-,-,-
717758,Hinduja Leyland Finance Limited,HLFL121219,Hinduja Leyland Finance Ltd,Delisted,F ,500000.00,INE146O14AS9, ,Commercial Papers,-,-,-,-
717759,Grasim Industries Ltd,GIL231219,Grasim Industries Ltd,Delisted,F ,500000.00,INE047A14610, ,Commercial Papers,-,-,-,-
717760,Hinduja Leyland Finance Limited,HLFL181219,Hinduja Leyland Finance Ltd,Delisted,F ,500000.00,INE146O14AU5, ,Commercial Papers,-,-,-,-
717761,Tata Housing Development Company Limited,THDCL051219,Tata Housing Development Company Ltd,Delisted,F ,500000.00,INE582L14FJ9, ,Commercial Papers,-,-,-,-
717762,Hinduja Leyland Finance Limited,HLFL111219,Hinduja Leyland Finance Ltd,Delisted,F ,500000.00,INE146O14AT7, ,Commercial Papers,-,-,-,-
717763,Bharat Heavy Electricals Ltd.,BHEL241219,Bharat Heavy Electricals Ltd,Delisted,F ,500000.00,INE257A14227, ,Commercial Papers,-,-,-,-
717764,Tata Housing Development Company Limited,THDCL031219,Tata Housing Development Company Ltd,Delisted,F ,500000.00,INE582L14FI1, ,Commercial Papers,-,-,-,-
717765,Bharat Heavy Electricals Ltd.,BHEL141019,Bharat Heavy Electricals Ltd.,Delisted,F ,500000.00,INE257A14136, ,Commercial Papers,-,-,-,-
717766,Bharat Heavy Electricals Ltd.,BHEL221019,Bharat Heavy Electricals Ltd.,Delisted,F ,500000.00,INE257A14144, ,Commercial Papers,-,-,-,-
717767,Tata Housing Development Company Limited,THDCL121219,Tata Housing Development Company Ltd,Delisted,F ,500000.00,INE582L14FK7, ,Commercial Papers,-,-,-,-
717768,Bharat Heavy Electricals Ltd.,BHEL301019,Bharat Heavy Electricals Ltd.,Delisted,F ,500000.00,INE257A14151, ,Commercial Papers,-,-,-,-
717769,Bharat Heavy Electricals Ltd.,BHEL51119,Bharat Heavy Electricals Ltd,Delisted,F ,500000.00,INE257A14169, ,Commercial Papers,-,-,-,-
717770,Bharat Heavy Electricals Ltd.,BHEL131119,Bharat Heavy Electricals Ltd,Delisted,F ,500000.00,INE257A14177, ,Commercial Papers,-,-,-,-
717771,Tata Housing Development Company Limited,THDCL181119,Tata Housing Development Company Ltd,Delisted,F ,500000.00,INE582L14FG5, ,Commercial Papers,-,-,-,-
717772,Grasim Industries Ltd,GIL201219,Grasim Industries Ltd,Delisted,F ,500000.00,INE047A14602, ,Commercial Papers,-,-,-,-
717773,Tata Housing Development Company Limited,THDCL141119,Tata Housing Development Company Ltd,Delisted,F ,500000.00,INE582L14FF7, ,Commercial Papers,-,-,-,-
717774,Tata Housing Development Company Limited,THDCL131119,Tata Housing Development Company Ltd,Delisted,F ,500000.00,INE582L14FH3, ,Commercial Papers,-,-,-,-
717775,Tata Housing Development Company Limited,THDCL071119,Tata Housing Development Company Ltd,Delisted,F ,500000.00,INE582L14FE0, ,Commercial Papers,-,-,-,-
717776,Larsen & Toubro Limited,L&TL271219,Larsen & Toubro Ltd,Delisted,F ,500000.00,INE018A14HI5, ,Commercial Papers,-,-,-,-
717777,Tata Housing Development Company Limited,THDCL041119,Tata Housing Development Company Ltd,Delisted,F ,500000.00,INE582L14FD2, ,Commercial Papers,-,-,-,-
717778,KEC International Ltd.,KIL241219,KEC International Ltd,Delisted,F ,500000.00,INE389H14EZ6, ,Commercial Papers,-,-,-,-
717779,Sterlite Technologies Limited.,STL18DEC19,Sterlite Technologies Ltd,Delisted,F ,500000.00,INE089C14972, ,Commercial Papers,-,-,-,-
717780,Aarti Industries Ltd,AIL181219,Aarti Industries Ltd,Delisted,F ,500000.00,INE769A14502, ,Commercial Papers,-,-,-,-
717781,BASF India Ltd,BASF17DEC19,BASFIL-24-2-20-CP,Delisted,F ,500000.00,INE373A14966, ,Commercial Papers,-,-,-,-
717782,GIC Housing Finance Ltd.,GICHF261219,GIC Housing Finance Ltd,Delisted,F ,500000.00,INE289B14FU9, ,Commercial Papers,-,-,-,-
717783,Himadri Speciality Chemical Ltd.,HSCL261219,HSCL-24-03-2020-CP,Delisted,F ,500000.00,INE019C14508, ,Commercial Papers,-,-,-,-
717784,Aditya Birla Capital Ltd,ABCL271219,ABCL-28-1-20-CP,Delisted,F ,500000.00,INE674K14891, ,Commercial Papers,-,-,-,-
717785,birla Group Holdings Private Limited,BGHPL201219,Birla Group Holdings Pvt. Ltd,Delisted,F ,500000.00,INE09OL14276, ,Commercial Papers,-,-,-,-
717786,Aditya Birla Capital Ltd,ABCL261219,ABCL-27-1-2020-CP,Delisted,F ,500000.00,INE674K14875, ,Commercial Papers,-,-,-,-
717787,birla Group Holdings Private Limited,BGHPL121219,Birla Group Holdings Pvt. Ltd,Delisted,F ,500000.00,INE09OL14268, ,Commercial Papers,-,-,-,-
717788,birla Group Holdings Private Limited,BGHPL051219,Birla Group Holdings Pvt. Ltd,Delisted,F ,500000.00,INE09OL14243, ,Commercial Papers,-,-,-,-
717789,birla Group Holdings Private Limited,BHPL051219,Birla Group Holdings Pvt. Ltd,Delisted,F ,500000.00,INE09OL14250, ,Commercial Papers,-,-,-,-
717790,SBI CARDS AND PAYMENT SERVICES LIMITED,SBICPSL4619,SBICPSL-13-03-20-CP,Delisted,F ,500000.00,INE018E14NC8, ,Commercial Papers,-,-,-,-
717791,birla Group Holdings Private Limited,BGHPL291119,Birla Group Holdings Pvt. Ltd,Delisted,F ,500000.00,INE09OL14235, ,Commercial Papers,-,-,-,-
717792,SBI CARDS AND PAYMENT SERVICES LIMITED,SBICPSL4719,SBI Cards and Payment Services Ltd,Delisted,F ,500000.00,INE018E14NG9, ,Commercial Papers,-,-,-,-
717793,birla Group Holdings Private Limited,BGHPL271119,BGHPL-27-01-2020-CP,Delisted,F ,500000.00,INE09OL14227, ,Commercial Papers,-,-,-,-
717794,SBI CARDS AND PAYMENT SERVICES LIMITED,SBICPSL187,SBI Cards and Payment Services Ltd,Delisted,F ,500000.00,INE018E14NI5, ,Commercial Papers,-,-,-,-
717795,SBI CARDS AND PAYMENT SERVICES LIMITED,SBICPSL279,SBI Cards and Payment Services Ltd,Delisted,F ,500000.00,INE018E14NU0, ,Commercial Papers,-,-,-,-
717796,birla Group Holdings Private Limited,BGHPL221119,BGHPL-21-01-2020-CP,Delisted,F ,500000.00,INE09OL14219, ,Commercial Papers,-,-,-,-
717797,birla Group Holdings Private Limited,BGHPL261219,Birla Group Holdings Pvt. Ltd,Delisted,F ,500000.00,INE09OL14201, ,Commercial Papers,-,-,-,-
717798,SBI CARDS AND PAYMENT SERVICES LIMITED,SBICPSL710,SBI Cards and Payment Services Ltd,Delisted,F ,500000.00,INE018E14NX4, ,Commercial Papers,-,-,-,-
717799,SBI CARDS AND PAYMENT SERVICES LIMITED,SBICPSL1810,SBICPSL-17-1-20-CP,Delisted,F ,500000.00,INE018E14OC6, ,Commercial Papers,-,-,-,-
717800,birla Group Holdings Private Limited,BGHPL151019,BGHPL-13-01-2020-CP,Delisted,F ,500000.00,INE09OL14185, ,Commercial Papers,-,-,-,-
717801,SBI CARDS AND PAYMENT SERVICES LIMITED,SBICPSL2210,SBICPSL-21-4-20-CP,Delisted,F ,500000.00,INE018E14OD4, ,Commercial Papers,-,-,-,-
717802,SBI CARDS AND PAYMENT SERVICES LIMITED,SBICPSL711,SBI Cards and Payment Services Ltd,Delisted,F ,500000.00,INE018E14OE2, ,Commercial Papers,-,-,-,-
717803,SBI CARDS AND PAYMENT SERVICES LIMITED,SBICPSL1111,SBICPSL-07-2-20-CP,Delisted,F ,500000.00,INE018E14OF9, ,Commercial Papers,-,-,-,-
717804,SBI CARDS AND PAYMENT SERVICES LIMITED,SBICPSL2011,SBICPSL-21-5-20-CP,Delisted,F ,500000.00,INE018E14OG7, ,Commercial Papers,-,-,-,-
717805,HT Media Ltd,HTML18NOV19,HTML-14-02-2020-CP,Delisted,F ,500000.00,INE501G14BP5, ,Commercial Papers,-,-,-,-
717806,BASF India Ltd,BASF31OCT19,BASFL-29-1-20-CP,Delisted,F ,500000.00,INE373A14958, ,Commercial Papers,-,-,-,-
717807,BASF India Ltd,BASF16OCT19,BASFL-16-1-20-CP,Delisted,F ,500000.00,INE373A14941, ,Commercial Papers,-,-,-,-
717808,HT Media Ltd,HTML19NOV19,HTML-17-02-2020-CP,Delisted,F ,500000.00,INE501G14BQ3, ,Commercial Papers,-,-,-,-
717809,The Ramco Cements Limited,TRCL031219,TRCL-29-1-20-CP,Delisted,F ,500000.00,INE331A14JG2, ,Commercial Papers,-,-,-,-
717810,The Ramco Cements Limited,TRCL111219,The Ramco Cements Ltd,Delisted,F ,500000.00,INE331A14JD9, ,Commercial Papers,-,-,-,-
717811,HT Media Ltd,HTML22NOV19,HTML-20-02-2020-CP,Delisted,F ,500000.00,INE501G14BS9, ,Commercial Papers,-,-,-,-
717812,The Ramco Cements Limited,TRCL171219,The Ramco Cements Ltd,Delisted,F ,500000.00,INE331A14JI8, ,Commercial Papers,-,-,-,-
717813,Aditya Birla Capital Ltd,ABCL301219,ABCL-30-1-2020-CP,Delisted,F ,500000.00,INE674K14883, ,Commercial Papers,-,-,-,-
717814,The Ramco Cements Limited,TRCL201219,The Ramco Cements Ltd,Delisted,F ,500000.00,INE331A14JJ6, ,Commercial Papers,-,-,-,-
717815,National Housing Bank,NHB181219,National Housing Bank,Delisted,F ,500000.00,INE557F14ES7, ,Commercial Papers,-,-,-,-
717816,Aarti Industries Ltd,AIL271219,Aarti Industries Ltd,Delisted,F ,500000.00,INE769A14510, ,Commercial Papers,-,-,-,-
717817,Larsen & Toubro Limited,LTL301219,Larsen & Toubro Ltd,Delisted,F ,500000.00,INE018A14HK1, ,Commercial Papers,-,-,-,-
717818,ICICI Securities Primary Dealership Limited,ICICISPD12,ICICI Securities Primary Dealership Ltd,Delisted,F ,500000.00,INE849D14GJ7, ,Commercial Papers,-,-,-,-
717819,ICICI Securities Primary Dealership Limited,ICICISPD26,ICICISPD31-1-20-CP,Delisted,F ,500000.00,INE849D14GI9, ,Commercial Papers,-,-,-,-
717820,Bajaj Housing Finance Limited,BHFL131219,Bajaj Housing Finance Ltd,Delisted,F ,500000.00,INE377Y14686, ,Commercial Papers,-,-,-,-
717821,Redington Limited,RIL291119,Redington (India) Ltd,Delisted,F ,500000.00,INE891D14UP7, ,Commercial Papers,-,-,-,-
717822,Reliance Jio Infocomm Limited,RJIL011119,RJIL-30-01-2020-CP,Delisted,F ,500000.00,INE110L14LY6, ,Commercial Papers,-,-,-,-
717823,Reliance Jio Infocomm Limited,RJIL041119,RJIL-31-01-2020-CP,Delisted,F ,500000.00,INE110L14LZ3, ,Commercial Papers,-,-,-,-
717824,Redington Limited,RIL29112019,RIL-28-1-2020-CP,Delisted,F ,500000.00,INE891D14UQ5, ,Commercial Papers,-,-,-,-
717825,Reliance Jio Infocomm Limited,RJIL081119,RJIL-06-02-2020-CP,Delisted,F ,500000.00,INE110L14MA4, ,Commercial Papers,-,-,-,-
717826,Reliance Jio Infocomm Limited,RJIL111119,RJIL-10-02-2020-CP,Delisted,F ,500000.00,INE110L14MB2, ,Commercial Papers,-,-,-,-
717827,Redington Limited,RIL29NOV19,RIL-31-1-2020-CP,Delisted,F ,500000.00,INE891D14UR3, ,Commercial Papers,-,-,-,-
717828,Reliance Jio Infocomm Limited,RJIL081119A,RJIL-24-01-2020-CP,Delisted,F ,500000.00,INE110L14MC0, ,Commercial Papers,-,-,-,-
717829,Redington Limited,RIL021219,Redington (India) Ltd,Delisted,F ,500000.00,INE891D14US1, ,Commercial Papers,-,-,-,-
717830,Reliance Jio Infocomm Limited,RJIL111119A,RJIL-04-02-2020-CP,Delisted,F ,500000.00,INE110L14MD8, ,Commercial Papers,-,-,-,-
717831,Reliance Jio Infocomm Limited,RJIL131119,RJIL-11-02-2020-CP,Delisted,F ,500000.00,INE110L14ME6, ,Commercial Papers,-,-,-,-
717832,Redington Limited,RIL06122019,RIL-5-3-2020-CP,Delisted,F ,500000.00,INE891D14UT9, ,Commercial Papers,-,-,-,-
717833,Reliance Jio Infocomm Limited,RJIL141119,RJIL-12-02-2020-CP,Delisted,F ,500000.00,INE110L14MF3, ,Commercial Papers,-,-,-,-
717834,Reliance Jio Infocomm Limited,RJIL141119A,RJIL-13-02-2020-CP,Delisted,F ,500000.00,INE110L14MG1, ,Commercial Papers,-,-,-,-
717835,Redington Limited,RIL06DEC19,Redington (India) Ltd,Delisted,F ,500000.00,INE891D14UV5, ,Commercial Papers,-,-,-,-
717836,Bajaj Housing Finance Limited,BHFL41219,Bajaj Housing Finance Ltd,Delisted,F ,500000.00,INE377Y14660, ,Commercial Papers,-,-,-,-
717837,Reliance Jio Infocomm Limited,RJIL141119B,RJIL-03-02-2020-CP,Delisted,F ,500000.00,INE110L14MH9, ,Commercial Papers,-,-,-,-
717838,Reliance Jio Infocomm Limited,RJIL181119,RJIL-17-01-2020-CP,Delisted,F ,500000.00,INE110L14MI7, ,Commercial Papers,-,-,-,-
717839,Reliance Jio Infocomm Limited,RJIL181119A,RJIL-17-02-2020-CP,Delisted,F ,500000.00,INE110L14MJ5, ,Commercial Papers,-,-,-,-
717840,Ceat Ltd.,CEAT24DEC19,CEATL-13-3-20-CP,Delisted,F ,500000.00,INE482A14882, ,Commercial Papers,-,-,-,-
717841,Reliance Jio Infocomm Limited,RJIL201119,RJIL-19-02-2020-CP,Delisted,F ,500000.00,INE110L14MK3, ,Commercial Papers,-,-,-,-
717842,Reliance Jio Infocomm Limited,RJIL201119A,RJIL-18-02-2020-CP,Delisted,F ,500000.00,INE110L14ML1, ,Commercial Papers,-,-,-,-
717843,Bajaj Housing Finance Limited,BHFL1812,Bajaj Housing Finance Ltd,Delisted,F ,500000.00,INE377Y14694, ,Commercial Papers,-,-,-,-
717844,Reliance Jio Infocomm Limited,RJIL271119,RJIL-25-02-2020-CP,Delisted,F ,500000.00,INE110L14MM9, ,Commercial Papers,-,-,-,-
717845,Reliance Jio Infocomm Limited,RJIL291119,RJIL-28-02-2020-CP,Delisted,F ,500000.00,INE110L14MN7, ,Commercial Papers,-,-,-,-
717846,Reliance Jio Infocomm Limited,RJIL291119A,RJIL-27-02-2020-CP,Delisted,F ,500000.00,INE110L14MO5, ,Commercial Papers,-,-,-,-
717847,Reliance Jio Infocomm Limited,RJIL291119B,RJIL-20-02-2020-CP,Delisted,F ,500000.00,INE110L14MP2, ,Commercial Papers,-,-,-,-
717848,Reliance Jio Infocomm Limited,RJIL021219,RJIL-02-03-2020-CP,Delisted,F ,500000.00,INE110L14MQ0, ,Commercial Papers,-,-,-,-
717849,Redington Limited,RIL131219,Redington (India) Ltd,Delisted,F ,500000.00,INE891D14UW3, ,Commercial Papers,-,-,-,-
717850,Reliance Jio Infocomm Limited,RJIL041219,RJIL-09-03-2020-CP,Delisted,F ,500000.00,INE110L14MR8, ,Commercial Papers,-,-,-,-
717851,Reliance Jio Infocomm Limited,RJIL041219A,RJIL-13-03-2020-CP,Delisted,F ,500000.00,INE110L14MS6, ,Commercial Papers,-,-,-,-
717852,Reliance Jio Infocomm Limited,RJIL131219,RJIL-23-03-2020-CP,Delisted,F ,500000.00,INE110L14MT4, ,Commercial Papers,-,-,-,-
717853,Bajaj Housing Finance Limited,BHFL271119,Bajaj Housing Finance Ltd,Delisted,F ,500000.00,INE377Y14652, ,Commercial Papers,-,-,-,-
717854,Redington Limited,RIL271219,Redington (India) Ltd,Delisted,F ,500000.00,INE891D14UY9, ,Commercial Papers,-,-,-,-
717855,Reliance Jio Infocomm Limited,RJIL161219,RJIL-16-03-2020-CP,Delisted,F ,500000.00,INE110L14MU2, ,Commercial Papers,-,-,-,-
717856,Bajaj Housing Finance Limited,BHFL1911,Bajaj Housing Finance Ltd,Delisted,F ,500000.00,INE377Y14637, ,Commercial Papers,-,-,-,-
717857,Bajaj Housing Finance Limited,BHFL211119,Bajaj Housing Finance Ltd,Delisted,F ,500000.00,INE377Y14645, ,Commercial Papers,-,-,-,-
717858,Bajaj Housing Finance Limited,BHFL61119,Bajaj Housing Finance Ltd,Delisted,F ,500000.00,INE377Y14629, ,Commercial Papers,-,-,-,-
717859,Bajaj Housing Finance Limited,BHFL51219,Bajaj Housing Finance Ltd,Delisted,F ,500000.00,INE377Y14678, ,Commercial Papers,-,-,-,-
717860,Hinduja Leyland Finance Limited,HLFL011119,HLFL-28-1-20-CP,Delisted,F ,500000.00,INE146O14AP5, ,Commercial Papers,-,-,-,-
717861,ICICI HOME FINANCE COMPANY LIMITED,ICICI241219,ICICIHFCL-6-3-20-CP,Delisted,F ,500000.00,INE071G14CZ6, ,Commercial Papers,-,-,-,-
717862,Reliance Jio Infocomm Limited,RJIL201219,RJIL-20-03-2020-CP,Delisted,F ,500000.00,INE110L14MV0, ,Commercial Papers,-,-,-,-
717863,Reliance Jio Infocomm Limited,RJIL181219,RJIL-18-03-2020-CP,Delisted,F ,500000.00,INE110L14MW8, ,Commercial Papers,-,-,-,-
717864,Reliance Jio Infocomm Limited,RJIL271219,RJIL-26-03-2020-CP,Delisted,F ,500000.00,INE110L14MX6, ,Commercial Papers,-,-,-,-
717865,Reliance Jio Infocomm Limited,RJIL301219,RJIL-27-03-2020-CP,Delisted,F ,500000.00,INE110L14MY4, ,Commercial Papers,-,-,-,-
717866,Reliance Jio Infocomm Limited,RJIL301219A,RJIL-30-03-2020-CP,Delisted,F ,500000.00,INE110L14MZ1, ,Commercial Papers,-,-,-,-
717867,Motilal Oswal Financial Services Limited,MOFSL1911,MOFSL-24-1-20-CP,Delisted,F ,500000.00,INE338I14BD4, ,Commercial Papers,-,-,-,-
717868,Motilal Oswal Financial Services Limited,MOFSL2211,MOFSL-20-1-20-CP,Delisted,F ,500000.00,INE338I14BE2, ,Commercial Papers,-,-,-,-
717869,Motilal Oswal Financial Services Limited,MOFSL2511,MOFSL-25-11-19-CP,Delisted,F ,500000.00,INE338I14BF9, ,Commercial Papers,-,-,-,-
717870,Motilal Oswal Financial Services Limited,MOFSL2011,Motilal Oswal Financial Services Ltd,Delisted,F ,500000.00,INE338I14BH5, ,Commercial Papers,-,-,-,-
717871,birla Group Holdings Private Limited,BGHPL3012,Birla Group Holdings Pvt. Ltd,Delisted,F ,500000.00,INE09OL14292, ,Commercial Papers,-,-,-,-
717872,birla Group Holdings Private Limited,BGHPL3112,BGHPL-31-1-20-CP,Delisted,F ,500000.00,INE09OL14284, ,Commercial Papers,-,-,-,-
717873,Kotak Mahindra Investments Limited,KMIL311219,Kotak Mahindra Investments Ltd,Delisted,F ,500000.00,INE975F14SJ0, ,Commercial Papers,-,-,-,-
717874,POWER GRID CORPORATION OF INDIA LIMITED,PGCIL2712,Power Grid Corporation of India Ltd,Delisted,F ,500000.00,INE752E14385, ,Commercial Papers,-,-,-,-
717875,Bharat Heavy Electricals Ltd.,BHEL311219,Bharat Heavy Electricals Ltd,Delisted,F ,500000.00,INE257A14235, ,Commercial Papers,-,-,-,-
717876,Kotak Mahindra Prime Limited,KMP291019,Kotak Mahindra Prime Ltd,Delisted,F ,500000.00,INE916D14R30, ,Commercial Papers,-,-,-,-
717877,Kotak Mahindra Prime Limited,KMP101019,Kotak Mahindra Prime Ltd,Delisted,F ,500000.00,INE916D14Q80, ,Commercial Papers,-,-,-,-
717878,Kotak Mahindra Prime Limited,KMP141019,Kotak Mahindra Prime Ltd,Delisted,F ,500000.00,INE916D14Q98, ,Commercial Papers,-,-,-,-
717879,MUTHOOT FINANCE LIMITED,MFL141019,MFL-13-1-20-CP,Delisted,F ,500000.00,INE414G14MS2, ,Commercial Papers,-,-,-,-
717880,Kotak Mahindra Prime Limited,KMP301019,Kotak Mahindra Prime Ltd,Delisted,F ,500000.00,INE916D14R48, ,Commercial Papers,-,-,-,-
717881,MUTHOOT FINANCE LIMITED,MFL151019,MFL-14-1-20-CP,Delisted,F ,500000.00,INE414G14MT0, ,Commercial Papers,-,-,-,-
717882,MUTHOOT FINANCE LIMITED,MFL161019,MFL-15-1-20-CP,Delisted,F ,500000.00,INE414G14MU8, ,Commercial Papers,-,-,-,-
717883,MUTHOOT FINANCE LIMITED,MFL171019,MFL-16-1-20-CP,Delisted,F ,500000.00,INE414G14MV6, ,Commercial Papers,-,-,-,-
717884,Kotak Mahindra Prime Limited,KMP2611,KMP-27-01-20-CP,Delisted,F ,500000.00,INE916D14S13, ,Commercial Papers,-,-,-,-
717885,MUTHOOT FINANCE LIMITED,MFL251019,MFL-24-1-20-CP,Delisted,F ,500000.00,INE414G14MW4, ,Commercial Papers,-,-,-,-
717886,Kotak Mahindra Prime Limited,KMP3010,Kotak Mahindra Prime Ltd,Delisted,F ,500000.00,INE916D14R55, ,Commercial Papers,-,-,-,-
717887,MUTHOOT FINANCE LIMITED,MFL291019,MFL-28-1-20-CP,Delisted,F ,500000.00,INE414G14MX2, ,Commercial Papers,-,-,-,-
717888,MUTHOOT FINANCE LIMITED,MFL301019,MFL-29-1-20-CP,Delisted,F ,500000.00,INE414G14MY0, ,Commercial Papers,-,-,-,-
717889,Kotak Mahindra Prime Limited,KMP41119,Kotak Mahindra Prime Ltd,Delisted,F ,500000.00,INE916D14R97, ,Commercial Papers,-,-,-,-
717890,Kotak Mahindra Prime Limited,KMP1410,Kotak Mahindra Prime Ltd,Delisted,F ,500000.00,INE916D14R06, ,Commercial Papers,-,-,-,-
717891,Motilal Oswal Financial Services Limited,MOFSL6DEC19,Motilal Oswal Financial Services Ltd,Delisted,F ,500000.00,INE338I14BI3, ,Commercial Papers,-,-,-,-
717892,MUTHOOT FINANCE LIMITED,MFL311019,MFL-30-1-20-CP,Delisted,F ,500000.00,INE414G14KJ5, ,Commercial Papers,-,-,-,-
717893,MUTHOOT FINANCE LIMITED,MFL041119,Muthoot Finance Ltd,Delisted,F ,500000.00,INE414G14MZ7, ,Commercial Papers,-,-,-,-
717894,Kotak Securities Limited,KSL27DEC19,KSL-28-1-20-CP,Delisted,F ,500000.00,INE028E14GI8, ,Commercial Papers,-,-,-,-
717895,MUTHOOT FINANCE LIMITED,MFL071119,Muthoot Finance Ltd,Delisted,F ,500000.00,INE414G14NA8, ,Commercial Papers,-,-,-,-
717896,MUTHOOT FINANCE LIMITED,MFL211119,Muthoot Finance Ltd,Delisted,F ,500000.00,INE414G14KU2, ,Commercial Papers,-,-,-,-
717897,Kotak Securities Limited,KSL19DEC19,Kotak Securities Ltd,Delisted,F ,500000.00,INE028E14GP3, ,Commercial Papers,-,-,-,-
717898,MUTHOOT FINANCE LIMITED,MFL251119,Muthoot Finance Ltd,Delisted,F ,500000.00,INE414G14NB6, ,Commercial Papers,-,-,-,-
717899,Kotak Securities Limited,KSL11DEC19,Kotak Securities Ltd,Delisted,F ,500000.00,INE028E14GN8, ,Commercial Papers,-,-,-,-
717900,Kotak Securities Limited,KSL26DEC19,Kotak Securities Ltd,Delisted,F ,500000.00,INE028E14GQ1, ,Commercial Papers,-,-,-,-
717901,Kotak Securities Limited,KSL29NOV19,Kotak Securities Ltd,Delisted,F ,500000.00,INE028E14GK4, ,Commercial Papers,-,-,-,-
717902,Kotak Securities Limited,KSL4DEC19,Kotak Securities Ltd,Delisted,F ,500000.00,INE028E14GL2, ,Commercial Papers,-,-,-,-
717903,MUTHOOT FINANCE LIMITED,MFL261119,Muthoot Finance Ltd,Delisted,F ,500000.00,INE414G14KW8, ,Commercial Papers,-,-,-,-
717904,MUTHOOT FINANCE LIMITED,MFL041219,Muthoot Finance Ltd,Delisted,F ,500000.00,INE414G14NC4, ,Commercial Papers,-,-,-,-
717905,MUTHOOT FINANCE LIMITED,MFL041219A,Muthoot Finance Ltd,Delisted,F ,500000.00,INE414G14ND2, ,Commercial Papers,-,-,-,-
717906,Kotak Securities Limited,KSL10DEC19,Kotak Securities Ltd,Delisted,F ,500000.00,INE028E14GM0, ,Commercial Papers,-,-,-,-
717907,MUTHOOT FINANCE LIMITED,MFL051219,Muthoot Finance Ltd,Delisted,F ,500000.00,INE414G14NE0, ,Commercial Papers,-,-,-,-
717908,Kotak Securities Limited,KSL16DEC19,KSL-31-1-20-CP,Delisted,F ,500000.00,INE028E14GO6, ,Commercial Papers,-,-,-,-
717909,MUTHOOT FINANCE LIMITED,MFL061219,Muthoot Finance Ltd,Delisted,F ,500000.00,INE414G14NF7, ,Commercial Papers,-,-,-,-
717910,MUTHOOT FINANCE LIMITED,MFL091219,Muthoot Finance Ltd,Delisted,F ,500000.00,INE414G14NG5, ,Commercial Papers,-,-,-,-
717911,MUTHOOT FINANCE LIMITED,MFL111219,Muthoot Finance Ltd,Delisted,F ,500000.00,INE414G14NH3, ,Commercial Papers,-,-,-,-
717912,MUTHOOT FINANCE LIMITED,MFL121219,Muthoot Finance Ltd,Delisted,F ,500000.00,INE414G14NI1, ,Commercial Papers,-,-,-,-
717913,MUTHOOT FINANCE LIMITED,MFL131219A,Muthoot Finance Ltd,Delisted,F ,500000.00,INE414G14NJ9, ,Commercial Papers,-,-,-,-
717914,MUTHOOT FINANCE LIMITED,MFL171219,Muthoot Finance Ltd,Delisted,F ,500000.00,INE414G14NK7, ,Commercial Papers,-,-,-,-
717915,MUTHOOT FINANCE LIMITED,MFL161219,Muthoot Finance Ltd,Delisted,F ,500000.00,INE414G14NL5, ,Commercial Papers,-,-,-,-
717916,MUTHOOT FINANCE LIMITED,MFL181219,Muthoot Finance Ltd,Delisted,F ,500000.00,INE414G14NM3, ,Commercial Papers,-,-,-,-
717917,MUTHOOT FINANCE LIMITED,MFL191219,Muthoot Finance Ltd,Delisted,F ,500000.00,INE414G14NN1, ,Commercial Papers,-,-,-,-
717918,MUTHOOT FINANCE LIMITED,MFL231219,Muthoot Finance Ltd,Delisted,F ,500000.00,INE414G14NO9, ,Commercial Papers,-,-,-,-
717919,Sharekhan BNP Paribas Financial Services Limited,SPFSL151119,Sharekhan BNP Paribas Financial Services Ltd,Delisted,F ,500000.00,INE550X14268, ,Commercial Papers,-,-,-,-
717920,POWER GRID CORPORATION OF INDIA LIMITED,PGCIL2611,Power Grid Corporation of India Ltd,Delisted,F ,500000.00,INE752E14377, ,Commercial Papers,-,-,-,-
717921,POWER GRID CORPORATION OF INDIA LIMITED,PGCIL1511,Power Grid Corporation of India Ltd,Delisted,F ,500000.00,INE752E14369, ,Commercial Papers,-,-,-,-
717922,POWER GRID CORPORATION OF INDIA LIMITED,PGCIL1810,PGCIL-16-1-20-CP,Delisted,F ,500000.00,INE752E14351, ,Commercial Papers,-,-,-,-
717923,POWER GRID CORPORATION OF INDIA LIMITED,PGCIL111019,PGCIL-9-1-20-CP,Delisted,F ,500000.00,INE752E14344, ,Commercial Papers,-,-,-,-
717924,Grasim Industries Ltd,GIL301219,Grasim Industries Ltd,Delisted,F ,500000.00,INE047A14628, ,Commercial Papers,-,-,-,-
717925,Kotak Mahindra Prime Limited,KMPL3112,KMPL-24-1-20-CP,Delisted,F ,500000.00,INE916D14S62, ,Commercial Papers,-,-,-,-
717926,Axis Finance Limited,AFL261219,Axis Finance Ltd,Delisted,F ,500000.00,INE891K14IT9, ,Commercial Papers,-,-,-,-
717927,Axis Finance Limited,AFL011119,AFL-31-01-2020-CP,Delisted,F ,500000.00,INE891K14IN2, ,Commercial Papers,-,-,-,-
717928,MUTHOOT FINCORP LIMITED,MFL010120,MFL-30-1-20-CP,Delisted,F ,500000.00,INE549K14AO1, ,Commercial Papers,-,-,-,-
717929,KALPATARU PROJECTS INTERNATIONAL LIMITED,KPTL010120,KPTL-27-03-2020-CP,Delisted,F ,500000.00,INE220B14AP5, ,Commercial Papers,-,-,-,-
717930,Housing &Urban Development Corporation Ltd.,HUDCO181119,Housing & Urban Development Corporation Ltd,Delisted,F ,500000.00,INE031A14416, ,Commercial Papers,-,-,-,-
717931,Vardhman Textiles Limted,VTL31DEC19,VTL-30-3-20-CP,Delisted,F ,500000.00,INE825A14874, ,Commercial Papers,-,-,-,-
717932,TV18 Broadcast Ltd.,TV1811119,TV18-31-12-20,Delisted,F ,500000.00,INE886H14DV2, ,Commercial Papers,-,-,-,-
717933,TV18 Broadcast Ltd.,TV1871119,TV18 Broadcast Ltd,Delisted,F ,500000.00,INE886H14DW0, ,Commercial Papers,-,-,-,-
717934,TV18 Broadcast Ltd.,TV18131119,TV18 Broadcast Ltd,Delisted,F ,500000.00,INE886H14DX8, ,Commercial Papers,-,-,-,-
717935,TV18 Broadcast Ltd.,TV18141119,TV18 Broadcast Ltd,Delisted,F ,500000.00,INE886H14DY6, ,Commercial Papers,-,-,-,-
717936,TV18 Broadcast Ltd.,TV18151119,TV18-14-1-20-CP,Delisted,F ,500000.00,INE886H14DZ3, ,Commercial Papers,-,-,-,-
717937,TV18 Broadcast Ltd.,TV18131219,TV18 Broadcast Ltd,Delisted,F ,500000.00,INE886H14EA4, ,Commercial Papers,-,-,-,-
717938,TV18 Broadcast Ltd.,TV18161219,TV18 Broadcast Ltd,Delisted,F ,500000.00,INE886H14EB2, ,Commercial Papers,-,-,-,-
717939,TV18 Broadcast Ltd.,TV18261219,TV18 Broadcast Ltd,Delisted,F ,500000.00,INE886H14EC0, ,Commercial Papers,-,-,-,-
717940,Network 18 Media & Investments Limited,N1823102019,N18-20-1-20-CP,Delisted,F ,500000.00,INE870H14IJ0, ,Commercial Papers,-,-,-,-
717941,Network 18 Media & Investments Limited,N18251019,N18-23-1-20-CP,Delisted,F ,500000.00,INE870H14IK8, ,Commercial Papers,-,-,-,-
717942,Network 18 Media & Investments Limited,N18311019,N18-29-1-20-CP,Delisted,F ,500000.00,INE870H14IL6, ,Commercial Papers,-,-,-,-
717943,Network 18 Media & Investments Limited,N1811119,N18-28-1-20-CP,Delisted,F ,500000.00,INE870H14IM4, ,Commercial Papers,-,-,-,-
717944,Network 18 Media & Investments Limited,N1841119,N18-31-1-20-CP,Delisted,F ,500000.00,INE870H14IN2, ,Commercial Papers,-,-,-,-
717945,Network 18 Media & Investments Limited,N18131119,Network 18 Media & Investments Ltd,Delisted,F ,500000.00,INE870H14IO0, ,Commercial Papers,-,-,-,-
717946,Network 18 Media & Investments Limited,N18151119,N18-14-1-20-CP,Delisted,F ,500000.00,INE870H14IS1, ,Commercial Papers,-,-,-,-
717947,Network 18 Media & Investments Limited,N181511,Network 18 Media & Investments Ltd,Delisted,F ,500000.00,INE870H14IP7, ,Commercial Papers,-,-,-,-
717948,Network 18 Media & Investments Limited,N18181119,Network 18 Media & Investments Ltd,Delisted,F ,500000.00,INE870H14IQ5, ,Commercial Papers,-,-,-,-
717949,Network 18 Media & Investments Limited,N18191119,Network 18 Media & Investments Ltd,Delisted,F ,500000.00,INE870H14IR3, ,Commercial Papers,-,-,-,-
717950,Network 18 Media & Investments Limited,N18121219,Network 18 Media & Investments Ltd,Delisted,F ,500000.00,INE870H14IT9, ,Commercial Papers,-,-,-,-
717951,Network 18 Media & Investments Limited,N18161219,Network 18 Media & Investments Ltd,Delisted,F ,500000.00,INE870H14IU7, ,Commercial Papers,-,-,-,-
717952,Network 18 Media & Investments Limited,N18181219,Network 18 Media & Investments Ltd,Delisted,F ,500000.00,INE870H14IW3, ,Commercial Papers,-,-,-,-
717953,Network 18 Media & Investments Limited,N18191219,Network 18 Media & Investments Ltd,Delisted,F ,500000.00,INE870H14IX1, ,Commercial Papers,-,-,-,-
717954,Network 18 Media & Investments Limited,N18201220,Network 18 Media & Investments Ltd,Delisted,F ,500000.00,INE870H14IV5, ,Commercial Papers,-,-,-,-
717955,Network 18 Media & Investments Limited,N18241219,Network 18 Media & Investments Ltd,Delisted,F ,500000.00,INE870H14IY9, ,Commercial Papers,-,-,-,-
717956,Bajaj Finance Limited,BFL050419,Bajaj Finance Ltd,Delisted,F ,500000.00,INE296A14PN0, ,Commercial Papers,-,-,-,-
717957,Bajaj Finance Limited,BFL180619,Bajaj Finance Ltd,Delisted,F ,500000.00,INE296A14PU5, ,Commercial Papers,-,-,-,-
717958,Bajaj Finance Limited,BFL190619,Bajaj Finance Ltd,Delisted,F ,500000.00,INE296A14PV3, ,Commercial Papers,-,-,-,-
717959,Bajaj Finance Limited,BFL240619,Bajaj Finance Ltd,Delisted,F ,500000.00,INE296A14PW1, ,Commercial Papers,-,-,-,-
717960,Bajaj Finance Limited,BFL280619,Bajaj Finance Ltd,Delisted,F ,500000.00,INE296A14PX9, ,Commercial Papers,-,-,-,-
717961,Bajaj Finance Limited,BFL300819,Bajaj Finance Ltd,Delisted,F ,500000.00,INE296A14QG2, ,Commercial Papers,-,-,-,-
717962,Aditya Birla  Money Ltd,ABM3120,ABM-27-1-20-CP,Delisted,F ,500000.00,INE865C14ER3, ,Commercial Papers,-,-,-,-
717963,Aditya Birla  Money Ltd,ABML3120,ABML-31-01-2020-CP,Delisted,F ,500000.00,INE865C14EQ5, ,Commercial Papers,-,-,-,-
717964,SBI CARDS AND PAYMENT SERVICES LIMITED,SCPSL3JAN20,SCPSL-30-3-20-CP,Delisted,F ,500000.00,INE018E14OI3, ,Commercial Papers,-,-,-,-
717965,Bajaj Housing Finance Limited,BHFL24JUN19,Bajaj Housing Finance Ltd,Delisted,F ,500000.00,INE377Y14488, ,Commercial Papers,-,-,-,-
717966,Axis Finance Limited,AFL181119,Axis Finance Ltd,Delisted,F ,500000.00,INE891K14IO0, ,Commercial Papers,-,-,-,-
717967,Bajaj Housing Finance Limited,BHFL29JUL19,Bajaj Housing Finance Ltd,Delisted,F ,500000.00,INE377Y14504, ,Commercial Papers,-,-,-,-
717968,Bajaj Housing Finance Limited,BHFL17SEP19,Bajaj Housing Finance Ltd,Delisted,F ,500000.00,INE377Y14595, ,Commercial Papers,-,-,-,-
717969,Bajaj Housing Finance Limited,BHFL18OCT19,Bajaj Housing Finance Ltd,Delisted,F ,500000.00,INE377Y14611, ,Commercial Papers,-,-,-,-
717970,National Fertilizers Ltd.,NFL3JAN20,National Fertilizers Ltd,Delisted,F ,500000.00,INE870D14CP9, ,Commercial Papers,-,-,-,-
717971,National Fertilizers Ltd.,NFL3JAN20A,National Fertilizers Ltd,Delisted,F ,500000.00,INE870D14CQ7, ,Commercial Papers,-,-,-,-
717972,STANDARD CHARTERED CAPITAL LIMITED,SCIL3JAN20,Standard Chartered Investments and Loans (India) Ltd,Delisted,F ,500000.00,INE403G14MJ4, ,Commercial Papers,-,-,-,-
717973,Redington Limited,RIL3120,Redington (India) Ltd,Delisted,F ,500000.00,INE891D14VA7, ,Commercial Papers,-,-,-,-
717974,Redington Limited,RIL3120A,Redington (India) Ltd,Delisted,F ,500000.00,INE891D14UZ6, ,Commercial Papers,-,-,-,-
717975,Reliance Industries Ltd,RIL5919,Reliance Industries Ltd,Delisted,F ,500000.00,INE002A14DL2, ,Commercial Papers,-,-,-,-
717976,Reliance Industries Ltd,RIL5919A,Reliance Industries Ltd,Delisted,F ,500000.00,INE002A14DM0, ,Commercial Papers,-,-,-,-
717977,Reliance Industries Ltd,RIL141119A,RIL-13-1-20-CP,Delisted,F ,500000.00,INE002A14DP3, ,Commercial Papers,-,-,-,-
717978,Reliance Industries Ltd,RIL141119,Reliance Industries Ltd,Delisted,F ,500000.00,INE002A14DO6, ,Commercial Papers,-,-,-,-
717979,Reliance Industries Ltd,RIL151119,Reliance Industries Ltd,Delisted,F ,500000.00,INE002A14DQ1, ,Commercial Papers,-,-,-,-
717980,Reliance Industries Ltd,RIL181119,Reliance Industries Ltd,Delisted,F ,500000.00,INE002A14DR9, ,Commercial Papers,-,-,-,-
717981,Reliance Industries Ltd,RIL181119A,Reliance Industries Ltd,Delisted,F ,500000.00,INE002A14DT5, ,Commercial Papers,-,-,-,-
717982,Reliance Industries Ltd,RIL181119B,RIL-9-3-20-CP,Delisted,F ,500000.00,INE002A14DS7, ,Commercial Papers,-,-,-,-
717983,Reliance Industries Ltd,RIL211119,Reliance Industries Ltd,Delisted,F ,500000.00,INE002A14DV1, ,Commercial Papers,-,-,-,-
717984,Reliance Industries Ltd,RIL201119,Reliance Industries Ltd,Delisted,F ,500000.00,INE002A14DU3, ,Commercial Papers,-,-,-,-
717985,Motilal Oswal Home Finance Limited,MOHFL261219,MOHFL-24-1-2020-CP,Delisted,F ,500000.00,INE658R14394, ,Commercial Papers,-,-,-,-
717986,Reliance Industries Ltd,RIL21219,Reliance Industries Ltd,Delisted,F ,500000.00,INE002A14DW9, ,Commercial Papers,-,-,-,-
717987,Aditya Birla Fashion and Retail Limited,ABFRL251019,ABFRL-23-1-20-CP,Delisted,F ,500000.00,INE647O14CS2, ,Commercial Papers,-,-,-,-
717988,Aditya Birla Fashion and Retail Limited,ABFRL011119,ABFRL-30-01-20-CP,Delisted,F ,500000.00,INE647O14CT0, ,Commercial Papers,-,-,-,-
717989,Aditya Birla Fashion and Retail Limited,ABFRL51119,ABFRL-31-1-20-CP,Delisted,F ,500000.00,INE647O14CU8, ,Commercial Papers,-,-,-,-
717990,Aditya Birla Fashion and Retail Limited,ABFRL151119,Aditya Birla Fashion and Retail Ltd,Delisted,F ,500000.00,INE647O14CV6, ,Commercial Papers,-,-,-,-
717991,Aditya Birla Fashion and Retail Limited,ABFRL61219,Aditya Birla Fashion and Retail Ltd,Delisted,F ,500000.00,INE647O14CW4, ,Commercial Papers,-,-,-,-
717992,Aditya Birla Fashion and Retail Limited,ABFRL1312,Aditya Birla Fashion and Retail Ltd,Delisted,F ,500000.00,INE647O14CY0, ,Commercial Papers,-,-,-,-
717993,Aditya Birla Fashion and Retail Limited,ABFRL161219,Aditya Birla Fashion and Retail Ltd,Delisted,F ,500000.00,INE647O14CX2, ,Commercial Papers,-,-,-,-
717994,Aditya Birla Fashion and Retail Limited,ABFRL201219,Aditya Birla Fashion and Retail Ltd,Delisted,F ,500000.00,INE647O14CZ7, ,Commercial Papers,-,-,-,-
717995,Mahindra Rural Housing Finance Limited,MRHFL141119,Mahindra Rural Housing Finance Ltd,Delisted,F ,500000.00,INE950O14BN3, ,Commercial Papers,-,-,-,-
717996,SBI CARDS AND PAYMENT SERVICES LIMITED,SBICPL6120,SBI Cards and Payment Services Ltd,Delisted,F ,500000.00,INE018E14OK9, ,Commercial Papers,-,-,-,-
717997,SBI CARDS AND PAYMENT SERVICES LIMITED,SBICP6120,SBI Cards and Payment Services Ltd,Delisted,F ,500000.00,INE018E14OL7, ,Commercial Papers,-,-,-,-
717998,SBI CARDS AND PAYMENT SERVICES LIMITED,SBICPS0601,SBI Cards and Payment Services Ltd,Delisted,F ,500000.00,INE018E14OJ1, ,Commercial Papers,-,-,-,-
717999,Avenue Supermarts Limited,ASL6120,ASL-25-2-20-CP,Delisted,F ,500000.00,INE192R14279, ,Commercial Papers,-,-,-,-
718000,Axis Finance Limited,AFL231019,AFL-21-1-20-CP,Delisted,F ,500000.00,INE891K14II2, ,Commercial Papers,-,-,-,-
718001,Axis Finance Limited,AFL6120,Axis Finance Ltd,Delisted,F ,500000.00,INE891K14IU7, ,Commercial Papers,-,-,-,-
718002,REC LIMITED,REC5319,REC Ltd,Delisted,F ,500000.00,INE020B14607, ,Commercial Papers,-,-,-,-
718003,REC LIMITED,REC9519,REC Ltd,Delisted,F ,500000.00,INE020B14623, ,Commercial Papers,-,-,-,-
718004,REC LIMITED,REC24619,REC Ltd,Delisted,F ,500000.00,INE020B14631, ,Commercial Papers,-,-,-,-
718005,Hinduja Leyland Finance Limited,HLFL6120,Hinduja Leyland Finance Ltd,Delisted,F ,500000.00,INE146O14AV3, ,Commercial Papers,-,-,-,-
718006,National Fertilizers Ltd.,NFL6JAN20,National Fertilizers Ltd,Delisted,F ,500000.00,INE870D14CR5, ,Commercial Papers,-,-,-,-
718007,National Fertilizers Ltd.,NFL6JAN20A,National Fertilizers Ltd,Delisted,F ,500000.00,INE870D14CS3, ,Commercial Papers,-,-,-,-
718008,ICICI HOME FINANCE COMPANY LIMITED,ICICIH1511,ICICIHFCL-9-2-20-CP,Delisted,F ,500000.00,INE071G14CV5, ,Commercial Papers,-,-,-,-
718009,ICICI HOME FINANCE COMPANY LIMITED,ICICIH1411,ICICIHFCL-12-5-20-CP,Delisted,F ,500000.00,INE071G14CW3, ,Commercial Papers,-,-,-,-
718010,ICICI HOME FINANCE COMPANY LIMITED,ICICIH2510,ICICIHFCL-23-10-20-CP,Delisted,F ,500000.00,INE071G14CT9, ,Commercial Papers,-,-,-,-
718011,ICICI HOME FINANCE COMPANY LIMITED,ICICIH2106,ICICIHFCL-31-1-20-CP,Delisted,F ,500000.00,INE071G14CO0, ,Commercial Papers,-,-,-,-
718012,JM Financial Capital Limited,JMFC2712,JMFCL-27-1-20-CP,Delisted,F ,500000.00,INE901W14BD0, ,Commercial Papers,-,-,-,-
718013,JM FINANCIAL PRODUCTS LIMITED,JMFPL121219,JM Financial Products Ltd,Delisted,F ,500000.00,INE523H14S89, ,Commercial Papers,-,-,-,-
718014,JM Financial Capital Limited,JMF21219,JMFCL-30-01-2020-CP,Delisted,F ,500000.00,INE901W14BB4, ,Commercial Papers,-,-,-,-
718015,JM Financial Capital Limited,JMF291119,JMFCL-29-11-2019-CP,Delisted,F ,500000.00,INE901W14BA6, ,Commercial Papers,-,-,-,-
718016,GIC Housing Finance Ltd.,GIC141120,GIC-10-1-20-CP,Delisted,F ,500000.00,INE289B14FO2, ,Commercial Papers,-,-,-,-
718017,GIC Housing Finance Ltd.,GIC181119,GIC-17-1-20-CP,Delisted,F ,500000.00,INE289B14FP9, ,Commercial Papers,-,-,-,-
718018,ICICI Securities Limited,ISL151119,ISL-14-2-20-CP,Delisted,F ,500000.00,INE763G14HI3, ,Commercial Papers,-,-,-,-
718019,TATA STEEL LIMITED,TSL70120,Tata Steel Ltd,Delisted,F ,500000.00,INE081A14AL2, ,Commercial Papers,-,-,-,-
718020,ICICI HOME FINANCE COMPANY LIMITED,ICICIH6120,ICICIHFCL-25-2-20-CP,Delisted,F ,500000.00,INE071G14DA7, ,Commercial Papers,-,-,-,-
718021,Steel Authority of India Ltd.,SAIL181119,Steel Authority of India Ltd,Delisted,F ,500000.00,INE114A14IC3, ,Commercial Papers,-,-,-,-
718022,360 ONE Prime Limited,IIFLWF7120,IIFL Wealth Finance Ltd,Delisted,F ,500000.00,INE248U14HO4, ,Commercial Papers,-,-,-,-
718023,Kotak Mahindra Prime Limited,KMPL150219,Kotak Mahindra Prime Ltd,Delisted,F ,500000.00,INE916D14L44, ,Commercial Papers,-,-,-,-
718024,Motilal Oswal Financial Services Limited,MOFSL6120,Motilal Oswal Financial Services Ltd,Delisted,F ,500000.00,INE338I14BJ1, ,Commercial Papers,-,-,-,-
718025,JSW Steel Limited,JSL07120,JSW Steel Ltd,Delisted,F ,500000.00,INE019A14IM3, ,Commercial Papers,-,-,-,-
718026,JSW Steel Limited,JSL070120,JSW Steel Ltd,Delisted,F ,500000.00,INE019A14IL5, ,Commercial Papers,-,-,-,-
718027,Kotak Mahindra Prime Limited,KMP180219,Kotak Mahindra Prime Ltd,Delisted,F ,500000.00,INE916D14L51, ,Commercial Papers,-,-,-,-
718028,Kotak Mahindra Prime Limited,KMP13319,KMP-12-3-20-CP,Delisted,F ,500000.00,INE916D14M43, ,Commercial Papers,-,-,-,-
718029,Kotak Mahindra Prime Limited,KMP16419,KMP-20-1-20-CP,Delisted,F ,500000.00,INE916D14N18, ,Commercial Papers,-,-,-,-
718030,Kotak Mahindra Prime Limited,KMP5419,Kotak Mahindra Prime Ltd,Delisted,F ,500000.00,INE916D14N00, ,Commercial Papers,-,-,-,-
718031,Kotak Mahindra Prime Limited,KMP8319,Kotak Mahindra Prime Ltd,Delisted,F ,500000.00,INE916D14M27, ,Commercial Papers,-,-,-,-
718032,Kotak Mahindra Prime Limited,KMP83,KMP-17-1-20-CP,Delisted,F ,500000.00,INE916D14M19, ,Commercial Papers,-,-,-,-
718033,Kotak Mahindra Prime Limited,KMP140319,KMP-13-3-20-CP,Delisted,F ,500000.00,INE916D14M35, ,Commercial Papers,-,-,-,-
718034,Kotak Mahindra Prime Limited,KMP832019,Kotak Mahindra Prime Ltd,Delisted,F ,500000.00,INE916D14M01, ,Commercial Papers,-,-,-,-
718035,Kotak Mahindra Prime Limited,KMP25219,Kotak Mahindra Prime Ltd,Delisted,F ,500000.00,INE916D14L77, ,Commercial Papers,-,-,-,-
718036,Kotak Mahindra Prime Limited,KMPL80519,Kotak Mahindra Prime Ltd,Delisted,F ,500000.00,INE916D14N67, ,Commercial Papers,-,-,-,-
718037,Kotak Mahindra Prime Limited,KMPL220519,Kotak Mahindra Prime Ltd,Delisted,F ,500000.00,INE916D14N75, ,Commercial Papers,-,-,-,-
718038,Kotak Mahindra Prime Limited,KMPL270519,KMPL-07-02-20-CP,Delisted,F ,500000.00,INE916D14N83, ,Commercial Papers,-,-,-,-
718039,Kotak Mahindra Prime Limited,KMPL040619,Kotak Mahindra Prime Ltd,Delisted,F ,500000.00,INE916D14O17, ,Commercial Papers,-,-,-,-
718040,Kotak Mahindra Prime Limited,KMPL0406,Kotak Mahindra Prime Ltd,Delisted,F ,500000.00,INE916D14O09, ,Commercial Papers,-,-,-,-
718041,Kotak Mahindra Prime Limited,KMPL100619,Kotak Mahindra Prime Ltd,Delisted,F ,500000.00,INE916D14O25, ,Commercial Papers,-,-,-,-
718042,Kotak Mahindra Prime Limited,KMPL180619,Kotak Mahindra Prime Ltd,Delisted,F ,500000.00,INE916D14O33, ,Commercial Papers,-,-,-,-
718043,Kotak Mahindra Prime Limited,KMPL250619,Kotak Mahindra Prime Ltd,Delisted,F ,500000.00,INE916D14O41, ,Commercial Papers,-,-,-,-
718044,Kotak Mahindra Prime Limited,KMPL030719,Kotak Mahindra Prime Ltd,Delisted,F ,500000.00,INE916D14O58, ,Commercial Papers,-,-,-,-
718045,Kotak Mahindra Prime Limited,KMPL100719,Kotak Mahindra Prime Ltd,Delisted,F ,500000.00,INE916D14O66, ,Commercial Papers,-,-,-,-
718046,Kotak Mahindra Prime Limited,KMPL090819,Kotak Mahindra Prime Ltd,Delisted,F ,500000.00,INE916D14P16, ,Commercial Papers,-,-,-,-
718047,Kotak Mahindra Prime Limited,KMPL130819,Kotak Mahindra Prime Ltd,Delisted,F ,500000.00,INE916D14P24, ,Commercial Papers,-,-,-,-
718048,Steel Authority of India Ltd.,SAIL251019,SAIL-23-1-20-CP,Delisted,F ,500000.00,INE114A14HX1, ,Commercial Papers,-,-,-,-
718049,Kotak Mahindra Prime Limited,KMPL200819,Kotak Mahindra Prime Ltd,Delisted,F ,500000.00,INE916D14P32, ,Commercial Papers,-,-,-,-
718050,Steel Authority of India Ltd.,SAIL301019,SAIL-27-1-20-CP,Delisted,F ,500000.00,INE114A14HY9, ,Commercial Papers,-,-,-,-
718051,Steel Authority of India Ltd.,SAIL301019A,SAIL-29-1-20-CP,Delisted,F ,500000.00,INE114A14HZ6, ,Commercial Papers,-,-,-,-
718052,Kotak Mahindra Prime Limited,KMPL260819,Kotak Mahindra Prime Ltd,Delisted,F ,500000.00,INE916D14P40, ,Commercial Papers,-,-,-,-
718053,Steel Authority of India Ltd.,SAIL51119,Steel Authority of India Ltd,Delisted,F ,500000.00,INE114A14IA7, ,Commercial Papers,-,-,-,-
718054,Steel Authority of India Ltd.,SAIL081119,Steel Authority of India Ltd,Delisted,F ,500000.00,INE114A14IB5, ,Commercial Papers,-,-,-,-
718055,Steel Authority of India Ltd.,SAIL211119,Steel Authority of India Ltd,Delisted,F ,500000.00,INE114A14ID1, ,Commercial Papers,-,-,-,-
718056,Kotak Mahindra Prime Limited,KMPL110919,Kotak Mahindra Prime Ltd,Delisted,F ,500000.00,INE916D14Q07, ,Commercial Papers,-,-,-,-
718057,JM FINANCIAL PRODUCTS LIMITED,JMFPL201219,JM Financial Products Ltd,Delisted,F ,500000.00,INE523H14T13, ,Commercial Papers,-,-,-,-
718058,Manappuram Finance Limited,MFL23DEC19,Manappuram Finance Ltd,Delisted,F ,500000.00,INE522D14LZ6, ,Commercial Papers,-,-,-,-
718059,Adani Ports and Special Economic Zone Ltd,APSEZ1311,ADANIPORTS-27-1-20-CP,Delisted,F ,500000.00,INE742F14LE0, ,Commercial Papers,-,-,-,-
718060,Adani Ports and Special Economic Zone Ltd,APSEZ13,ADANIPORTS-28-1-20-CP,Delisted,F ,500000.00,INE742F14LF7, ,Commercial Papers,-,-,-,-
718061,Adani Ports and Special Economic Zone Ltd,APSEZ1511,ADANIPORTS-29-1-20-CP,Delisted,F ,500000.00,INE742F14LD2, ,Commercial Papers,-,-,-,-
718062,Adani Ports and Special Economic Zone Ltd,APSEZ1411,Adani Ports and Special Economic Zone Ltd,Delisted,F ,500000.00,INE742F14LG5, ,Commercial Papers,-,-,-,-
718063,Adani Ports and Special Economic Zone Ltd,APSEZ1811,Adani Ports and Special Economic Zone Ltd,Delisted,F ,500000.00,INE742F14LI1, ,Commercial Papers,-,-,-,-
718064,Adani Ports and Special Economic Zone Ltd,APSEZ18,Adani Ports and Special Economic Zone Ltd,Delisted,F ,500000.00,INE742F14LH3, ,Commercial Papers,-,-,-,-
718065,Adani Ports and Special Economic Zone Ltd,APSEZ1819,ADANIPORTS-31-1-20-CP,Delisted,F ,500000.00,INE742F14LM3, ,Commercial Papers,-,-,-,-
718066,Adani Ports and Special Economic Zone Ltd,APSEZ1119,Adani Ports and Special Economic Zone Ltd,Delisted,F ,500000.00,INE742F14LJ9, ,Commercial Papers,-,-,-,-
718067,Adani Ports and Special Economic Zone Ltd,APSEZ1911,Adani Ports and Special Economic Zone Ltd,Delisted,F ,500000.00,INE742F14LN1, ,Commercial Papers,-,-,-,-
718068,Adani Ports and Special Economic Zone Ltd,APSEZ2011,Adani Ports and Special Economic Zone Ltd,Delisted,F ,500000.00,INE742F14LK7, ,Commercial Papers,-,-,-,-
718069,Adani Ports and Special Economic Zone Ltd,APSEZ2111,Adani Ports and Special Economic Zone Ltd,Delisted,F ,500000.00,INE742F14LL5, ,Commercial Papers,-,-,-,-
718070,Adani Ports and Special Economic Zone Ltd,APSEZ2211,Adani Ports and Special Economic Zone Ltd,Delisted,F ,500000.00,INE742F14LP6, ,Commercial Papers,-,-,-,-
718071,Adani Ports and Special Economic Zone Ltd,APSEZ2611,Adani Ports and Special Economic Zone Ltd,Delisted,F ,500000.00,INE742F14LO9, ,Commercial Papers,-,-,-,-
718072,Adani Ports and Special Economic Zone Ltd,APSEZ2711,Adani Ports and Special Economic Zone Ltd,Delisted,F ,500000.00,INE742F14LQ4, ,Commercial Papers,-,-,-,-
718073,Adani Ports and Special Economic Zone Ltd,APSEZ2811,Adani Ports and Special Economic Zone Ltd,Delisted,F ,500000.00,INE742F14LR2, ,Commercial Papers,-,-,-,-
718074,Adani Ports and Special Economic Zone Ltd,APSEZ512,Adani Ports and Special Economic Zone Ltd,Delisted,F ,500000.00,INE742F14LU6, ,Commercial Papers,-,-,-,-
718075,Adani Ports and Special Economic Zone Ltd,APSEZ212,Adani Ports and Special Economic Zone Ltd,Delisted,F ,500000.00,INE742F14LS0, ,Commercial Papers,-,-,-,-
718076,Adani Ports and Special Economic Zone Ltd,APSEZ412,Adani Ports and Special Economic Zone Ltd,Delisted,F ,500000.00,INE742F14LT8, ,Commercial Papers,-,-,-,-
718077,Adani Ports and Special Economic Zone Ltd,APSEZ612,Adani Ports and Special Economic Zone Ltd,Delisted,F ,500000.00,INE742F14LV4, ,Commercial Papers,-,-,-,-
718078,Adani Ports and Special Economic Zone Ltd,APSEZ912,Adani Ports and Special Economic Zone Ltd,Delisted,F ,500000.00,INE742F14LW2, ,Commercial Papers,-,-,-,-
718079,Adani Ports and Special Economic Zone Ltd,APSEZ1012,Adani Ports and Special Economic Zone Ltd,Delisted,F ,500000.00,INE742F14LX0, ,Commercial Papers,-,-,-,-
718080,Adani Ports and Special Economic Zone Ltd,APSEZ1112,Adani Ports and Special Economic Zone Ltd,Delisted,F ,500000.00,INE742F14LZ5, ,Commercial Papers,-,-,-,-
718081,Adani Ports and Special Economic Zone Ltd,APSEZ1312,Adani Ports and Special Economic Zone Ltd,Delisted,F ,500000.00,INE742F14MA6, ,Commercial Papers,-,-,-,-
718082,Adani Ports and Special Economic Zone Ltd,APSEZ1612,Adani Ports and Special Economic Zone Ltd,Delisted,F ,500000.00,INE742F14MB4, ,Commercial Papers,-,-,-,-
718083,Adani Ports and Special Economic Zone Ltd,APSEZ1712,Adani Ports and Special Economic Zone Ltd,Delisted,F ,500000.00,INE742F14ME8, ,Commercial Papers,-,-,-,-
718084,Adani Ports and Special Economic Zone Ltd,APSEZ1912,Adani Ports and Special Economic Zone Ltd,Delisted,F ,500000.00,INE742F14MC2, ,Commercial Papers,-,-,-,-
718085,Adani Ports and Special Economic Zone Ltd,APSEZ1812,Adani Ports and Special Economic Zone Ltd,Delisted,F ,500000.00,INE742F14MD0, ,Commercial Papers,-,-,-,-
718086,Adani Ports and Special Economic Zone Ltd,APSEZ2012,Adani Ports and Special Economic Zone Ltd,Delisted,F ,500000.00,INE742F14MF5, ,Commercial Papers,-,-,-,-
718087,Adani Ports and Special Economic Zone Ltd,APSEZ2312,Adani Ports and Special Economic Zone Ltd,Delisted,F ,500000.00,INE742F14MH1, ,Commercial Papers,-,-,-,-
718088,Adani Ports and Special Economic Zone Ltd,APSEZ2412,Adani Ports and Special Economic Zone Ltd,Delisted,F ,500000.00,INE742F14MI9, ,Commercial Papers,-,-,-,-
718089,Adani Ports and Special Economic Zone Ltd,APSEZ2612,Adani Ports and Special Economic Zone Ltd,Delisted,F ,500000.00,INE742F14MG3, ,Commercial Papers,-,-,-,-
718090,Adani Ports and Special Economic Zone Ltd,APSEZ23,Adani Ports and Special Economic Zone Ltd,Delisted,F ,500000.00,INE742F14MJ7, ,Commercial Papers,-,-,-,-
718091,JM FINANCIAL PRODUCTS LIMITED,JMFPL300119,JMFPL-30-01-20-CP,Delisted,F ,500000.00,INE523H14P33, ,Commercial Papers,-,-,-,-
718092,JM FINANCIAL PRODUCTS LIMITED,JMFPL3001,JM Financial Products Ltd,Delisted,F ,500000.00,INE523H14Q24, ,Commercial Papers,-,-,-,-
718093,JM FINANCIAL PRODUCTS LIMITED,JMFPL300,JM Financial Products Ltd,Delisted,F ,500000.00,INE523H14Q65, ,Commercial Papers,-,-,-,-
718094,JM FINANCIAL PRODUCTS LIMITED,JMFPL260719,JM Financial Products Ltd,Delisted,F ,500000.00,INE523H14R49, ,Commercial Papers,-,-,-,-
718095,ICICI Securities Limited,ISL281119,ISL-28-1-20-CP,Delisted,F ,500000.00,INE763G14HK9, ,Commercial Papers,-,-,-,-
718096,JM FINANCIAL PRODUCTS LIMITED,JMFPL20819,JMFPL-27-07-20-CP,Delisted,F ,500000.00,INE523H14R80, ,Commercial Papers,-,-,-,-
718097,JM FINANCIAL PRODUCTS LIMITED,JMFPL80819,JMFPL-31-07-20-CP,Delisted,F ,500000.00,INE523H14R98, ,Commercial Papers,-,-,-,-
718098,ICICI Securities Limited,ISL131219,ICICI Securities Ltd,Delisted,F ,500000.00,INE763G14HL7, ,Commercial Papers,-,-,-,-
718099,ICICI Securities Limited,ISL191119,ISL-17-1-20-CP,Delisted,F ,500000.00,INE763G14HJ1, ,Commercial Papers,-,-,-,-
718100,ICICI Securities Limited,ISL261219,ICICI Securities Ltd,Delisted,F ,500000.00,INE763G14HN3, ,Commercial Papers,-,-,-,-
718101,ICICI Securities Limited,ISL191219,ICICI Securities Ltd,Delisted,F ,500000.00,INE763G14HM5, ,Commercial Papers,-,-,-,-
718102,National Bank for Agriculture and Rural Development,NABARD9120,NABARD-27-1-2020-CP,Active,F ,500000.00,INE261F14GH4, ,Commercial Papers,-,-,-,-
718103,National Bank for Agriculture and Rural Development,NABARD09120,National Bank for Agriculture and Rural Development,Delisted,F ,500000.00,INE261F14GI2, ,Commercial Papers,-,-,-,-
718104,STANDARD CHARTERED CAPITAL LIMITED,SCILIL90120,Standard Chartered Investments and Loans (India) Ltd,Delisted,F ,500000.00,INE403G14MK2, ,Commercial Papers,-,-,-,-
718105,Kotak Mahindra Investments Limited,KMIL4219,Kotak Mahindra Investments Ltd,Delisted,F ,500000.00,INE975F14QZ0, ,Commercial Papers,-,-,-,-
718106,Kotak Mahindra Investments Limited,KMIL29119,KMIL-17-1-20-CP,Delisted,F ,500000.00,INE975F14RC7, ,Commercial Papers,-,-,-,-
718107,Kotak Mahindra Investments Limited,KMIL05219,Kotak Mahindra Investments Ltd,Delisted,F ,500000.00,INE975F14RE3, ,Commercial Papers,-,-,-,-
718108,Kotak Mahindra Investments Limited,KMIL1502,Kotak Mahindra Investments Ltd,Delisted,F ,500000.00,INE975F14RF0, ,Commercial Papers,-,-,-,-
718109,Kotak Mahindra Investments Limited,KMIL18219,Kotak Mahindra Investments Ltd,Delisted,F ,500000.00,INE975F14RG8, ,Commercial Papers,-,-,-,-
718110,Kotak Mahindra Investments Limited,KMIL212,Kotak Mahindra Investments Ltd,Delisted,F ,500000.00,INE975F14RH6, ,Commercial Papers,-,-,-,-
718111,Kotak Mahindra Investments Limited,KMIL7319,Kotak Mahindra Investments Ltd,Delisted,F ,500000.00,INE975F14RM6, ,Commercial Papers,-,-,-,-
718112,Kotak Mahindra Investments Limited,KMIL193,Kotak Mahindra Investments Ltd,Delisted,F ,500000.00,INE975F14RN4, ,Commercial Papers,-,-,-,-
718113,Kotak Mahindra Investments Limited,KMIL22419,Kotak Mahindra Investments Ltd,Delisted,F ,500000.00,INE975F14RV7, ,Commercial Papers,-,-,-,-
718114,Kotak Mahindra Investments Limited,KMIL224,Kotak Mahindra Investments Ltd,Delisted,F ,500000.00,INE975F14RU9, ,Commercial Papers,-,-,-,-
718115,Kotak Mahindra Investments Limited,KMIL105,Kotak Mahindra Investments Ltd,Delisted,F ,500000.00,INE975F14RX3, ,Commercial Papers,-,-,-,-
718116,Kotak Mahindra Investments Limited,KMIL245,Kotak Mahindra Investments Ltd,Delisted,F ,500000.00,INE975F14RY1, ,Commercial Papers,-,-,-,-
718117,Kotak Mahindra Investments Limited,KMIL3619,Kotak Mahindra Investments Ltd,Delisted,F ,500000.00,INE975F14RZ8, ,Commercial Papers,-,-,-,-
718118,Kotak Mahindra Investments Limited,KMIL276,Kotak Mahindra Investments Ltd,Delisted,F ,500000.00,INE975F14SA9, ,Commercial Papers,-,-,-,-
718119,Kotak Mahindra Investments Limited,KMIL10719,Kotak Mahindra Investments Ltd,Delisted,F ,500000.00,INE975F14SB7, ,Commercial Papers,-,-,-,-
718120,Kotak Mahindra Investments Limited,KMIL307,Kotak Mahindra Investments Ltd,Delisted,F ,500000.00,INE975F14SC5, ,Commercial Papers,-,-,-,-
718121,Kotak Mahindra Investments Limited,KMIL3119,Kotak Mahindra Investments Ltd,Delisted,F ,500000.00,INE975F14SF8, ,Commercial Papers,-,-,-,-
718122,Kotak Mahindra Investments Limited,KMIL3110,Kotak Mahindra Investments Ltd,Delisted,F ,500000.00,INE975F14SE1, ,Commercial Papers,-,-,-,-
718123,GIC Housing Finance Ltd.,GHFL9JAN20,GIC Housing Finance Ltd,Delisted,F ,500000.00,INE289B14FV7, ,Commercial Papers,-,-,-,-
718124,Manappuram Finance Limited,MFL81119,Manappuram Finance Ltd,Delisted,F ,500000.00,INE522D14LR3, ,Commercial Papers,-,-,-,-
718125,Manappuram Finance Limited,MFL111119,Manappuram Finance Ltd,Delisted,F ,500000.00,INE522D14LS1, ,Commercial Papers,-,-,-,-
718126,Manappuram Finance Limited,MFL131119,Manappuram Finance Ltd,Delisted,F ,500000.00,INE522D14LU7, ,Commercial Papers,-,-,-,-
718127,Manappuram Finance Limited,MFL221019,MFL-17-1-20-CP,Delisted,F ,500000.00,INE522D14LK8, ,Commercial Papers,-,-,-,-
718128,Manappuram Finance Limited,MFL241019,MFL-22-1-20-CP,Delisted,F ,500000.00,INE522D14LL6, ,Commercial Papers,-,-,-,-
718129,Manappuram Finance Limited,MFL291019A,MFL-27-1-20-CP,Delisted,F ,500000.00,INE522D14LN2, ,Commercial Papers,-,-,-,-
718130,Manappuram Finance Limited,MFL51119,Manappuram Finance Ltd,Delisted,F ,500000.00,INE522D14LQ5, ,Commercial Papers,-,-,-,-
718131,Redington Limited,RIL100120,Redington (India) Ltd,Delisted,F ,500000.00,INE891D14VB5, ,Commercial Papers,-,-,-,-
718132,HDFC Securities Limited,HDFCSL1212,HDFC Securities Ltd,Delisted,F ,500000.00,INE700G14090, ,Commercial Papers,-,-,-,-
718133,HDFC Securities Limited,HDFCSL1411,HDFC Securities Ltd,Delisted,F ,500000.00,INE700G14074, ,Commercial Papers,-,-,-,-
718134,HDFC Securities Limited,HDFCSL1311,HDFCSL-31-01-20-CP,Delisted,F ,500000.00,INE700G14066, ,Commercial Papers,-,-,-,-
718135,HDFC Securities Limited,HDFCSL2511,HDFC Securities Ltd,Delisted,F ,500000.00,INE700G14082, ,Commercial Papers,-,-,-,-
718136,HDFC Securities Limited,HDFCSL1812,HDFC Securities Ltd,Delisted,F ,500000.00,INE700G14108, ,Commercial Papers,-,-,-,-
718137,ECL Finance Limited,EFL10120,EFL-17-1-20-CP,Delisted,F ,500000.00,INE804I14UG8, ,Commercial Papers,-,-,-,-
718138,Kotak Mahindra Prime Limited,KMPL100120,Kotak Mahindra Prime Ltd,Delisted,F ,500000.00,INE916D14S70, ,Commercial Papers,-,-,-,-
718139,Sun Pharmaceutical Industries Ltd.,SPIL181119,SPIL-17-02-20-CP,Delisted,F ,500000.00,INE044A14534, ,Commercial Papers,-,-,-,-
718140,Bharat Heavy Electricals Ltd.,BHEL10120,Bharat Heavy Electricals Ltd,Delisted,F ,500000.00,INE257A14243, ,Commercial Papers,-,-,-,-
718141,360 ONE Prime Limited,IIFLW1705,IIFL Wealth Finance Ltd,Delisted,F ,500000.00,INE248U14GS7, ,Commercial Papers,-,-,-,-
718142,360 ONE Prime Limited,IIFLW1207,IIFL Wealth Finance Ltd,Delisted,F ,500000.00,INE248U14GZ2, ,Commercial Papers,-,-,-,-
718143,360 ONE Prime Limited,IIFLW1219,IIFL Wealth Finance Ltd,Delisted,F ,500000.00,INE248U14GY5, ,Commercial Papers,-,-,-,-
718144,360 ONE Prime Limited,IIFLW2208,IIFL Wealth Finance Ltd,Delisted,F ,500000.00,INE248U14HE5, ,Commercial Papers,-,-,-,-
718145,360 ONE Prime Limited,IIFLW1109,IIFL Wealth Finance Ltd,Delisted,F ,500000.00,INE248U14HF2, ,Commercial Papers,-,-,-,-
718146,Larsen & Toubro Limited,LT30819,Larsen & Toubro Ltd,Delisted,F ,500000.00,INE018A14HC8, ,Commercial Papers,-,-,-,-
718147,Larsen & Toubro Limited,LT301019,LT-29-1-20-CP,Delisted,F ,500000.00,INE018A14HG9, ,Commercial Papers,-,-,-,-
718148,Larsen & Toubro Limited,LT201119,Larsen & Toubro Ltd,Delisted,F ,500000.00,INE018A14HH7, ,Commercial Papers,-,-,-,-
718149,Muthoot Homefin (India) Limited,MHIL2511,MHIL-24-1-20-CP,Delisted,F ,500000.00,INE652X14403, ,Commercial Papers,-,-,-,-
718155,The Ramco Cements Limited,TRCL100120,The Ramco Cements Ltd,Delisted,F ,500000.00,INE331A14JK4, ,Commercial Papers,-,-,-,-
718156,Julius Baer Capital (India) Private Limited,JBC2510,JBC-23-1-20-CP,Delisted,F ,500000.00,INE824H14BB9, ,Commercial Papers,-,-,-,-
718157,Julius Baer Capital (India) Private Limited,JBC711,Julius Baer Capital (India) Pvt Ltd,Delisted,F ,500000.00,INE824H14BD5, ,Commercial Papers,-,-,-,-
718158,Julius Baer Capital (India) Private Limited,JBC3110,JBC-30-1-20-CP,Delisted,F ,500000.00,INE824H14BC7, ,Commercial Papers,-,-,-,-
718159,Julius Baer Capital (India) Private Limited,JBC1511,Julius Baer Capital (India) Pvt Ltd,Delisted,F ,500000.00,INE824H14BE3, ,Commercial Papers,-,-,-,-
718160,Julius Baer Capital (India) Private Limited,JBC2211,Julius Baer Capital (India) Pvt Ltd,Delisted,F ,500000.00,INE824H14BF0, ,Commercial Papers,-,-,-,-
718161,Julius Baer Capital (India) Private Limited,JBC2911,Julius Baer Capital (India) Pvt Ltd,Delisted,F ,500000.00,INE824H14BG8, ,Commercial Papers,-,-,-,-
718162,Julius Baer Capital (India) Private Limited,JBC2312,Julius Baer Capital (India) Pvt Ltd,Delisted,F ,500000.00,INE824H14BN4, ,Commercial Papers,-,-,-,-
718163,Julius Baer Capital (India) Private Limited,JBC512,Julius Baer Capital (India) Pvt Ltd,Delisted,F ,500000.00,INE824H14BI4, ,Commercial Papers,-,-,-,-
718164,Julius Baer Capital (India) Private Limited,JBC3012,Julius Baer Capital (India) Pvt Ltd,Delisted,F ,500000.00,INE824H14BO2, ,Commercial Papers,-,-,-,-
718165,Julius Baer Capital (India) Private Limited,JBC2012,Julius Baer Capital (India) Pvt Ltd,Delisted,F ,500000.00,INE824H14BM6, ,Commercial Papers,-,-,-,-
718166,Julius Baer Capital (India) Private Limited,JBC2019,Julius Baer Capital (India) Pvt Ltd,Delisted,F ,500000.00,INE824H14BL8, ,Commercial Papers,-,-,-,-
718167,Julius Baer Capital (India) Private Limited,JBC1612,Julius Baer Capital (India) Pvt Ltd,Delisted,F ,500000.00,INE824H14BK0, ,Commercial Papers,-,-,-,-
718168,Julius Baer Capital (India) Private Limited,JBC612,Julius Baer Capital (India) Pvt Ltd,Delisted,F ,500000.00,INE824H14BJ2, ,Commercial Papers,-,-,-,-
718169,Julius Baer Capital (India) Private Limited,JBC212,Julius Baer Capital (India) Pvt Ltd,Delisted,F ,500000.00,INE824H14BH6, ,Commercial Papers,-,-,-,-
718170,JM Financial Services Limited,JMFS1312,JM Financial Services Ltd,Delisted,F ,500000.00,INE012I14LO1, ,Commercial Papers,-,-,-,-
718171,JM Financial Services Limited,JMFS1612,JM Financial Services Ltd,Delisted,F ,500000.00,INE012I14LN3, ,Commercial Papers,-,-,-,-
718172,JM Financial Properties and Holdings Limited,JMFP2312,JMFP23-3-20-CP,Delisted,F ,500000.00,INE525R14486, ,Commercial Papers,-,-,-,-
718173,JM Financial Services Limited,JMFS611,JM Financial Services Ltd,Delisted,F ,500000.00,INE012I14LK9, ,Commercial Papers,-,-,-,-
718174,JM Financial Services Limited,JMFS2011,JM Financial Services Ltd,Delisted,F ,500000.00,INE012I14LL7, ,Commercial Papers,-,-,-,-
718175,JM Financial Services Limited,JMFS2511,JM Financial Services Ltd,Delisted,F ,500000.00,INE012I14LM5, ,Commercial Papers,-,-,-,-
718176,HDFC Credila Financial Services Ltd,HDFCCFS15,HDFC Credila Financial Services Pvt. Ltd,Delisted,F ,500000.00,INE539K14995, ,Commercial Papers,-,-,-,-
718177,HDFC Credila Financial Services Ltd,HDFCCFS23,HDFC Credila Financial Services Pvt. Ltd,Delisted,F ,500000.00,INE539K14AA1, ,Commercial Papers,-,-,-,-
718178,HDFC Credila Financial Services Ltd,HDFCCFS57,HDFC Credila Financial Services Pvt. Ltd,Delisted,F ,500000.00,INE539K14AB9, ,Commercial Papers,-,-,-,-
718179,HDFC Credila Financial Services Ltd,HDFCCFS15,HDFC Credila Financial Services Pvt. Ltd,Delisted,F ,500000.00,INE539K14AE3, ,Commercial Papers,-,-,-,-
718180,STANDARD CHARTERED CAPITAL LIMITED,SCIL73,Standard Chartered Investments and Loans (India) Ltd,Delisted,F ,500000.00,INE403G14KU5, ,Commercial Papers,-,-,-,-
718181,STANDARD CHARTERED CAPITAL LIMITED,SCIL143,Standard Chartered Investments and Loans (India) Ltd,Delisted,F ,500000.00,INE403G14KV3, ,Commercial Papers,-,-,-,-
718182,STANDARD CHARTERED CAPITAL LIMITED,SCIL297,Standard Chartered Investments and Loans (India) Ltd,Delisted,F ,500000.00,INE403G14LO6, ,Commercial Papers,-,-,-,-
718183,STANDARD CHARTERED CAPITAL LIMITED,SCIL169,Standard Chartered Investments and Loans (India) Ltd,Delisted,F ,500000.00,INE403G14LU3, ,Commercial Papers,-,-,-,-
718184,STANDARD CHARTERED CAPITAL LIMITED,SCIL189,Standard Chartered Investments and Loans (India) Ltd,Delisted,F ,500000.00,INE403G14LT5, ,Commercial Papers,-,-,-,-
718185,STANDARD CHARTERED CAPITAL LIMITED,SCIL2210,Standard Chartered Investments and Loans (India) Ltd,Delisted,F ,500000.00,INE403G14LW9, ,Commercial Papers,-,-,-,-
718186,STANDARD CHARTERED CAPITAL LIMITED,SCIL2312,Standard Chartered Investments and Loans (India) Ltd,Delisted,F ,500000.00,INE403G14MH8, ,Commercial Papers,-,-,-,-
718187,STANDARD CHARTERED CAPITAL LIMITED,SCIL2612,Standard Chartered Investments and Loans (India) Ltd,Delisted,F ,500000.00,INE403G14MG0, ,Commercial Papers,-,-,-,-
718188,STANDARD CHARTERED CAPITAL LIMITED,SCIL3112,Standard Chartered Investments and Loans (India) Ltd,Delisted,F ,500000.00,INE403G14MI6, ,Commercial Papers,-,-,-,-
718189,Indian Railway Finance Corporation,IRFC2011,Indian Railway Finance Corporation Ltd,Delisted,F ,500000.00,INE053F14179, ,Commercial Papers,-,-,-,-
718190,Tata Steel Downstream Products Limited,TSDPL2211,TSDPL-21-1-20-CP,Delisted,F ,500000.00,INE409K14272, ,Commercial Papers,-,-,-,-
718191,NABHA POWER LIMITED,NPL1911,Nabha Power Ltd,Delisted,F ,500000.00,INE445L14BB5, ,Commercial Papers,-,-,-,-
718192,NABHA POWER LIMITED,NPL2911,NPL-31-1-20-CP,Delisted,F ,500000.00,INE445L14BC3, ,Commercial Papers,-,-,-,-
718193,NABHA POWER LIMITED,NPL2919,Nabha Power Ltd,Delisted,F ,500000.00,INE445L14BD1, ,Commercial Papers,-,-,-,-
718195,Shriram-City Union Finance Ltd.,SCUFL203,Shriram City Union Finance Ltd,Delisted,F ,500000.00,INE722A14EDO, ,Commercial Papers,-,-,-,-
718196,Shriram-City Union Finance Ltd.,SCUFL223,Shriram City Union Finance Ltd,Delisted,F ,500000.00,INE722A14EE8, ,Commercial Papers,-,-,-,-
718197,Shriram-City Union Finance Ltd.,SCUFL304,Shriram City Union Finance Ltd,Delisted,F ,500000.00,INE722A14EF5, ,Commercial Papers,-,-,-,-
718198,Shriram-City Union Finance Ltd.,SCUFL95,Shriram City Union Finance Ltd,Delisted,F ,500000.00,INE722A14EG3, ,Commercial Papers,-,-,-,-
718204,Manappuram Finance Limited,MFL2310,MFL-21-1-20-CP,Delisted,F ,500000.00,INE522D14LM4, ,Commercial Papers,-,-,-,-
718205,Manappuram Finance Limited,MFL3010,MFL-28-1-20-CP,Delisted,F ,500000.00,INE522D14LO0, ,Commercial Papers,-,-,-,-
718206,Manappuram Finance Limited,MFL611,Manappuram Finance Ltd,Delisted,F ,500000.00,INE522D14LP7, ,Commercial Papers,-,-,-,-
718207,Manappuram Finance Limited,MFL1311,Manappuram Finance Ltd,Delisted,F ,500000.00,INE522D14LT9, ,Commercial Papers,-,-,-,-
718208,Tata Realty and Infrastructure Limited,TRIL1312020,Tata Realty and Infrastructure Ltd,Delisted,F ,500000.00,INE371K14AJ0, ,Commercial Papers,-,-,-,-
718209,birla Group Holdings Private Limited,BGHPL130120,Birla Group Holdings Pvt. Ltd,Delisted,F ,500000.00,INE09OL14300, ,Commercial Papers,-,-,-,-
718210,birla Group Holdings Private Limited,BGHPL13120,Birla Group Holdings Pvt. Ltd,Delisted,F ,500000.00,INE09OL14318, ,Commercial Papers,-,-,-,-
718211,Network 18 Media & Investments Limited,NMIL13120,Network 18 Media & Investments Ltd,Delisted,F ,500000.00,INE870H14IZ6, ,Commercial Papers,-,-,-,-
718212,Ceat Ltd.,CEAT13JAN20,CEATL-4-3-20-CP,Delisted,F ,500000.00,INE482A14890, ,Commercial Papers,-,-,-,-
718213,STANDARD CHARTERED CAPITAL LIMITED,SCIL13120,Standard Chartered Investments and Loans (India) Ltd,Delisted,F ,500000.00,INE403G14MM8, ,Commercial Papers,-,-,-,-
718214,TV18 Broadcast Ltd.,TVBL13JAN20,TV18 Broadcast Ltd,Delisted,F ,500000.00,INE886H14ED8, ,Commercial Papers,-,-,-,-
718215,SBI CARDS AND PAYMENT SERVICES LIMITED,SBI13JAN20,SBI Cards and Payment Services Ltd,Delisted,F ,500000.00,INE018E14OM5, ,Commercial Papers,-,-,-,-
718216,Kotak Mahindra Investments Limited,KMIL13JAN20,Kotak Mahindra Investments Ltd,Delisted,F ,500000.00,INE975F14SK8, ,Commercial Papers,-,-,-,-
718217,Kotak Mahindra Investments Limited,KMIL14120,Kotak Mahindra Investments Ltd,Delisted,F ,500000.00,INE975F14SL6, ,Commercial Papers,-,-,-,-
718218,Kotak Mahindra Investments Limited,KMIL14120A,Kotak Mahindra Investments Ltd,Delisted,F ,500000.00,INE975F14SM4, ,Commercial Papers,-,-,-,-
718219,TRUST INVESTMENT ADVISORS PRIVATE LIMITED,TIAPL14120,TIAPL-12-3-20-CP,Delisted,F ,500000.00,INE723X14626, ,Commercial Papers,-,-,-,-
718220,STANDARD CHARTERED CAPITAL LIMITED,SCILL14120,Standard Chartered Investments and Loans (India) Ltd,Delisted,F ,500000.00,INE403G14ML0, ,Commercial Papers,-,-,-,-
718221,ICICI Securities Limited,ISL14JAN20,ICICI Securities Ltd,Delisted,F ,500000.00,INE763G14HO1, ,Commercial Papers,-,-,-,-
718222,KEC International Ltd.,KECIL14120,KEC International Ltd,Delisted,F ,500000.00,INE389H14FA6, ,Commercial Papers,-,-,-,-
718223,Grasim Industries Ltd,GIL301019,Grasim Industries Ltd,Delisted,F ,500000.00,INE047A14586, ,Commercial Papers,-,-,-,-
718224,Grasim Industries Ltd,GIL111119,Grasim Industries Ltd,Delisted,F ,500000.00,INE047A14594, ,Commercial Papers,-,-,-,-
718225,Reliance Jio Infocomm Limited,RJIL150120,RJIL-15-4-20-CP,Delisted,F ,500000.00,INE110L14NA2, ,Commercial Papers,-,-,-,-
718226,TATA STEEL LIMITED,TSL160120,Tata Steel Ltd,Delisted,F ,500000.00,INE081A14AN8, ,Commercial Papers,-,-,-,-
718227,TATA STEEL LIMITED,TSL1601,Tata Steel Ltd,Delisted,F ,500000.00,INE081A14AM0, ,Commercial Papers,-,-,-,-
718228,BASF India Ltd,BASF160120,BASF-16-03-20-CP,Delisted,F ,500000.00,INE373A14974, ,Commercial Papers,-,-,-,-
718229,360 ONE Prime Limited,IIFL160120,IIFL Wealth Finance Ltd,Delisted,F ,500000.00,INE248U14HP1, ,Commercial Papers,-,-,-,-
718230,Housing Development Finance Corp.Lt,HDFCL160120,Housing Development Finance Corporation Ltd,Delisted,F ,500000.00,INE001A14WF6, ,Commercial Papers,-,-,-,-
718231,Reliance Jio Infocomm Limited,RJIL16120,RJIL-13-4-20-CP,Delisted,F ,500000.00,INE110L14NB0, ,Commercial Papers,-,-,-,-
718232,Housing Development Finance Corp.Lt,HDFC16120,Housing Development Finance Corporation Ltd,Delisted,F ,500000.00,INE001A14WG4, ,Commercial Papers,-,-,-,-
718233,POWER GRID CORPORATION OF INDIA LIMITED,PGCIL160120,Power Grid Corporation of India Ltd,Delisted,F ,500000.00,INE752E14393, ,Commercial Papers,-,-,-,-
718234,GIC Housing Finance Ltd.,GICHF160120,GIC Housing Finance Ltd,Delisted,F ,500000.00,INE289B14FW5, ,Commercial Papers,-,-,-,-
718235,JSW Steel Limited,JSWSL160120,JSW Steel Ltd,Delisted,F ,500000.00,INE019A14IN1, ,Commercial Papers,-,-,-,-
718236,Axis Finance Limited,AFL170120,Axis Finance Ltd,Delisted,F ,500000.00,INE891K14IV5, ,Commercial Papers,-,-,-,-
718237,Redington Limited,RIL17120,Redington (India) Ltd,Delisted,F ,500000.00,INE891D14VC3, ,Commercial Papers,-,-,-,-
718238,ICICI HOME FINANCE COMPANY LIMITED,IHFC17120,IHFC-17-2-20-CP,Delisted,F ,500000.00,INE071G14DB5, ,Commercial Papers,-,-,-,-
718239,Network 18 Media & Investments Limited,NWMIL170120,Network 18 Media & Investments Ltd,Delisted,F ,500000.00,INE870H14JA7, ,Commercial Papers,-,-,-,-
718240,Reliance Jio Infocomm Limited,RJIL17120,RJIL-17-4-20-CP,Delisted,F ,500000.00,INE110L14NC8, ,Commercial Papers,-,-,-,-
718241,Vardhman Special Steels Ltd,VSSL170120,Vardhman Special Steels Ltd,Delisted,F ,500000.00,INE050M14643, ,Commercial Papers,-,-,-,-
718242,ICICI Securities Limited,ICICISL1701,ICICI Securities Ltd,Delisted,F ,500000.00,INE763G14HP8, ,Commercial Papers,-,-,-,-
718243,ICICI Securities Limited,ICICI170120,ICICI Securities Ltd,Delisted,F ,500000.00,INE763G14HQ6, ,Commercial Papers,-,-,-,-
718244,Kotak Mahindra Prime Limited,KMPL170120,Kotak Mahindra Prime Ltd,Delisted,F ,500000.00,INE916D14S96, ,Commercial Papers,-,-,-,-
718245,Britannia Industries Ltd.,BIL170120,BIL-08-01-21-CP,Delisted,F ,500000.00,INE216A14132, ,Commercial Papers,-,-,-,-
718246,Steel Authority of India Ltd.,SAIL17JAN20,Steel Authority of India Ltd,Delisted,F ,500000.00,INE114A14IG4, ,Commercial Papers,-,-,-,-
718247,Balrampur Chini Mills Ltd.,BCML17120,BCML-23-3-20-CP,Delisted,F ,500000.00,INE119A14666, ,Commercial Papers,-,-,-,-
718248,Balrampur Chini Mills Ltd.,BCML170120,BCML-27-3-20-CP,Delisted,F ,500000.00,INE119A14658, ,Commercial Papers,-,-,-,-
718249,APL Apollo Tubes Limited,ATL170120,ATL-27-03-20-CP,Delisted,F ,500000.00,INE702C14AU0, ,Commercial Papers,-,-,-,-
718250,Bharat Heavy Electricals Ltd.,BHEL200120,Bharat Heavy Electricals Ltd,Delisted,F ,500000.00,INE257A14250, ,Commercial Papers,-,-,-,-
718251,SBI CARDS AND PAYMENT SERVICES LIMITED,SBICP200120,SBICPSL-3-3-20-CP,Delisted,F ,500000.00,INE018E14ON3, ,Commercial Papers,-,-,-,-
718252,The Ramco Cements Limited,TRCL20JAN20,The Ramco Cements Ltd,Delisted,F ,500000.00,INE331A14JL2, ,Commercial Papers,-,-,-,-
718253,SBI CARDS AND PAYMENT SERVICES LIMITED,SBIC200120A,SBI Cards and Payment Services Ltd,Delisted,F ,500000.00,INE018E14OO1, ,Commercial Papers,-,-,-,-
718254,Indian Oil Corporation Ltd.,IOCL200120,Indian Oil Corporation Ltd,Delisted,F ,500000.00,INE242A14OZ1, ,Commercial Papers,-,-,-,-
718255,Century Textiles & Industries Ltd.,CTIL20JAN20,Century Textiles & Industries Ltd,Delisted,F ,500000.00,INE055A14HT4, ,Commercial Papers,-,-,-,-
718256,The Ramco Cements Limited,TRCL21120,The Ramco Cements Ltd,Delisted,F ,500000.00,INE331A14JM0, ,Commercial Papers,-,-,-,-
718257,SBI CARDS AND PAYMENT SERVICES LIMITED,SBICP210120,SBICPSL-20-2-20-CP,Delisted,F ,500000.00,INE018E14OP8, ,Commercial Papers,-,-,-,-
718258,Indian Oil Corporation Ltd.,IOCL210120,Indian Oil Corporation Ltd,Delisted,F ,500000.00,INE242A14OY4, ,Commercial Papers,-,-,-,-
718259,Indian Oil Corporation Ltd.,IOCL2101,Indian Oil Corporation Ltd,Delisted,F ,500000.00,INE242A14PA1, ,Commercial Papers,-,-,-,-
718260,Indian Oil Corporation Ltd.,IOCL2120,Indian Oil Corporation Ltd,Delisted,F ,500000.00,INE242A14PB9, ,Commercial Papers,-,-,-,-
718261,Kotak Mahindra Investments Limited,KMIL220120,Kotak Mahindra Investments Ltd,Delisted,F ,500000.00,INE975F14SN2, ,Commercial Papers,-,-,-,-
718262,MUTHOOT FINANCE LIMITED,MFL22120,Muthoot Finance Ltd,Delisted,F ,500000.00,INE414G14NP6, ,Commercial Papers,-,-,-,-
718263,Network 18 Media & Investments Limited,NMIL220120,Network 18 Media & Investments Ltd,Delisted,F ,500000.00,INE870H14JB5, ,Commercial Papers,-,-,-,-
718264,Kotak Mahindra Prime Limited,KMPL220120,Kotak Mahindra Prime Ltd,Delisted,F ,500000.00,INE916D14S88, ,Commercial Papers,-,-,-,-
718265,Julius Baer Capital (India) Private Limited,JBCPL230120,Julius Baer Capital (India) Pvt Ltd,Delisted,F ,500000.00,INE824H14BP9, ,Commercial Papers,-,-,-,-
718266,National Bank for Agriculture and Rural Development,NABARD23120,National Bank for Agriculture and Rural Development,Delisted,F ,500000.00,INE261F14GJ0, ,Commercial Papers,-,-,-,-
718267,birla Group Holdings Private Limited,BGHPL230120,Birla Group Holdings Pvt. Ltd,Delisted,F ,500000.00,INE09OL14326, ,Commercial Papers,-,-,-,-
718268,Axis Finance Limited,AFL230120,Axis Finance Ltd,Delisted,F ,500000.00,INE891K14IW3, ,Commercial Papers,-,-,-,-
718269,Axis Finance Limited,AFL2301,Axis Finance Ltd,Delisted,F ,500000.00,INE891K14IX1, ,Commercial Papers,-,-,-,-
718270,MUTHOOT FINANCE LIMITED,MFL23120,Muthoot Finance Ltd,Delisted,F ,500000.00,INE414G14NQ4, ,Commercial Papers,-,-,-,-
718271,MUTHOOT FINANCE LIMITED,MFL23120A,Muthoot Finance Ltd,Delisted,F ,500000.00,INE414G14NS0, ,Commercial Papers,-,-,-,-
718272,Steel Authority of India Ltd.,SAIL23120,Steel Authority of India Ltd,Delisted,F ,500000.00,INE114A14IH2, ,Commercial Papers,-,-,-,-
718273,GIC Housing Finance Ltd.,GHFL230120,GIC Housing Finance Ltd,Delisted,F ,500000.00,INE289B14FX3, ,Commercial Papers,-,-,-,-
718274,Kotak Securities Limited,KSL240120,Kotak Securities Ltd,Delisted,F ,500000.00,INE028E14GR9, ,Commercial Papers,-,-,-,-
718275,Network 18 Media & Investments Limited,NW18240120,Network 18 Media & Investments Ltd,Delisted,F ,500000.00,INE870H14JC3, ,Commercial Papers,-,-,-,-
718276,Motilal Oswal Financial Services Limited,MOFSL24120,Motilal Oswal Financial Services Ltd,Delisted,F ,500000.00,INE338I14BK9, ,Commercial Papers,-,-,-,-
718277,Century Textiles & Industries Ltd.,CTIL240120,Century Textiles & Industries Ltd,Delisted,F ,500000.00,INE055A14IC8, ,Commercial Papers,-,-,-,-
718278,APL Apollo Tubes Limited,APLTL240120,APLTL-18-03-20-CP,Delisted,F ,500000.00,INE702C14AW6, ,Commercial Papers,-,-,-,-
718279,Reliance Jio Infocomm Limited,RJIL240120,RJIL-24-04-20-CP,Delisted,F ,500000.00,INE110L14ND6, ,Commercial Papers,-,-,-,-
718280,JSW Steel Limited,JSL240120,JSW Steel Ltd,Delisted,F ,500000.00,INE019A14IO9, ,Commercial Papers,-,-,-,-
718281,MUTHOOT FINANCE LIMITED,MFL24120,Muthoot Finance Ltd,Delisted,F ,500000.00,INE414G14NR2, ,Commercial Papers,-,-,-,-
718282,JSW Steel Limited,JSL2401,JSW Steel Ltd,Delisted,F ,500000.00,INE019A14IP6, ,Commercial Papers,-,-,-,-
718283,Axis Finance Limited,AFL24JAN20,Axis Finance Ltd,Delisted,F ,500000.00,INE891K14IZ6, ,Commercial Papers,-,-,-,-
718284,Kotak Mahindra Investments Limited,KMIL24120,Kotak Mahindra Investments Ltd,Delisted,F ,500000.00,INE975F14SO0, ,Commercial Papers,-,-,-,-
718285,TRUST INVESTMENT ADVISORS PRIVATE LIMITED,TIA24120,TIA-20-03-20-CP,Delisted,F ,500000.00,INE723X14634, ,Commercial Papers,-,-,-,-
718286,APL Apollo Tubes Limited,APLTL270120,APL Apollo Tubes Ltd,Delisted,F ,500000.00,INE702C14AV8, ,Commercial Papers,-,-,-,-
718287,Kotak Mahindra Investments Limited,KMIL270120,Kotak Mahindra Investments Ltd,Delisted,F ,500000.00,INE975F14SP7, ,Commercial Papers,-,-,-,-
718288,MUTHOOT FINANCE LIMITED,MFL270120,Muthoot Finance Ltd,Delisted,F ,500000.00,INE414G14NT8, ,Commercial Papers,-,-,-,-
718289,Axis Finance Limited,AFL27120,Axis Finance Ltd,Delisted,F ,500000.00,INE891K14IY9, ,Commercial Papers,-,-,-,-
718290,Aditya Birla Capital Ltd,ABCL27120,Aditya Birla Capital Ltd,Delisted,F ,500000.00,INE674K14909, ,Commercial Papers,-,-,-,-
718291,ICICI Securities Limited,ISL27JAN20,ICICI Securities Ltd,Delisted,F ,500000.00,INE763G14HR4, ,Commercial Papers,-,-,-,-
718292,Aditya Birla Capital Ltd,ABCL27120A,Aditya Birla Capital Ltd,Delisted,F ,500000.00,INE674K14917, ,Commercial Papers,-,-,-,-
718293,Bajaj Housing Finance Limited,BHFL270120,Bajaj Housing Finance Ltd,Delisted,F ,500000.00,INE377Y14702, ,Commercial Papers,-,-,-,-
718294,Steel Authority of India Ltd.,SAIL27JAN20,Steel Authority of India Ltd,Delisted,F ,500000.00,INE114A14II0, ,Commercial Papers,-,-,-,-
718295,Kotak Securities Limited,KSL280120,Kotak Securities Ltd,Delisted,F ,500000.00,INE028E14GS7, ,Commercial Papers,-,-,-,-
718296,Kotak Securities Limited,KSL28012020,Kotak Securities Ltd,Delisted,F ,500000.00,INE028E14GT5, ,Commercial Papers,-,-,-,-
718297,HDFC Securities Limited,HDFCSL2801,HDFC Securities Ltd,Delisted,F ,500000.00,INE700G14124, ,Commercial Papers,-,-,-,-
718298,Network 18 Media & Investments Limited,NW18ML2801,Network 18 Media & Investments Ltd,Delisted,F ,500000.00,INE870H14JD1, ,Commercial Papers,-,-,-,-
718299,JSW Steel Limited,JSL280120,JSW Steel Ltd,Delisted,F ,500000.00,INE019A14IQ4, ,Commercial Papers,-,-,-,-
718300,Bajaj Housing Finance Limited,BHFL28120,Bajaj Housing Finance Ltd,Delisted,F ,500000.00,INE377Y14728, ,Commercial Papers,-,-,-,-
718301,MUTHOOT FINANCE LIMITED,MFL280120,Muthoot Finance Ltd,Delisted,F ,500000.00,INE414G14NU6, ,Commercial Papers,-,-,-,-
718302,Motilal Oswal Financial Services Limited,MOFSL28120,Motilal Oswal Financial Services Ltd,Delisted,F ,500000.00,INE338I14BL7, ,Commercial Papers,-,-,-,-
718303,Network 18 Media & Investments Limited,N1829120,Network 18 Media & Investments Ltd,Delisted,F ,500000.00,INE870H14JE9, ,Commercial Papers,-,-,-,-
718304,Steel Authority of India Ltd.,SAIL290120,Steel Authority of India Ltd,Delisted,F ,500000.00,INE114A14IJ8, ,Commercial Papers,-,-,-,-
718305,TV18 Broadcast Ltd.,TV1829120,TV18 Broadcast Ltd,Delisted,F ,500000.00,INE886H14EE6, ,Commercial Papers,-,-,-,-
718306,Kotak Mahindra Investments Limited,KMIL290120,Kotak Mahindra Investments Ltd,Delisted,F ,500000.00,INE975F14SQ5, ,Commercial Papers,-,-,-,-
718307,GIC Housing Finance Ltd.,GHFL29120,GIC Housing Finance Ltd,Delisted,F ,500000.00,INE289B14FY1, ,Commercial Papers,-,-,-,-
718308,Time Technoplast Limited,TTL290120,Time Technoplast Ltd,Delisted,F ,500000.00,INE508G14832, ,Commercial Papers,-,-,-,-
718309,MUTHOOT FINANCE LIMITED,MFL29120,Muthoot Finance Ltd,Delisted,F ,500000.00,INE414G14NV4, ,Commercial Papers,-,-,-,-
718310,Reliance Industries Ltd,RIL290120,Reliance Industries Ltd,Delisted,F ,500000.00,INE002A14DX7, ,Commercial Papers,-,-,-,-
718311,Reliance Industries Ltd,RIL2901,Reliance Industries Ltd,Delisted,F ,500000.00,INE002A14DY5, ,Commercial Papers,-,-,-,-
718312,Reliance Industries Ltd,RIL2920,Reliance Industries Ltd,Delisted,F ,500000.00,INE002A14DZ2, ,Commercial Papers,-,-,-,-
718313,HDFC Securities Limited,6HDFCSL20,HDFC Securities Ltd,Delisted,F ,500000.00,INE700G14116, ,Commercial Papers,-,-,-,-
718314,Reliance Industries Ltd,RIL29120,Reliance Industries Ltd,Delisted,F ,500000.00,INE002A14EA3, ,Commercial Papers,-,-,-,-
718315,ICICI Securities Limited,5ICICISL20,ICICI Securities Ltd,Delisted,F ,500000.00,INE763G14HS2, ,Commercial Papers,-,-,-,-
718316,The Ramco Cements Limited,TRCL290120,The Ramco Cements Ltd,Delisted,F ,500000.00,INE331A14JN8, ,Commercial Papers,-,-,-,-
718317,Bajaj Housing Finance Limited,BHFL290120,Bajaj Housing Finance Ltd,Delisted,F ,500000.00,INE377Y14710, ,Commercial Papers,-,-,-,-
718318,Housing &Urban Development Corporation Ltd.,HUDCO29120,Housing & Urban Development Corporation Ltd,Delisted,F ,500000.00,INE031A14424, ,Commercial Papers,-,-,-,-
718319,Bharat Heavy Electricals Ltd.,BHEL290120,Bharat Heavy Electricals Ltd,Delisted,F ,500000.00,INE257A14268, ,Commercial Papers,-,-,-,-
718320,Adani Ports and Special Economic Zone Ltd,APSL300120,Adani Ports and Special Economic Zone Ltd,Delisted,F ,500000.00,INE742F14MK5, ,Commercial Papers,-,-,-,-
718321,Adani Ports and Special Economic Zone Ltd,ASPEL3001,Adani Ports and Special Economic Zone Ltd,Delisted,F ,500000.00,INE742F14MM1, ,Commercial Papers,-,-,-,-
718322,Motilal Oswal Home Finance Limited,MOHF2912020,Motilal Oswal Home Finance Ltd,Delisted,F ,500000.00,INE658R14402, ,Commercial Papers,-,-,-,-
718323,MUTHOOT FINANCE LIMITED,MFL30012020,Muthoot Finance Ltd,Delisted,F ,500000.00,INE414G14NW2, ,Commercial Papers,-,-,-,-
718324,KEC International Ltd.,KECIL300120,KEC International Ltd,Delisted,F ,500000.00,INE389H14FB4, ,Commercial Papers,-,-,-,-
718325,Reliance Jio Infocomm Limited,RJIL300120,Reliance Jio Infocomm Ltd,Delisted,F ,500000.00,INE110L14NE4, ,Commercial Papers,-,-,-,-
718326,Julius Baer Capital (India) Private Limited,JBC30120,Julius Baer Capital (India) Pvt Ltd,Delisted,F ,500000.00,INE824H14BQ7, ,Commercial Papers,-,-,-,-
718327,Universal Cables Ltd.,UCL300120,Universal Cables Ltd,Delisted,F ,500000.00,INE279A14056, ,Commercial Papers,-,-,-,-
718328,Aditya Birla Capital Ltd,ABCL30JAN20,Aditya Birla Capital Ltd,Delisted,F ,500000.00,INE674K14925, ,Commercial Papers,-,-,-,-
718329,TATA STEEL BSL LIMITED,TSBL300120,TATA STEEL BSL Ltd,Delisted,F ,500000.00,INE824B14HZ8, ,Commercial Papers,-,-,-,-
718330,Manappuram Finance Limited,MFL30120,Manappuram Finance Ltd,Delisted,F ,500000.00,INE522D14MA7, ,Commercial Papers,-,-,-,-
718331,Adani Ports and Special Economic Zone Ltd,ADPL310120,Adani Ports and Special Economic Zone Ltd,Delisted,F ,500000.00,INE742F14MN9, ,Commercial Papers,-,-,-,-
718332,Adani Ports and Special Economic Zone Ltd,ADPL3101,Adani Ports and Special Economic Zone Ltd,Delisted,F ,500000.00,INE742F14ML3, ,Commercial Papers,-,-,-,-
718333,Cholamandalam Investment and Finance Company Ltd,CIFC31120,Cholamandalam Investment and Finance Company Ltd,Delisted,F ,500000.00,INE121A14SH6, ,Commercial Papers,-,-,-,-
718334,Manappuram Finance Limited,MFL31130,Manappuram Finance Ltd,Delisted,F ,500000.00,INE522D14MB5, ,Commercial Papers,-,-,-,-
718335,Motilal Oswal Financial Services Limited,MOFSL310120,Motilal Oswal Financial Services Ltd,Delisted,F ,500000.00,INE338I14BM5, ,Commercial Papers,-,-,-,-
718336,NABHA POWER LIMITED,NPL310120,Nabha Power Ltd,Delisted,F ,500000.00,INE445L14BE9, ,Commercial Papers,-,-,-,-
718337,Reliance Jio Infocomm Limited,RJIL310120,Reliance Jio Infocomm Ltd,Delisted,F ,500000.00,INE110L14NF1, ,Commercial Papers,-,-,-,-
718338,Network 18 Media & Investments Limited,N1831120,Network 18 Media & Investments Ltd,Delisted,F ,500000.00,INE870H14JF6, ,Commercial Papers,-,-,-,-
718339,TV18 Broadcast Ltd.,5TV18BL3120,TV18 Broadcast Ltd,Delisted,F ,500000.00,INE886H14EF3, ,Commercial Papers,-,-,-,-
718340,Bharat Heavy Electricals Ltd.,BHEL31120,Bharat Heavy Electricals Ltd,Delisted,F ,500000.00,INE257A14276, ,Commercial Papers,-,-,-,-
718341,Aditya Birla Fashion and Retail Limited,30JAN20,Aditya Birla Fashion and Retail Ltd,Delisted,F ,500000.00,INE647O14DB6, ,Commercial Papers,-,-,-,-
718342,Aditya Birla Fashion and Retail Limited,31JAN20,Aditya Birla Fashion and Retail Ltd,Delisted,F ,500000.00,INE647O14DA8, ,Commercial Papers,-,-,-,-
718343,Motilal Oswal Finvest Limited,MOFL03220,Motilal Oswal Finvest Ltd,Delisted,F ,500000.00,INE01WN14082, ,Commercial Papers,-,-,-,-
718344,EDELWEISS RURAL & CORPORATE SERVICES LIMITED,ERCS3220,Edelweiss Rural & Corporate Services Ltd,Delisted,F ,500000.00,INE657N14SM2, ,Commercial Papers,-,-,-,-
718345,JSW Steel Limited,JSWSL3220,JSW Steel Ltd,Delisted,F ,500000.00,INE019A14IS0, ,Commercial Papers,-,-,-,-
718346,JSW Steel Limited,JSWSL3220A,JSW Steel Ltd,Delisted,F ,500000.00,INE019A14IR2, ,Commercial Papers,-,-,-,-
718347,Reliance Industries Ltd,RIL030220,Reliance Industries Ltd,Delisted,F ,500000.00,INE002A14EB1, ,Commercial Papers,-,-,-,-
718348,ECL Finance Limited,ECLFL3220,ECL Finance Ltd,Delisted,F ,500000.00,INE804I14UH6, ,Commercial Papers,-,-,-,-
718349,Tata Housing Development Company Limited,THDC3220,Tata Housing Development Company Ltd,Delisted,F ,500000.00,INE582L14FL5, ,Commercial Papers,-,-,-,-
718350,Steel Authority of India Ltd.,SAIL040220,Steel Authority of India Ltd,Delisted,F ,500000.00,INE114A14IK6, ,Commercial Papers,-,-,-,-
718351,Dalmia Cement (Bharat) Limited,DCBL080120,Dalmia Cement (Bharat) Ltd,Delisted,F ,500000.00,INE755K14BM6, ,Commercial Papers,-,-,-,-
718352,MUTHOOT FINANCE LIMITED,MFL040220,Muthoot Finance Ltd,Delisted,F ,500000.00,INE414G14NX0, ,Commercial Papers,-,-,-,-
718353,Reliance Jio Infocomm Limited,RJIL04220,Reliance Jio Infocomm Ltd,Delisted,F ,500000.00,INE110L14NG9, ,Commercial Papers,-,-,-,-
718354,Reliance Jio Infocomm Limited,RJIL0420,Reliance Jio Infocomm Ltd,Delisted,F ,500000.00,INE110L14NH7, ,Commercial Papers,-,-,-,-
718355,JM Financial Services Limited,JMFSL4FEB20,JM Financial Services Ltd,Delisted,F ,500000.00,INE012I14LP8, ,Commercial Papers,-,-,-,-
718356,JSW Steel Limited,JSWSL4220,JSW Steel Ltd,Delisted,F ,500000.00,INE019A14IT8, ,Commercial Papers,-,-,-,-
718357,Dalmia Bharat Sugar and Industries Ltd,DBSIL040220,Dalmia Bharat Sugar and Industries Ltd,Delisted,F ,500000.00,INE495A14793, ,Commercial Papers,-,-,-,-
718358,MUTHOOT FINCORP LIMITED,MFL050220,Muthoot Fincorp Ltd,Delisted,F ,500000.00,INE549K14AP8, ,Commercial Papers,-,-,-,-
718359,Larsen & Toubro Limited,LTL050220,Larsen & Toubro Ltd,Delisted,F ,500000.00,INE018A14HL9, ,Commercial Papers,-,-,-,-
718360,Sharekhan BNP Paribas Financial Services Limited,SBPFSL5220,Sharekhan BNP Paribas Financial Services Ltd,Delisted,F ,500000.00,INE550X14300, ,Commercial Papers,-,-,-,-
718361,Kotak Mahindra Investments Limited,KMIL050220,Kotak Mahindra Investments Ltd,Delisted,F ,500000.00,INE975F14SR3, ,Commercial Papers,-,-,-,-
718362,JM FINANCIAL PRODUCTS LIMITED,JMFPL5FEB20,JM Financial Products Ltd,Delisted,F ,500000.00,INE523H14T39, ,Commercial Papers,-,-,-,-
718363,The Ramco Cements Limited,TRCL05220,The Ramco Cements Ltd,Delisted,F ,500000.00,INE331A14JQ1, ,Commercial Papers,-,-,-,-
718364,Julius Baer Capital (India) Private Limited,JBCI5220,Julius Baer Capital (India) Pvt Ltd,Delisted,F ,500000.00,INE824H14BR5, ,Commercial Papers,-,-,-,-
718365,Bharat Petroleum Corpn. Ltd.,BPCL5220,Bharat Petroleum Corporation Ltd,Delisted,F ,500000.00,INE029A14873, ,Commercial Papers,-,-,-,-
718366,TV18 Broadcast Ltd.,TVBL060220,TV18 Broadcast Ltd,Delisted,F ,500000.00,INE886H14EG1, ,Commercial Papers,-,-,-,-
718367,Tata Housing Development Company Limited,THDCL0602,Tata Housing Development Company Ltd,Delisted,F ,500000.00,INE582L14FM3, ,Commercial Papers,-,-,-,-
718368,Indian Oil Corporation Ltd.,IOCL060220,Indian Oil Corporation Ltd,Delisted,F ,500000.00,INE242A14PC7, ,Commercial Papers,-,-,-,-
718369,Indian Oil Corporation Ltd.,IOCL060220A,Indian Oil Corporation Ltd,Delisted,F ,500000.00,INE242A14PE3, ,Commercial Papers,-,-,-,-
718370,Indian Oil Corporation Ltd.,IOCL060220B,Indian Oil Corporation Ltd,Delisted,F ,500000.00,INE242A14PF0, ,Commercial Papers,-,-,-,-
718371,Indian Oil Corporation Ltd.,IOCL060220C,Indian Oil Corporation Ltd,Delisted,F ,500000.00,INE242A14PG8, ,Commercial Papers,-,-,-,-
718372,Indian Oil Corporation Ltd.,IOCL060220D,Indian Oil Corporation Ltd,Delisted,F ,500000.00,INE242A14PH6, ,Commercial Papers,-,-,-,-
718373,Indian Oil Corporation Ltd.,IOCL060220E,Indian Oil Corporation Ltd,Delisted,F ,500000.00,INE242A14PI4, ,Commercial Papers,-,-,-,-
718374,Indian Oil Corporation Ltd.,IOCL060220F,Indian Oil Corporation Ltd,Delisted,F ,500000.00,INE242A14PJ2, ,Commercial Papers,-,-,-,-
718375,Reliance Jio Infocomm Limited,RJIL060220,Reliance Jio Infocomm Ltd,Delisted,F ,500000.00,INE110L14NI5, ,Commercial Papers,-,-,-,-
718376,The Ramco Cements Limited,TRCL060220,The Ramco Cements Ltd,Delisted,F ,500000.00,INE331A14JP3, ,Commercial Papers,-,-,-,-
718377,The Ramco Cements Limited,TRCL060220A,The Ramco Cements Ltd,Delisted,F ,500000.00,INE331A14JO6, ,Commercial Papers,-,-,-,-
718378,MUTHOOT FINANCE LIMITED,6MFL060220,Muthoot Finance Ltd,Delisted,F ,500000.00,INE414G14NY8, ,Commercial Papers,-,-,-,-
718379,GIC Housing Finance Ltd.,5GICHFL0620,GIC Housing Finance Ltd,Delisted,F ,500000.00,INE289B14FZ8, ,Commercial Papers,-,-,-,-
718380,JM Financial Services Limited,JMFSL0702,JM Financial Services Ltd,Delisted,F ,500000.00,INE012I14LR4, ,Commercial Papers,-,-,-,-
718381,JM Financial Services Limited,JMFL70220,JM Financial Services Ltd,Delisted,F ,500000.00,INE012I14LQ6, ,Commercial Papers,-,-,-,-
718382,MUTHOOT FINANCE LIMITED,MFL7220,Muthoot Finance Ltd,Delisted,F ,500000.00,INE414G14NZ5, ,Commercial Papers,-,-,-,-
718383,ICICI Securities Primary Dealership Limited,ICICI070220,ICICI Securities Primary Dealership Ltd,Delisted,F ,500000.00,INE849D14GK5, ,Commercial Papers,-,-,-,-
718384,Steel Authority of India Ltd.,SAIL070220,Steel Authority of India Ltd,Delisted,F ,500000.00,INE114A14IM2, ,Commercial Papers,-,-,-,-
718385,HT Media Ltd,HTML10FEB20,HT Media Ltd,Delisted,F ,500000.00,INE501G14BU5, ,Commercial Papers,-,-,-,-
718386,JM FINANCIAL PRODUCTS LIMITED,JFPL10FEB20,JM Financial Products Ltd,Delisted,F ,500000.00,INE523H14T47, ,Commercial Papers,-,-,-,-
718387,Kotak Mahindra Prime Limited,KMPL10220,Kotak Mahindra Prime Ltd,Delisted,F ,500000.00,INE916D14T04, ,Commercial Papers,-,-,-,-
718388,Reliance Jio Infocomm Limited,RJIL10220,Reliance Jio Infocomm Ltd,Delisted,F ,500000.00,INE110L14NL9, ,Commercial Papers,-,-,-,-
718389,Reliance Industries Ltd,RIL100220,Reliance Industries Ltd,Delisted,F ,500000.00,INE002A14ED7, ,Commercial Papers,-,-,-,-
718390,Reliance Jio Infocomm Limited,RJIL10220A,Reliance Jio Infocomm Ltd,Delisted,F ,500000.00,INE110L14NK1, ,Commercial Papers,-,-,-,-
718391,Kotak Mahindra Prime Limited,KMPL10FEB20,Kotak Mahindra Prime Ltd,Delisted,F ,500000.00,INE916D14T20, ,Commercial Papers,-,-,-,-
718392,Kotak Mahindra Prime Limited,KMPL10220A,Kotak Mahindra Prime Ltd,Delisted,F ,500000.00,INE916D14T12, ,Commercial Papers,-,-,-,-
718393,Reliance Jio Infocomm Limited,RJIL10220B,Reliance Jio Infocomm Ltd,Delisted,F ,500000.00,INE110L14NM7, ,Commercial Papers,-,-,-,-
718394,Reliance Jio Infocomm Limited,RJIL10220C,Reliance Jio Infocomm Ltd,Delisted,F ,500000.00,INE110L14NJ3, ,Commercial Papers,-,-,-,-
718395,HDFC Securities Limited,HDFCS1102,HDFC Securities Ltd,Delisted,F ,500000.00,INE700G14140, ,Commercial Papers,-,-,-,-
718396,HDFC Securities Limited,HDFCS1120,HDFC Securities Ltd,Delisted,F ,500000.00,INE700G14132, ,Commercial Papers,-,-,-,-
718397,TV18 Broadcast Ltd.,TV18BL1102,TV18 Broadcast Ltd,Delisted,F ,500000.00,INE886H14EI7, ,Commercial Papers,-,-,-,-
718398,Network 18 Media & Investments Limited,NWMIL1102,Network 18 Media & Investments Ltd,Delisted,F ,500000.00,INE870H14JG4, ,Commercial Papers,-,-,-,-
718399,Sun Pharmaceutical Industries Ltd.,SPIL110220,Sun Pharmaceutical Industries Ltd,Delisted,F ,500000.00,INE044A14542, ,Commercial Papers,-,-,-,-
718400,Steel Authority of India Ltd.,SAIL11FEB20,Steel Authority of India Ltd,Delisted,F ,500000.00,INE114A14IL4, ,Commercial Papers,-,-,-,-
718401,Tata Steel Downstream Products Limited,TSDP10FEB20,Tata Steel Downstream Products Ltd,Delisted,F ,500000.00,INE409K14280, ,Commercial Papers,-,-,-,-
718402,Housing Development Finance Corp.Lt,HDFC12220,Housing Development Finance Corporation Ltd,Delisted,F ,500000.00,INE001A14WH2, ,Commercial Papers,-,-,-,-
718403,KRBL Ltd.,KRBL12220,KRBL Ltd,Delisted,F ,500000.00,INE001B14722, ,Commercial Papers,-,-,-,-
718404,TV18 Broadcast Ltd.,TVBL12220,TV18 Broadcast Ltd,Delisted,F ,500000.00,INE886H14EH9, ,Commercial Papers,-,-,-,-
718405,Reliance Jio Infocomm Limited,RJIL12220,Reliance Jio Infocomm Ltd,Delisted,F ,500000.00,INE110L14NN5, ,Commercial Papers,-,-,-,-
718406,Axis Finance Limited,AFL12220,Axis Finance Ltd,Delisted,F ,500000.00,INE891K14JA7, ,Commercial Papers,-,-,-,-
718407,ICICI Securities Primary Dealership Limited,ICICIS1202,ICICI Securities Primary Dealership Ltd,Delisted,F ,500000.00,INE849D14GL3, ,Commercial Papers,-,-,-,-
718408,Tata Housing Development Company Limited,THDC1202,Tata Housing Development Company Ltd,Delisted,F ,500000.00,INE582L14FN1, ,Commercial Papers,-,-,-,-
718409,Bharat Heavy Electricals Ltd.,BHEL1202,Bharat Heavy Electricals Ltd,Delisted,F ,500000.00,INE257A14284, ,Commercial Papers,-,-,-,-
718410,Reliance Industries Ltd,RIL12220,Reliance Industries Ltd,Delisted,F ,500000.00,INE002A14EC9, ,Commercial Papers,-,-,-,-
718411,Reliance Industries Ltd,RIL1202,Reliance Industries Ltd,Delisted,F ,500000.00,INE002A14EF2, ,Commercial Papers,-,-,-,-
718412,Reliance Industries Ltd,RIL122,Reliance Industries Ltd,Delisted,F ,500000.00,INE002A14EE5, ,Commercial Papers,-,-,-,-
718413,Housing Development Finance Corp.Lt,HDFC13220,Housing Development Finance Corporation Ltd,Delisted,F ,500000.00,INE001A14WI0, ,Commercial Papers,-,-,-,-
718414,Adani Ports and Special Economic Zone Ltd,ADPL13220,Adani Ports and Special Economic Zone Ltd,Delisted,F ,500000.00,INE742F14MO7, ,Commercial Papers,-,-,-,-
718415,Network 18 Media & Investments Limited,NWMIL13220,Network 18 Media & Investments Ltd,Delisted,F ,500000.00,INE870H14JH2, ,Commercial Papers,-,-,-,-
718416,Sterlite Technologies Limited.,STL13FEB20,Sterlite Technologies Ltd,Delisted,F ,500000.00,INE089C14980, ,Commercial Papers,-,-,-,-
718417,Kotak Mahindra Prime Limited,KMPL13220,Kotak Mahindra Prime Ltd,Delisted,F ,500000.00,INE916D14MO1, ,Commercial Papers,-,-,-,-
718418,GIC Housing Finance Ltd.,GICHF14220,GIC Housing Finance Ltd,Delisted,F ,500000.00,INE289B14GA9, ,Commercial Papers,-,-,-,-
718419,Julius Baer Capital (India) Private Limited,JBC14220,Julius Baer Capital (India) Pvt Ltd,Delisted,F ,500000.00,INE824H14BS3, ,Commercial Papers,-,-,-,-
718420,Aditya Birla Fashion and Retail Limited,ABFRL14220,Aditya Birla Fashion and Retail Ltd,Delisted,F ,500000.00,INE647O14DC4, ,Commercial Papers,-,-,-,-
718421,The Ramco Cements Limited,TRCL14220,The Ramco Cements Ltd,Delisted,F ,500000.00,INE331A14JS7, ,Commercial Papers,-,-,-,-
718422,The Ramco Cements Limited,TRCL14220A,The Ramco Cements Ltd,Delisted,F ,500000.00,INE331A14JR9, ,Commercial Papers,-,-,-,-
718423,Dalmia Cement (Bharat) Limited,DCBL14FEB20,Dalmia Cement (Bharat) Ltd,Delisted,F ,500000.00,INE755K14BN4, ,Commercial Papers,-,-,-,-
718424,Dalmia Bharat Sugar and Industries Ltd,DBSIL14220,Dalmia Bharat Sugar and Industries Ltd,Delisted,F ,500000.00,INE495A14801, ,Commercial Papers,-,-,-,-
718425,Sun Pharmaceutical Industries Ltd.,SPI17220,Sun Pharmaceutical Industries Ltd,Delisted,F ,500000.00,INE044A14559, ,Commercial Papers,-,-,-,-
718426,ICICI Securities Primary Dealership Limited,ICICIS17220,ICICI Securities Primary Dealership Ltd,Delisted,F ,500000.00,INE849D14GM1, ,Commercial Papers,-,-,-,-
718427,ICICI Securities Limited,ICICI170220,ICICI Securities Ltd,Delisted,F ,500000.00,INE763G14HT0, ,Commercial Papers,-,-,-,-
718428,Kotak Mahindra Prime Limited,KMPL170220,Kotak Mahindra Prime Ltd,Delisted,F ,500000.00,INE916D14T46, ,Commercial Papers,-,-,-,-
718429,Kotak Mahindra Prime Limited,KMPL170220A,Kotak Mahindra Prime Ltd,Delisted,F ,500000.00,INE916D14T38, ,Commercial Papers,-,-,-,-
718430,Reliance Jio Infocomm Limited,RJIL17220,Reliance Jio Infocomm Ltd,Delisted,F ,500000.00,INE110L14NP0, ,Commercial Papers,-,-,-,-
718431,Kotak Mahindra Investments Limited,KMIL170220,Kotak Mahindra Investments Ltd,Delisted,F ,500000.00,INE975F14SS1, ,Commercial Papers,-,-,-,-
718432,Kotak Mahindra Investments Limited,KMIL170220A,Kotak Mahindra Investments Ltd,Delisted,F ,500000.00,INE975F14ST9, ,Commercial Papers,-,-,-,-
718433,E.I.D. Parry (India) Ltd.,EPIL17FEB20,EID Parry (India) Ltd,Delisted,F ,500000.00,INE126A14DX4, ,Commercial Papers,-,-,-,-
718434,HT Media Ltd,HTML170220,HT Media Ltd,Delisted,F ,500000.00,INE501G14BV3, ,Commercial Papers,-,-,-,-
718435,Network 18 Media & Investments Limited,NMIL170220,Network 18 Media & Investments Ltd,Delisted,F ,500000.00,INE870H14JI0, ,Commercial Papers,-,-,-,-
718436,Steel Authority of India Ltd.,SAIL170220,Steel Authority of India Ltd,Delisted,F ,500000.00,INE114A14IN0, ,Commercial Papers,-,-,-,-
718437,Reliance Industries Ltd,RIL17220,Reliance Industries Ltd,Delisted,F ,500000.00,INE002A14EG0, ,Commercial Papers,-,-,-,-
718438,Julius Baer Capital (India) Private Limited,JBC18220,Julius Baer Capital (India) Pvt Ltd,Delisted,F ,500000.00,INE824H14BT1, ,Commercial Papers,-,-,-,-
718439,JM Financial Services Limited,JMFS18220,JM Financial Services Ltd,Delisted,F ,500000.00,INE012I14LS2, ,Commercial Papers,-,-,-,-
718440,Aditya Birla Fashion and Retail Limited,ABFRL180220,Aditya Birla Fashion and Retail Ltd,Delisted,F ,500000.00,INE647O14DD2, ,Commercial Papers,-,-,-,-
718441,JSW Steel Limited,JSW18220,JSW Steel Ltd,Delisted,F ,500000.00,INE019A14IU6, ,Commercial Papers,-,-,-,-
718442,NABHA POWER LIMITED,NPL18220,Nabha Power Ltd,Delisted,F ,500000.00,INE445L14BF6, ,Commercial Papers,-,-,-,-
718443,Reliance Jio Infocomm Limited,RJIL18220,Reliance Jio Infocomm Ltd,Delisted,F ,500000.00,INE110L14NO3, ,Commercial Papers,-,-,-,-
718444,Network 18 Media & Investments Limited,N1818220,Network 18 Media & Investments Ltd,Delisted,F ,500000.00,INE870H14JK6, ,Commercial Papers,-,-,-,-
718445,Network 18 Media & Investments Limited,N1818220A,Network 18 Media & Investments Ltd,Delisted,F ,500000.00,INE870H14JJ8, ,Commercial Papers,-,-,-,-
718446,Housing Development Finance Corp.Lt,HDFC18220,Housing Development Finance Corporation Ltd,Delisted,F ,500000.00,INE001A14WJ8, ,Commercial Papers,-,-,-,-
718447,Manappuram Finance Limited,MFL18220,Manappuram Finance Ltd,Delisted,F ,500000.00,INE522D14MC3, ,Commercial Papers,-,-,-,-
718448,Transport Corporation of India Ltd,TCIL18220,Transport Corporation of India Ltd,Delisted,F ,500000.00,INE688A14JE0, ,Commercial Papers,-,-,-,-
718449,Reliance Industries Ltd,RIL180220,Reliance Industries Ltd,Delisted,F ,500000.00,INE002A14EH8, ,Commercial Papers,-,-,-,-
718450,Reliance Industries Ltd,RIL18022020,Reliance Industries Ltd,Delisted,F ,500000.00,INE002A14EI6, ,Commercial Papers,-,-,-,-
718451,Hindustan Aeronautics Limited,HAL20220,Hindustan Aeronautics Ltd,Delisted,F ,500000.00,INE066F14015, ,Commercial Papers,-,-,-,-
718452,Steel Authority of India Ltd.,SAIL20220,Steel Authority of India Ltd,Delisted,F ,500000.00,INE114A14IO8, ,Commercial Papers,-,-,-,-
718453,Kotak Securities Limited,KSL20220,Kotak Securities Ltd,Delisted,F ,500000.00,INE028E14GU3, ,Commercial Papers,-,-,-,-
718454,HDFC Credila Financial Services Ltd,HCFS200220,HDFC Credila Financial Services Pvt. Ltd,Delisted,F ,500000.00,INE539K14AF0, ,Commercial Papers,-,-,-,-
718455,Manappuram Finance Limited,MFL20220,Manappuram Finance Ltd,Delisted,F ,500000.00,INE522D14MD1, ,Commercial Papers,-,-,-,-
718456,Network 18 Media & Investments Limited,NWMI20220,Network 18 Media & Investments Ltd,Delisted,F ,500000.00,INE870H14JM2, ,Commercial Papers,-,-,-,-
718457,Network 18 Media & Investments Limited,NWMI200220,Network 18 Media & Investments Ltd,Delisted,F ,500000.00,INE870H14JL4, ,Commercial Papers,-,-,-,-
718458,The Ramco Cements Limited,TRCL20220,The Ramco Cements Ltd,Delisted,F ,500000.00,INE331A14JT5, ,Commercial Papers,-,-,-,-
718459,Transport Corporation of India Ltd,TCIL200220,Transport Corporation of India Ltd,Delisted,F ,500000.00,INE688A14JF7, ,Commercial Papers,-,-,-,-
718460,TV18 Broadcast Ltd.,TV1820220,TV18 Broadcast Ltd,Delisted,F ,500000.00,INE886H14EJ5, ,Commercial Papers,-,-,-,-
718461,Julius Baer Capital (India) Private Limited,JBC20220,Julius Baer Capital (India) Pvt Ltd,Delisted,F ,500000.00,INE824H14BU9, ,Commercial Papers,-,-,-,-
718462,Sterlite Technologies Limited.,STL20220,Sterlite Technologies Ltd,Delisted,F ,500000.00,INE089C14998, ,Commercial Papers,-,-,-,-
718463,ICICI Securities Primary Dealership Limited,ICICIS24220,ICICI Securities Primary Dealership Ltd,Delisted,F ,500000.00,INE849D14GN9, ,Commercial Papers,-,-,-,-
718464,Kotak Securities Limited,KSL24220,Kotak Securities Ltd,Delisted,F ,500000.00,INE028E14GV1, ,Commercial Papers,-,-,-,-
718465,Reliance Jio Infocomm Limited,RJIL24220,Reliance Jio Infocomm Ltd,Delisted,F ,500000.00,INE110L14NQ8, ,Commercial Papers,-,-,-,-
718466,Reliance Jio Infocomm Limited,RJIL240220,Reliance Jio Infocomm Ltd,Delisted,F ,500000.00,INE110L14NR6, ,Commercial Papers,-,-,-,-
718467,ICICI Securities Limited,ICICI240220,ICICI Securities Ltd,Delisted,F ,500000.00,INE763G14HV6, ,Commercial Papers,-,-,-,-
718468,Transport Corporation of India Ltd,TCIL24220,Transport Corporation of India Ltd,Delisted,F ,500000.00,INE688A14JG5, ,Commercial Papers,-,-,-,-
718469,Redington Limited,RIL25220,Redington (India) Ltd,Delisted,F ,500000.00,INE891D14VD1, ,Commercial Papers,-,-,-,-
718470,Ramco Industries Ltd,RI250220,Ramco Industries Ltd,Delisted,F ,500000.00,INE614A14245, ,Commercial Papers,-,-,-,-
718471,Adani Ports and Special Economic Zone Ltd,APSEZ25220,Adani Ports and Special Economic Zone Ltd,Delisted,F ,500000.00,INE742F14MP4, ,Commercial Papers,-,-,-,-
718472,Asirvad Microfinance Limited,AMFL26220,Asirvad Microfinance Ltd,Delisted,F ,500000.00,INE516Q14198, ,Commercial Papers,-,-,-,-
718473,ICICI Securities Limited,ICICI26220,ICICI Securities Ltd,Delisted,F ,500000.00,INE763G14HU8, ,Commercial Papers,-,-,-,-
718474,GIC Housing Finance Ltd.,GIC26220,GIC Housing Finance Ltd,Delisted,F ,500000.00,INE289B14GB7, ,Commercial Papers,-,-,-,-
718475,Transport Corporation of India Ltd,TCIL260220,Transport Corporation of India Ltd,Delisted,F ,500000.00,INE688A14JH3, ,Commercial Papers,-,-,-,-
718476,Dalmia Cement (Bharat) Limited,DCBL26220,Dalmia Cement (Bharat) Ltd,Delisted,F ,500000.00,INE755K14BP9, ,Commercial Papers,-,-,-,-
718477,Dalmia Bharat Sugar and Industries Ltd,DBSIL260220,Dalmia Bharat Sugar and Industries Ltd,Delisted,F ,500000.00,INE495A14819, ,Commercial Papers,-,-,-,-
718478,Axis Finance Limited,AFL26220,Axis Finance Ltd,Delisted,F ,500000.00,INE891K14JB5, ,Commercial Papers,-,-,-,-
718479,Transport Corporation of India Ltd,TCIL27220,Transport Corporation of India Ltd,Delisted,F ,500000.00,INE688A14JI1, ,Commercial Papers,-,-,-,-
718480,Reliance Jio Infocomm Limited,RJIL27220,Reliance Jio Infocomm Ltd,Delisted,F ,500000.00,INE110L14NS4, ,Commercial Papers,-,-,-,-
718481,Tata Housing Development Company Limited,THDC27220,Tata Housing Development Company Ltd,Delisted,F ,500000.00,INE582L14FO9, ,Commercial Papers,-,-,-,-
718482,Aditya Birla Capital Ltd,ABCL050320,Aditya Birla Capital Ltd,Delisted,F ,500000.00,INE674K14933, ,Commercial Papers,-,-,-,-
718483,birla Group Holdings Private Limited,BGHP27220,Birla Group Holdings Pvt. Ltd,Delisted,F ,500000.00,INE09OL14334, ,Commercial Papers,-,-,-,-
718484,The Ramco Cements Limited,TRCL27220,The Ramco Cements Ltd,Delisted,F ,500000.00,INE331A14JU3, ,Commercial Papers,-,-,-,-
718485,Sterlite Technologies Limited.,STL27220,Sterlite Technologies Ltd,Delisted,F ,500000.00,INE089C14AA4, ,Commercial Papers,-,-,-,-
718486,Kotak Securities Limited,KSL28220,Kotak Securities Ltd,Delisted,F ,500000.00,INE028E14GW9, ,Commercial Papers,-,-,-,-
718487,Reliance Jio Infocomm Limited,RJIL28220,Reliance Jio Infocomm Ltd,Delisted,F ,500000.00,INE110L14NU0, ,Commercial Papers,-,-,-,-
718488,NABHA POWER LIMITED,NPL28220,Nabha Power Ltd,Delisted,F ,500000.00,INE445L14BG4, ,Commercial Papers,-,-,-,-
718489,NABHA POWER LIMITED,NPL280220,Nabha Power Ltd,Delisted,F ,500000.00,INE445L14BH2, ,Commercial Papers,-,-,-,-
718490,Redington Limited,RIL280220,Redington (India) Ltd,Delisted,F ,500000.00,INE891D14VE9, ,Commercial Papers,-,-,-,-
718491,Redington Limited,RI280220,Redington (India) Ltd,Delisted,F ,500000.00,INE891D14VF6, ,Commercial Papers,-,-,-,-
718492,Julius Baer Capital (India) Private Limited,JBCPL280220,Julius Baer Capital (India) Pvt Ltd,Delisted,F ,500000.00,INE824H14BV7, ,Commercial Papers,-,-,-,-
718493,TATA STEEL LIMITED,TSL28220,Tata Steel Ltd,Delisted,F ,500000.00,INE081A14AO6, ,Commercial Papers,-,-,-,-
718494,Manappuram Finance Limited,MFL280220,Manappuram Finance Ltd,Delisted,F ,500000.00,INE522D14ME9, ,Commercial Papers,-,-,-,-
718495,Infina Finance Private Limited,IFPL280220,Infina Finance Pvt Ltd,Delisted,F ,500000.00,INE879F14CR1, ,Commercial Papers,-,-,-,-
718496,Larsen & Toubro Limited,LT28022020,Larsen & Toubro Ltd,Delisted,F ,500000.00,INE018A14HN5, ,Commercial Papers,-,-,-,-
718497,ICICI HOME FINANCE COMPANY LIMITED,IHFCL280220,ICICI HOME FINANCE COMPANY Ltd,Delisted,F ,500000.00,INE071G14DD1, ,Commercial Papers,-,-,-,-
718498,Motilal Oswal Financial Services Limited,MOFSL280220,Motilal Oswal Financial Services Ltd,Delisted,F ,500000.00,INE338I14BN3, ,Commercial Papers,-,-,-,-
718499,Dalmia Bharat Sugar and Industries Ltd,DBSI28220,Dalmia Bharat Sugar and Industries Ltd,Delisted,F ,500000.00,INE495A14827, ,Commercial Papers,-,-,-,-
718500,Dalmia Cement (Bharat) Limited,DCBL28220,Dalmia Cement (Bharat) Ltd,Delisted,F ,500000.00,INE755K14BQ7, ,Commercial Papers,-,-,-,-
718501,E.I.D. Parry (India) Ltd.,EID280220,EID Parry (India) Ltd,Delisted,F ,500000.00,INE126A14DY2, ,Commercial Papers,-,-,-,-
718502,MUTHOOT FINCORP LIMITED,MFL020320,Muthoot Fincorp Ltd,Delisted,F ,500000.00,INE549K14AQ6, ,Commercial Papers,-,-,-,-
718503,TATA STEEL BSL LIMITED,TSBL020320,TATA STEEL BSL Ltd,Delisted,F ,500000.00,INE824B14IA9, ,Commercial Papers,-,-,-,-
718504,Julius Baer Capital (India) Private Limited,JBC020320,Julius Baer Capital (India) Pvt Ltd,Delisted,F ,500000.00,INE824H14BW5, ,Commercial Papers,-,-,-,-
718505,Reliance Jio Infocomm Limited,RJIL020320,Reliance Jio Infocomm Ltd,Delisted,F ,500000.00,INE110L14NT2, ,Commercial Papers,-,-,-,-
718506,Transport Corporation of India Ltd,TCIL20320,Transport Corporation of India Ltd,Delisted,F ,500000.00,INE688A14JJ9, ,Commercial Papers,-,-,-,-
718507,Manappuram Finance Limited,MFL02320,Manappuram Finance Ltd,Delisted,F ,500000.00,INE522D14MF6, ,Commercial Papers,-,-,-,-
718508,360 ONE Prime Limited,IIFL020320,IIFL Wealth Finance Ltd,Delisted,F ,500000.00,INE248U14HT3, ,Commercial Papers,-,-,-,-
718509,360 ONE Prime Limited,IIFL020320A,IIFL Wealth Finance Ltd,Delisted,F ,500000.00,INE248U14HS5, ,Commercial Papers,-,-,-,-
718510,Reliance Industries Ltd,RIL020320,Reliance Industries Ltd,Delisted,F ,500000.00,INE002A14EJ4, ,Commercial Papers,-,-,-,-
718511,Reliance Industries Ltd,RIL20320,Reliance Industries Ltd,Delisted,F ,500000.00,INE002A14EK2, ,Commercial Papers,-,-,-,-
718512,Indian Railway Finance Corporation,IRFC20320,Indian Railway Finance Corporation Ltd,Delisted,F ,500000.00,INE053F14187, ,Commercial Papers,-,-,-,-
718513,KRBL Ltd.,KRBL030320,KRBL Ltd,Delisted,F ,500000.00,INE001B14730, ,Commercial Papers,-,-,-,-
718514,Tata Housing Development Company Limited,THDCL030320,Tata Housing Development Company Ltd,Delisted,F ,500000.00,INE582L14FP6, ,Commercial Papers,-,-,-,-
718515,Reliance Industries Ltd,RIL030320,Reliance Industries Ltd,Delisted,F ,500000.00,INE002A14EL0, ,Commercial Papers,-,-,-,-
718516,Reliance Industries Ltd,RIL030320A,Reliance Industries Ltd,Delisted,F ,500000.00,INE002A14EM8, ,Commercial Papers,-,-,-,-
718517,Can Fin Homes Ltd.,CFHL030320,Can Fin Homes Ltd,Delisted,F ,500000.00,INE477A14AS7, ,Commercial Papers,-,-,-,-
718518,EDELWEISS RURAL & CORPORATE SERVICES LIMITED,ERCS040320,Edelweiss Rural & Corporate Services Ltd,Delisted,F ,500000.00,INE657N14SN0, ,Commercial Papers,-,-,-,-
718519,ECL Finance Limited,ECL040320,ECL Finance Ltd,Delisted,F ,500000.00,INE804I14UJ2, ,Commercial Papers,-,-,-,-
718520,JM Financial Capital Limited,JMFCL4320,JM Financial Capital Ltd,Delisted,F ,500000.00,INE901W14BE8, ,Commercial Papers,-,-,-,-
718521,JM Financial Properties and Holdings Limited,JMFPH040320,JM Financial Properties and Holdings Ltd,Delisted,F ,500000.00,INE525R14494, ,Commercial Papers,-,-,-,-
718522,Bajaj Finance Limited,BFL040320,Bajaj Finance Ltd,Delisted,F ,500000.00,INE296A14QM0, ,Commercial Papers,-,-,-,-
718523,Sharekhan BNP Paribas Financial Services Limited,SBNP040320,Sharekhan BNP Paribas Financial Services Ltd,Delisted,F ,500000.00,INE550X14326, ,Commercial Papers,-,-,-,-
718524,Sharekhan BNP Paribas Financial Services Limited,SBNP040320A,Sharekhan BNP Paribas Financial Services Ltd,Delisted,F ,500000.00,INE550X14318, ,Commercial Papers,-,-,-,-
718525,Infina Finance Private Limited,IFPL040320,Infina Finance Pvt Ltd,Delisted,F ,500000.00,INE879F14CS9, ,Commercial Papers,-,-,-,-
718526,360 ONE Prime Limited,IIFLW040320,IIFL Wealth Finance Ltd,Delisted,F ,500000.00,INE248U14HV9, ,Commercial Papers,-,-,-,-
718527,Housing Development Finance Corp.Lt,HDFCL040320,Housing Development Finance Corporation Ltd,Delisted,F ,500000.00,INE001A14WK6, ,Commercial Papers,-,-,-,-
718528,360 ONE WAM LIMITED,IWML4MAR20,IIFL Wealth Management Ltd,Delisted,F ,500000.00,INE466L14635, ,Commercial Papers,-,-,-,-
718529,Motilal Oswal Finvest Limited,MOSL040320,Motilal Oswal Finvest Ltd,Delisted,F ,500000.00,INE01WN14090, ,Commercial Papers,-,-,-,-
718530,Tata Housing Development Company Limited,THDCL050320,Tata Housing Development Company Ltd,Delisted,F ,500000.00,INE582L14FQ4, ,Commercial Papers,-,-,-,-
718531,Aditya Birla Fashion and Retail Limited,ABFR05320,Aditya Birla Fashion and Retail Ltd,Delisted,F ,500000.00,INE647O14DE0, ,Commercial Papers,-,-,-,-
718532,KEC International Ltd.,KEC050320,KEC International Ltd,Delisted,F ,500000.00,INE389H14FC2, ,Commercial Papers,-,-,-,-
718533,Steel Authority of India Ltd.,SAIL050320,Steel Authority of India Ltd,Delisted,F ,500000.00,INE114A14IP5, ,Commercial Papers,-,-,-,-
718534,Aarti Industries Ltd,AIL050320,Aarti Industries Ltd,Delisted,F ,500000.00,INE769A14536, ,Commercial Papers,-,-,-,-
718535,Sunteck Realty Ltd,SRL050320,Sunteck Realty Ltd,Delisted,F ,500000.00,INE805D14151, ,Commercial Papers,-,-,-,-
718536,Oil And Natural Gas Corporation Ltd,ONGC06320,Oil and Natural Gas Corporation Ltd,Delisted,F ,500000.00,INE213A14154, ,Commercial Papers,-,-,-,-
718537,SHAREKHAN COMMODITIES PRIVATE LIMITED,SCPL060320,SHAREKHAN COMMODITIES Pvt Ltd,Delisted,F ,500000.00,INE0CR114017, ,Commercial Papers,-,-,-,-
718538,Redington Limited,RIL060320,Redington (India) Ltd,Delisted,F ,500000.00,INE891D14VG4, ,Commercial Papers,-,-,-,-
718539,Aditya Birla Fashion and Retail Limited,ABFRL06320,Aditya Birla Fashion and Retail Ltd,Delisted,F ,500000.00,INE647O14DF7, ,Commercial Papers,-,-,-,-
718540,birla Group Holdings Private Limited,BGHPL6320,Birla Group Holdings Pvt. Ltd,Delisted,F ,500000.00,INE09OL14359, ,Commercial Papers,-,-,-,-
718541,Motilal Oswal Financial Services Limited,MOSL06320,Motilal Oswal Financial Services Ltd,Delisted,F ,500000.00,INE338I14BO1, ,Commercial Papers,-,-,-,-
718542,birla Group Holdings Private Limited,BGHPL6320A,Birla Group Holdings Pvt. Ltd,Delisted,F ,500000.00,INE09OL14342, ,Commercial Papers,-,-,-,-
718543,JSW Steel Limited,JSW06320,JSW Steel Ltd,Delisted,F ,500000.00,INE019A14IV4, ,Commercial Papers,-,-,-,-
718544,Larsen & Toubro Limited,LT060320,Larsen & Toubro Ltd,Delisted,F ,500000.00,INE018A14HO3, ,Commercial Papers,-,-,-,-
718545,Axis Finance Limited,AFL060320,Axis Finance Ltd,Delisted,F ,500000.00,INE891K14JC3, ,Commercial Papers,-,-,-,-
718546,Essel Mining & Industries Limited,EMIL6320,Essel Mining & Industries Ltd,Delisted,F ,500000.00,INE077E14BU1, ,Commercial Papers,-,-,-,-
718547,National Fertilizers Ltd.,NFL060320,National Fertilizers Ltd,Delisted,F ,500000.00,INE870D14CT1, ,Commercial Papers,-,-,-,-
718548,NLC India Limited,NLCIL6MAR20,NLC India Ltd,Delisted,F ,500000.00,INE589A14025, ,Commercial Papers,-,-,-,-
718549,MUTHOOT FINANCE LIMITED,MFL060320,Muthoot Finance Ltd,Delisted,F ,500000.00,INE414G14OA6, ,Commercial Papers,-,-,-,-
718550,Julius Baer Capital (India) Private Limited,JBC09320,Julius Baer Capital (India) Pvt Ltd,Delisted,F ,500000.00,INE824H14BX3, ,Commercial Papers,-,-,-,-
718551,MUTHOOT FINANCE LIMITED,MFL90320,Muthoot Finance Ltd,Delisted,F ,500000.00,INE414G14OB4, ,Commercial Papers,-,-,-,-
718552,Reliance Industries Ltd,RIL9320,Reliance Industries Ltd,Delisted,F ,500000.00,INE002A14EN6, ,Commercial Papers,-,-,-,-
718553,JSW Steel Limited,JSW09320,JSW Steel Ltd,Delisted,F ,500000.00,INE019A14IW2, ,Commercial Papers,-,-,-,-
718554,Steel Authority of India Ltd.,SAIL90320,Steel Authority of India Ltd,Delisted,F ,500000.00,INE114A14IQ3, ,Commercial Papers,-,-,-,-
718555,Bharat Heavy Electricals Ltd.,BHEL09320,Bharat Heavy Electricals Ltd,Delisted,F ,500000.00,INE257A14292, ,Commercial Papers,-,-,-,-
718556,MUTHOOT FINANCE LIMITED,MFL110320,Muthoot Finance Ltd,Delisted,F ,500000.00,INE414G14OC2, ,Commercial Papers,-,-,-,-
718557,Reliance Jio Infocomm Limited,RJIL110320,Reliance Jio Infocomm Ltd,Delisted,F ,500000.00,INE110L14NV8, ,Commercial Papers,-,-,-,-
718558,Reliance Industries Ltd,RIL11032020,Reliance Industries Ltd,Delisted,F ,500000.00,INE002A14EO4, ,Commercial Papers,-,-,-,-
718559,Reliance Industries Ltd,RIL1132020,Reliance Industries Ltd,Delisted,F ,500000.00,INE002A14EQ9, ,Commercial Papers,-,-,-,-
718560,Grasim Industries Ltd,GIL110320,Grasim Industries Ltd,Delisted,F ,500000.00,INE047A14636, ,Commercial Papers,-,-,-,-
718561,POWER GRID CORPORATION OF INDIA LIMITED,PGCIL11320,Power Grid Corporation of India Ltd,Delisted,F ,500000.00,INE752E14419, ,Commercial Papers,-,-,-,-
718562,POWER GRID CORPORATION OF INDIA LIMITED,PGCI110320,Power Grid Corporation of India Ltd,Delisted,F ,500000.00,INE752E14401, ,Commercial Papers,-,-,-,-
718563,Indian Oil Corporation Ltd.,IOCL110320,Indian Oil Corporation Ltd,Delisted,F ,500000.00,INE242A14PR5, ,Commercial Papers,-,-,-,-
718564,Indian Oil Corporation Ltd.,IOC11320,Indian Oil Corporation Ltd,Delisted,F ,500000.00,INE242A14PQ7, ,Commercial Papers,-,-,-,-
718565,Indian Oil Corporation Ltd.,IOC110320,Indian Oil Corporation Ltd,Delisted,F ,500000.00,INE242A14PS3, ,Commercial Papers,-,-,-,-
718566,TVS Srichakra Ltd.,TVS120320,TVS Srichakra Ltd,Delisted,F ,500000.00,INE421C14332, ,Commercial Papers,-,-,-,-
718567,NLC India Limited,NLC12320,NLC India Ltd,Delisted,F ,500000.00,INE589A14033, ,Commercial Papers,-,-,-,-
718568,Tata Housing Development Company Limited,THDCL12320,Tata Housing Development Company Ltd,Delisted,F ,500000.00,INE582L14FR2, ,Commercial Papers,-,-,-,-
718569,The Ramco Cements Limited,TRCL12320,The Ramco Cements Ltd,Delisted,F ,500000.00,INE331A14JV1, ,Commercial Papers,-,-,-,-
718570,Daimler Financial Services India Private Limited,DFSI13320,Daimler Financial Services India Pvt Ltd,Delisted,F ,500000.00,INE094O14BZ4, ,Commercial Papers,-,-,-,-
718571,CaratLane Trading Private Limited,CTPL13320,CaratLane Trading Pvt Ltd,Delisted,F ,500000.00,INE015Y14039, ,Commercial Papers,-,-,-,-
718572,Essel Mining & Industries Limited,EMIL13320,Essel Mining & Industries Ltd,Delisted,F ,500000.00,INE077E14BV9, ,Commercial Papers,-,-,-,-
718573,TATA STEEL LIMITED,TSL13320,Tata Steel Ltd,Delisted,F ,500000.00,INE081A14AP3, ,Commercial Papers,-,-,-,-
718574,TV18 Broadcast Ltd.,TV18B13320,TV18 Broadcast Ltd,Delisted,F ,500000.00,INE886H14EK3, ,Commercial Papers,-,-,-,-
718575,Sterlite Technologies Limited.,STL13320,Sterlite Technologies Ltd,Delisted,F ,500000.00,INE089C14AB2, ,Commercial Papers,-,-,-,-
718576,Manappuram Finance Limited,MFL13320,Manappuram Finance Ltd,Delisted,F ,500000.00,INE522D14MH2, ,Commercial Papers,-,-,-,-
718577,Sunteck Realty Ltd,SRL13320,Sunteck Realty Ltd,Delisted,F ,500000.00,INE805D14169, ,Commercial Papers,-,-,-,-
718578,Manappuram Finance Limited,MFL13320A,Manappuram Finance Ltd,Delisted,F ,500000.00,INE522D14MG4, ,Commercial Papers,-,-,-,-
718579,MUTHOOT FINANCE LIMITED,MFL130320,Muthoot Finance Ltd,Delisted,F ,500000.00,INE414G14OD0, ,Commercial Papers,-,-,-,-
718580,HDFC Securities Limited,HDFCS130320,HDFC Securities Ltd,Delisted,F ,500000.00,INE700G14157, ,Commercial Papers,-,-,-,-
718581,Aditya Birla Fashion and Retail Limited,ABFRL13320,Aditya Birla Fashion and Retail Ltd,Delisted,F ,500000.00,INE647O14DG5, ,Commercial Papers,-,-,-,-
718582,Axis Finance Limited,AFL13320,Axis Finance Ltd,Delisted,F ,500000.00,INE891K14JD1, ,Commercial Papers,-,-,-,-
718583,Reliance Jio Infocomm Limited,RJIL130320,Reliance Jio Infocomm Ltd,Delisted,F ,500000.00,INE110L14NW6, ,Commercial Papers,-,-,-,-
718584,Kotak Mahindra Prime Limited,KMPL13320,Kotak Mahindra Prime Ltd,Delisted,F ,500000.00,INE916D14T53, ,Commercial Papers,-,-,-,-
718585,Kotak Mahindra Investments Limited,KMIL13320,Kotak Mahindra Investments Ltd,Delisted,F ,500000.00,INE975F14SU7, ,Commercial Papers,-,-,-,-
718586,National Fertilizers Ltd.,NFL130320,National Fertilizers Ltd,Delisted,F ,500000.00,INE870D14CU9, ,Commercial Papers,-,-,-,-
718587,Reliance Industries Ltd,RIL13320,Reliance Industries Ltd,Delisted,F ,500000.00,INE002A14EP1, ,Commercial Papers,-,-,-,-
718588,Dalmia Cement (Bharat) Limited,DCBL13320,Dalmia Cement (Bharat) Ltd,Delisted,F ,500000.00,INE755K14BR5, ,Commercial Papers,-,-,-,-
718589,Dalmia Cement (Bharat) Limited,DCB13320,Dalmia Cement (Bharat) Ltd,Delisted,F ,500000.00,INE755K14BS3, ,Commercial Papers,-,-,-,-
718590,JSW Steel Limited,JSL13MAR20,JSW Steel Ltd,Delisted,F ,500000.00,INE019A14JA6, ,Commercial Papers,-,-,-,-
718591,JSW Steel Limited,JSL13MAR20A,JSW Steel Ltd,Delisted,F ,500000.00,INE019A14IZ5, ,Commercial Papers,-,-,-,-
718592,Dalmia Bharat Sugar and Industries Ltd,DBSL13320,DBSL-29-5-20-CP,Delisted,F ,500000.00,INE495A14835, ,Commercial Papers,-,-,-,-
718593,Bharat Petroleum Corpn. Ltd.,BPCL16320,Bharat Petroleum Corporation Ltd,Delisted,F ,500000.00,INE029A14881, ,Commercial Papers,-,-,-,-
718594,TV18 Broadcast Ltd.,TV18B16320,TV18 Broadcast Ltd,Delisted,F ,500000.00,INE886H14EL1, ,Commercial Papers,-,-,-,-
718595,Reliance Jio Infocomm Limited,RJIL16320,Reliance Jio Infocomm Ltd,Delisted,F ,500000.00,INE110L14NX4, ,Commercial Papers,-,-,-,-
718596,Vardhman Special Steels Ltd,VSSL16320,Vardhman Special Steels Ltd,Delisted,F ,500000.00,INE050M14650, ,Commercial Papers,-,-,-,-
718597,Manappuram Finance Limited,MFL16320,Manappuram Finance Ltd,Delisted,F ,500000.00,INE522D14MJ8, ,Commercial Papers,-,-,-,-
718598,MUTHOOT FINANCE LIMITED,MFL16032021,Muthoot Finance Ltd,Delisted,F ,500000.00,INE414G14OE8, ,Commercial Papers,-,-,-,-
718599,JSW Steel Limited,JSWSL16320,JSW Steel Ltd,Delisted,F ,500000.00,INE019A14JB4, ,Commercial Papers,-,-,-,-
718600,Manappuram Finance Limited,MFL16032020,Manappuram Finance Ltd,Delisted,F ,500000.00,INE522D14MI0, ,Commercial Papers,-,-,-,-
718601,JSW Steel Limited,JSL16320,JSW Steel Ltd,Delisted,F ,500000.00,INE019A14JC2, ,Commercial Papers,-,-,-,-
718602,Kotak Mahindra Investments Limited,KMIL16320,Kotak Mahindra Investments Ltd,Delisted,F ,500000.00,INE975F14SV5, ,Commercial Papers,-,-,-,-
718603,Julius Baer Capital (India) Private Limited,JBC16320,Julius Baer Capital (India) Pvt Ltd,Delisted,F ,500000.00,INE824H14BY1, ,Commercial Papers,-,-,-,-
718604,Reliance Industries Ltd,RIL16320,Reliance Industries Ltd,Delisted,F ,500000.00,INE002A14ES5, ,Commercial Papers,-,-,-,-
718605,Bombay Burmah Trading Corpn. Ltd.,BBTC16320,Bombay Burmah Trading Corporation Ltd,Delisted,F ,500000.00,INE050A14424, ,Commercial Papers,-,-,-,-
718606,BASF India Ltd,BASF16320,BASF India Ltd,Delisted,F ,500000.00,INE373A14982, ,Commercial Papers,-,-,-,-
718607,Network 18 Media & Investments Limited,NMIL16320,Network 18 Media & Investments Ltd,Delisted,F ,500000.00,INE870H14JN0, ,Commercial Papers,-,-,-,-
718608,Kotak Mahindra Prime Limited,KMPL170320,Kotak Mahindra Prime Ltd,Delisted,F ,500000.00,INE916D14T61, ,Commercial Papers,-,-,-,-
718609,Sterlite Technologies Limited.,STL17320,Sterlite Technologies Ltd,Delisted,F ,500000.00,INE089C14AC0, ,Commercial Papers,-,-,-,-
718610,Dalmia Cement (Bharat) Limited,DCBL17320,Dalmia Cement (Bharat) Ltd,Delisted,F ,500000.00,INE755K14BT1, ,Commercial Papers,-,-,-,-
718611,MUTHOOT FINANCE LIMITED,MFL17320,Muthoot Finance Ltd,Delisted,F ,500000.00,INE414G14OF5, ,Commercial Papers,-,-,-,-
718612,Northern Arc Capital Ltd.,NARC17320,Northern Arc Capital Ltd,Delisted,F ,500000.00,INE850M14885, ,Commercial Papers,-,-,-,-
718613,Sun Pharmaceutical Industries Ltd.,SPIL18320,Sun Pharmaceutical Industries Ltd,Delisted,F ,500000.00,INE044A14567, ,Commercial Papers,-,-,-,-
718614,Network 18 Media & Investments Limited,N18MIL18320,Network 18 Media & Investments Ltd,Delisted,F ,500000.00,INE870H14JO8, ,Commercial Papers,-,-,-,-
718615,STANDARD CHARTERED CAPITAL LIMITED,SCILIL18320,Standard Chartered Investments and Loans (India) Ltd,Delisted,F ,500000.00,INE403G14MN6, ,Commercial Papers,-,-,-,-
718616,Reliance Industries Ltd,RIL18320,Reliance Industries Ltd,Delisted,F ,500000.00,INE002A14ER7, ,Commercial Papers,-,-,-,-
718617,POWER GRID CORPORATION OF INDIA LIMITED,PGCIL180320,Power Grid Corporation of India Ltd,Delisted,F ,500000.00,INE752E14427, ,Commercial Papers,-,-,-,-
718618,Transport Corporation of India Ltd,TCI18320,Transport Corporation of India Ltd,Delisted,F ,500000.00,INE688A14JK7, ,Commercial Papers,-,-,-,-
718619,Hindustan Aeronautics Limited,HAL190320,Hindustan Aeronautics Ltd,Delisted,F ,500000.00,INE066F14023, ,Commercial Papers,-,-,-,-
718620,Network 18 Media & Investments Limited,NMIL19320,Network 18 Media & Investments Ltd,Delisted,F ,500000.00,INE870H14JP5, ,Commercial Papers,-,-,-,-
718621,MUTHOOT FINANCE LIMITED,MFL19320,Muthoot Finance Ltd,Delisted,F ,500000.00,INE414G14OH1, ,Commercial Papers,-,-,-,-
718622,National Fertilizers Ltd.,NFL19320,National Fertilizers Ltd,Delisted,F ,500000.00,INE870D14CV7, ,Commercial Papers,-,-,-,-
718623,REC LIMITED,RECL19320,REC Ltd,Delisted,F ,500000.00,INE020B14649, ,Commercial Papers,-,-,-,-
718624,Julius Baer Capital (India) Private Limited,JBCPL19320,Julius Baer Capital (India) Pvt Ltd,Delisted,F ,500000.00,INE824H14BZ8, ,Commercial Papers,-,-,-,-
718625,Transport Corporation of India Ltd,TCIL19320,Transport Corporation of India Ltd,Delisted,F ,500000.00,INE688A14JL5, ,Commercial Papers,-,-,-,-
718626,NABHA POWER LIMITED,NPL20320,Nabha Power Ltd,Delisted,F ,500000.00,INE445L14BI0, ,Commercial Papers,-,-,-,-
718627,Larsen & Toubro Limited,LT200320,Larsen & Toubro Ltd,Delisted,F ,500000.00,INE018A14HP0, ,Commercial Papers,-,-,-,-
718628,Larsen & Toubro Limited,LT20320A,Larsen & Toubro Ltd,Delisted,F ,500000.00,INE018A14HQ8, ,Commercial Papers,-,-,-,-
718629,Tata Power Co. Ltd,TPCL20320,Tata Power Company Ltd,Delisted,F ,500000.00,INE245A14DB8, ,Commercial Papers,-,-,-,-
718630,Network 18 Media & Investments Limited,NMIL200320,Network 18 Media & Investments Ltd,Delisted,F ,500000.00,INE870H14JQ3, ,Commercial Papers,-,-,-,-
718631,Transport Corporation of India Ltd,TCI20320,Transport Corporation of India Ltd,Delisted,F ,500000.00,INE688A14JM3, ,Commercial Papers,-,-,-,-
718632,Deepak Nitrite Limited,DNL23320,Deepak Nitrite Ltd,Delisted,F ,500000.00,INE288B14378, ,Commercial Papers,-,-,-,-
718633,TV18 Broadcast Ltd.,TV1823320,TV18 Broadcast Ltd,Delisted,F ,500000.00,INE886H14EM9, ,Commercial Papers,-,-,-,-
718634,National Housing Bank,NHB20320,National Housing Bank,Delisted,F ,500000.00,INE557F14EU3, ,Commercial Papers,-,-,-,-
718635,Housing Development Finance Corp.Lt,HDFC23320,Housing Development Finance Corporation Ltd,Delisted,F ,500000.00,INE001A14WL4, ,Commercial Papers,-,-,-,-
718636,Network 18 Media & Investments Limited,N18M23320,Network 18 Media & Investments Ltd,Delisted,F ,500000.00,INE870H14JR1, ,Commercial Papers,-,-,-,-
718637,Reliance Jio Infocomm Limited,RJIO23320,Reliance Jio Infocomm Ltd,Delisted,F ,500000.00,INE110L14NY2, ,Commercial Papers,-,-,-,-
718638,TATA STEEL LIMITED,TATASL2403,Tata Steel Ltd,Delisted,F ,500000.00,INE081A14AQ1, ,Commercial Papers,-,-,-,-
718639,Transport Corporation of India Ltd,TCIL24320,Transport Corporation of India Ltd,Delisted,F ,500000.00,INE688A14JN1, ,Commercial Papers,-,-,-,-
718640,TATA STEEL LIMITED,TATASL24320,Tata Steel Ltd,Delisted,F ,500000.00,INE081A14AR9, ,Commercial Papers,-,-,-,-
718641,birla Group Holdings Private Limited,BGHPL26320,Birla Group Holdings Pvt. Ltd,Delisted,F ,500000.00,INE09OL14367, ,Commercial Papers,-,-,-,-
718642,TRUST INVESTMENT ADVISORS PRIVATE LIMITED,TIAPL27320,TRUST INVESTMENT ADVISORS Pvt Ltd,Delisted,F ,500000.00,INE723X14683, ,Commercial Papers,-,-,-,-
718643,Adani Ports and Special Economic Zone Ltd,APSEZ27320,Adani Ports and Special Economic Zone Ltd,Delisted,F ,500000.00,INE742F14MQ2, ,Commercial Papers,-,-,-,-
718644,TATA STEEL LIMITED,TSL27320,Tata Steel Ltd,Delisted,F ,500000.00,INE081A14AS7, ,Commercial Papers,-,-,-,-
718645,Aditya Birla Fashion and Retail Limited,ABFRL2703,Aditya Birla Fashion and Retail Ltd,Delisted,F ,500000.00,INE647O14DH3, ,Commercial Papers,-,-,-,-
718646,Himadri Speciality Chemical Ltd.,HSCL27320,Himadri Speciality Chemical Ltd,Delisted,F ,500000.00,INE019C14516, ,Commercial Papers,-,-,-,-
718647,Larsen & Toubro Limited,LT3132020,Larsen & Toubro Ltd,Delisted,F ,500000.00,INE018A14HR6, ,Commercial Papers,-,-,-,-
718648,Julius Baer Capital (India) Private Limited,JBCPL3420,Julius Baer Capital (India) Pvt Ltd,Delisted,F ,500000.00,INE824H14CA9, ,Commercial Papers,-,-,-,-
718649,Bharat Heavy Electricals Ltd.,BHEL8420,Bharat Heavy Electricals Ltd,Delisted,F ,500000.00,INE257A14300, ,Commercial Papers,-,-,-,-
718650,Bharat Petroleum Corpn. Ltd.,BPCL9420,Bharat Petroleum Corporation Ltd,Delisted,F ,500000.00,INE029A14931, ,Commercial Papers,-,-,-,-
718651,Steel Authority of India Ltd.,SAIL9420,Steel Authority of India Ltd,Delisted,F ,500000.00,INE114A14IR1, ,Commercial Papers,-,-,-,-
718652,ICICI Securities Limited,ICICISL9420,ICICI Securities Ltd,Delisted,F ,500000.00,INE763G14HW4, ,Commercial Papers,-,-,-,-
718653,Aarti Industries Ltd,AIL9420,Aarti Industries Ltd,Delisted,F ,500000.00,INE769A14544, ,Commercial Papers,-,-,-,-
718654,National Fertilizers Ltd.,NFL9420,National Fertilizers Ltd,Delisted,F ,500000.00,INE870D14CW5, ,Commercial Papers,-,-,-,-
718655,Reliance Industries Ltd,RIL9420,Reliance Industries Ltd,Delisted,F ,500000.00,INE002A14EU1, ,Commercial Papers,-,-,-,-
718656,Reliance Jio Infocomm Limited,RJIL130420,Reliance Jio Infocomm Ltd,Delisted,F ,500000.00,INE110L14NZ9, ,Commercial Papers,-,-,-,-
718657,Axis Finance Limited,AFL15420,Axis Finance Ltd,Delisted,F ,500000.00,INE891K14JE9, ,Commercial Papers,-,-,-,-
718658,Century Textiles & Industries Ltd.,CTIL15420,Century Textiles & Industries Ltd,Delisted,F ,500000.00,INE055A14ID6, ,Commercial Papers,-,-,-,-
718659,Century Textiles & Industries Ltd.,CTIL150420,Century Textiles & Industries Ltd,Delisted,F ,500000.00,INE055A14IE4, ,Commercial Papers,-,-,-,-
718660,Bharat Petroleum Corpn. Ltd.,BPCL15420,Bharat Petroleum Corporation Ltd,Delisted,F ,500000.00,INE029A14956, ,Commercial Papers,-,-,-,-
718661,Bharat Petroleum Corpn. Ltd.,BPCL150420,Bharat Petroleum Corporation Ltd,Delisted,F ,500000.00,INE029A14949, ,Commercial Papers,-,-,-,-
718662,Mahindra & Mahindra Ltd.,MML15420,Mahindra & Mahindra Ltd,Delisted,F ,500000.00,INE101A14102, ,Commercial Papers,-,-,-,-
718663,Mahindra & Mahindra Ltd.,MML150420,Mahindra & Mahindra Ltd,Delisted,F ,500000.00,INE101A14128, ,Commercial Papers,-,-,-,-
718664,Mahindra & Mahindra Ltd.,MML1504,Mahindra & Mahindra Ltd,Delisted,F ,500000.00,INE101A14110, ,Commercial Papers,-,-,-,-
718665,Reliance Industries Ltd,RIL15420,Reliance Industries Ltd,Delisted,F ,500000.00,INE002A14ET3, ,Commercial Papers,-,-,-,-
718666,Network 18 Media & Investments Limited,N18MI164,Network 18 Media & Investments Ltd,Delisted,F ,500000.00,INE870H14JS9, ,Commercial Papers,-,-,-,-
718667,Steel Authority of India Ltd.,SAIL17420,Steel Authority of India Ltd,Delisted,F ,500000.00,INE114A14IS9, ,Commercial Papers,-,-,-,-
718668,Network 18 Media & Investments Limited,N18MI17420,Network 18 Media & Investments Ltd,Delisted,F ,500000.00,INE870H14JT7, ,Commercial Papers,-,-,-,-
718669,Indian Oil Corporation Ltd.,IOCL17420,Indian Oil Corporation Ltd,Delisted,F ,500000.00,INE242A14QG6, ,Commercial Papers,-,-,-,-
718670,Reliance Jio Infocomm Limited,RJIL17420,Reliance Jio Infocomm Ltd,Delisted,F ,500000.00,INE110L14OA0, ,Commercial Papers,-,-,-,-
718671,E.I.D. Parry (India) Ltd.,EIDPI17420,EID Parry (India) Ltd,Delisted,F ,500000.00,INE126A14DZ9, ,Commercial Papers,-,-,-,-
718672,Axis Finance Limited,AFL20420,Axis Finance Ltd,Delisted,F ,500000.00,INE891K14JF6, ,Commercial Papers,-,-,-,-
718673,ICICI Securities Primary Dealership Limited,ICICISPD204,ICICI Securities Primary Dealership Ltd,Delisted,F ,500000.00,INE849D14GO7, ,Commercial Papers,-,-,-,-
718674,Steel Authority of India Ltd.,SAIL20420,Steel Authority of India Ltd,Delisted,F ,500000.00,INE114A14IT7, ,Commercial Papers,-,-,-,-
718675,Century Textiles & Industries Ltd.,CTIL200420,Century Textiles & Industries Ltd,Delisted,F ,500000.00,INE055A14IF1, ,Commercial Papers,-,-,-,-
718676,Network 18 Media & Investments Limited,N18MI20420,Network 18 Media & Investments Ltd,Delisted,F ,500000.00,INE870H14JU5, ,Commercial Papers,-,-,-,-
718677,NLC India Limited,NLC20420,NLC India Ltd,Delisted,F ,500000.00,INE589A14041, ,Commercial Papers,-,-,-,-
718678,Indian Oil Corporation Ltd.,IOCL20420,Indian Oil Corporation Ltd,Delisted,F ,500000.00,INE242A14QH4, ,Commercial Papers,-,-,-,-
718679,Reliance Jio Infocomm Limited,RJIL20420,Reliance Jio Infocomm Ltd,Delisted,F ,500000.00,INE110L14OB8, ,Commercial Papers,-,-,-,-
718680,Aditya Birla Fashion and Retail Limited,ABFR20420,Aditya Birla Fashion and Retail Ltd,Delisted,F ,500000.00,INE647O14DI1, ,Commercial Papers,-,-,-,-
718681,POWER GRID CORPORATION OF INDIA LIMITED,PGC20420,Power Grid Corporation of India Ltd,Delisted,F ,500000.00,INE752E14435, ,Commercial Papers,-,-,-,-
718682,Kotak Mahindra Prime Limited,KMPL21420,Kotak Mahindra Prime Ltd,Delisted,F ,500000.00,INE916D14T79, ,Commercial Papers,-,-,-,-
718683,Kotak Mahindra Investments Limited,KMIL21420,Kotak Mahindra Investments Ltd,Delisted,F ,500000.00,INE975F14SW3, ,Commercial Papers,-,-,-,-
718684,ONGC Mangalore Petrochemicals Limited,ONGCM214,ONGC Mangalore Petrochemicals Ltd,Delisted,F ,500000.00,INE053T14AP2, ,Commercial Papers,-,-,-,-
718685,Reliance Industries Ltd,RIL21420,Reliance Industries Ltd,Delisted,F ,500000.00,INE002A14EV9, ,Commercial Papers,-,-,-,-
718686,ICICI Securities Limited,ICICISEC214,ICICI Securities Ltd,Delisted,F ,500000.00,INE763G14HX2, ,Commercial Papers,-,-,-,-
718687,The Ramco Cements Limited,RCL22420,The Ramco Cements Ltd,Delisted,F ,500000.00,INE331A14JW9, ,Commercial Papers,-,-,-,-
718688,MUTHOOT FINANCE LIMITED,MFL22420,Muthoot Finance Ltd,Delisted,F ,500000.00,INE414G14OI9, ,Commercial Papers,-,-,-,-
718689,MUTHOOT FINANCE LIMITED,MFL220420,Muthoot Finance Ltd,Delisted,F ,500000.00,INE414G14OK5, ,Commercial Papers,-,-,-,-
718690,Aditya Birla Fashion and Retail Limited,ABFR22420,Aditya Birla Fashion and Retail Ltd,Delisted,F ,500000.00,INE647O14DJ9, ,Commercial Papers,-,-,-,-
718691,Vardhman Textiles Limted,VTL23420,Vardhman Textiles Limted,Delisted,F ,500000.00,INE825A14890, ,Commercial Papers,-,-,-,-
718692,The Ramco Cements Limited,RCL23420,The Ramco Cements Ltd,Delisted,F ,500000.00,INE331A14JX7, ,Commercial Papers,-,-,-,-
718693,National Fertilizers Ltd.,NFL23420,National Fertilizers Ltd,Delisted,F ,500000.00,INE870D14CX3, ,Commercial Papers,-,-,-,-
718694,MUTHOOT FINANCE LIMITED,MFL23420,Muthoot Finance Ltd,Delisted,F ,500000.00,INE414G14OJ7, ,Commercial Papers,-,-,-,-
718695,Grasim Industries Ltd,GIL23420,Grasim Industries Ltd,Delisted,F ,500000.00,INE047A14644, ,Commercial Papers,-,-,-,-
718696,Indian Oil Corporation Ltd.,IOCL23420,Indian Oil Corporation Ltd,Delisted,F ,500000.00,INE242A14QI2, ,Commercial Papers,-,-,-,-
718697,NABHA POWER LIMITED,NPL23420,Nabha Power Ltd,Delisted,F ,500000.00,INE445L14BJ8, ,Commercial Papers,-,-,-,-
718698,ICICI HOME FINANCE COMPANY LIMITED,ICICIHFC234,ICICI HOME FINANCE COMPANY Ltd,Delisted,F ,500000.00,INE071G14DE9, ,Commercial Papers,-,-,-,-
718699,Mahindra Rural Housing Finance Limited,MRHF23420,Mahindra Rural Housing Finance Ltd,Delisted,F ,500000.00,INE950O14BO1, ,Commercial Papers,-,-,-,-
718700,Reliance Industries Ltd,RIL23420,Reliance Industries Ltd,Delisted,F ,500000.00,INE002A14EW7, ,Commercial Papers,-,-,-,-
718701,Reliance Industries Ltd,RIL230420,Reliance Industries Ltd,Delisted,F ,500000.00,INE002A14EX5, ,Commercial Papers,-,-,-,-
718702,Manappuram Finance Limited,MFL2342020,Manappuram Finance Ltd,Delisted,F ,500000.00,INE522D14MK6, ,Commercial Papers,-,-,-,-
718703,Manappuram Finance Limited,MFL23042020,Manappuram Finance Ltd,Delisted,F ,500000.00,INE522D14ML4, ,Commercial Papers,-,-,-,-
718704,POWER GRID CORPORATION OF INDIA LIMITED,PGC23420,Power Grid Corporation of India Ltd,Delisted,F ,500000.00,INE752E14443, ,Commercial Papers,-,-,-,-
718705,Vardhman Textiles Limted,VTL24420,Vardhman Textiles Limted,Delisted,F ,500000.00,INE825A14882, ,Commercial Papers,-,-,-,-
718706,Vardhman Special Steels Ltd,VSSL24420,Vardhman Special Steels Ltd,Delisted,F ,500000.00,INE050M14668, ,Commercial Papers,-,-,-,-
718707,MUTHOOT FINANCE LIMITED,MFL24420,Muthoot Finance Ltd,Delisted,F ,500000.00,INE414G14OL3, ,Commercial Papers,-,-,-,-
718708,The Ramco Cements Limited,RCL24420,The Ramco Cements Ltd,Delisted,F ,500000.00,INE331A14JY5, ,Commercial Papers,-,-,-,-
718709,Essel Mining & Industries Limited,EMIL24420,Essel Mining & Industries Ltd,Delisted,F ,500000.00,INE077E14BW7, ,Commercial Papers,-,-,-,-
718710,Reliance Jio Infocomm Limited,RJIL24420,Reliance Jio Infocomm Ltd,Delisted,F ,500000.00,INE110L14OC6, ,Commercial Papers,-,-,-,-
718711,Reliance Industries Ltd,RIL24420,Reliance Industries Ltd,Delisted,F ,500000.00,INE002A14EY3, ,Commercial Papers,-,-,-,-
718712,Dalmia Cement (Bharat) Limited,DCL24042020,Dalmia Cement (Bharat) Ltd,Delisted,F ,500000.00,INE755K14BU9, ,Commercial Papers,-,-,-,-
718713,Axis Finance Limited,AFL27420,Axis Finance Ltd,Delisted,F ,500000.00,INE891K14JG4, ,Commercial Papers,-,-,-,-
718714,MUTHOOT FINANCE LIMITED,MFL27420,Muthoot Finance Ltd,Delisted,F ,500000.00,INE414G14OM1, ,Commercial Papers,-,-,-,-
718715,Network 18 Media & Investments Limited,N18MI27420,Network 18 Media & Investments Ltd,Delisted,F ,500000.00,INE870H14JV3, ,Commercial Papers,-,-,-,-
718716,Grasim Industries Ltd,GIL27420,Grasim Industries Ltd,Delisted,F ,500000.00,INE047A14651, ,Commercial Papers,-,-,-,-
718717,KEC International Ltd.,KECIL27420,KEC International Ltd,Delisted,F ,500000.00,INE389H14FD0, ,Commercial Papers,-,-,-,-
718718,Manappuram Finance Limited,MFL27042020,Manappuram Finance Ltd,Delisted,F ,500000.00,INE522D14MM2, ,Commercial Papers,-,-,-,-
718719,APL Apollo Tubes Limited,APLAT274,APL Apollo Tubes Ltd,Delisted,F ,500000.00,INE702C14AX4, ,Commercial Papers,-,-,-,-
718720,Reliance Jio Infocomm Limited,RJIL27420,Reliance Jio Infocomm Ltd,Delisted,F ,500000.00,INE110L14OD4, ,Commercial Papers,-,-,-,-
718721,Dalmia Cement (Bharat) Limited,DCL27420,Dalmia Cement (Bharat) Ltd,Delisted,F ,500000.00,INE755K14BW5, ,Commercial Papers,-,-,-,-
718722,Housing Development Finance Corp.Lt,HDFC270420,Housing Development Finance Corporation Ltd,Delisted,F ,500000.00,INE001A14WN0, ,Commercial Papers,-,-,-,-
718723,MUTHOOT FINANCE LIMITED,MFL28420,Muthoot Finance Ltd,Delisted,F ,500000.00,INE414G14ON9, ,Commercial Papers,-,-,-,-
718724,TV18 Broadcast Ltd.,TV1828420,TV18 Broadcast Ltd,Delisted,F ,500000.00,INE886H14EN7, ,Commercial Papers,-,-,-,-
718725,Housing Development Finance Corp.Lt,HDFC27420,Housing Development Finance Corporation Ltd,Delisted,F ,500000.00,INE001A14WM2, ,Commercial Papers,-,-,-,-
718726,MUTHOOT FINANCE LIMITED,MFL29420,Muthoot Finance Ltd,Delisted,F ,500000.00,INE414G14OO7, ,Commercial Papers,-,-,-,-
718727,BASF India Ltd,BASF29420,BASF India Ltd,Delisted,F ,500000.00,INE373A14990, ,Commercial Papers,-,-,-,-
718728,Power Finance Corporation Ltd,PFC29420,Power Finance Corporation Ltd,Delisted,F ,500000.00,INE134E14AQ0, ,Commercial Papers,-,-,-,-
718729,Time Technoplast Limited,TTL29420,Time Technoplast Ltd,Delisted,F ,500000.00,INE508G14899, ,Commercial Papers,-,-,-,-
718730,Motilal Oswal Financial Services Limited,MOFSL29420,Motilal Oswal Financial Services Ltd,Delisted,F ,500000.00,INE338I14BP8, ,Commercial Papers,-,-,-,-
718731,Network 18 Media & Investments Limited,N18MI29420,Network 18 Media & Investments Ltd,Delisted,F ,500000.00,INE870H14JW1, ,Commercial Papers,-,-,-,-
718732,Oil And Natural Gas Corporation Ltd,ONGC30420,Oil and Natural Gas Corporation Ltd,Delisted,F ,500000.00,INE213A14162, ,Commercial Papers,-,-,-,-
718733,NABHA POWER LIMITED,NPL30420,Nabha Power Ltd,Delisted,F ,500000.00,INE445L14BK6, ,Commercial Papers,-,-,-,-
718734,Network 18 Media & Investments Limited,N18MI30420,Network 18 Media & Investments Ltd,Delisted,F ,500000.00,INE870H14JX9, ,Commercial Papers,-,-,-,-
718735,Indian Oil Corporation Ltd.,IOCL30420,Indian Oil Corporation Ltd,Delisted,F ,500000.00,INE242A14QJ0, ,Commercial Papers,-,-,-,-
718736,TV18 Broadcast Ltd.,TV18B30420,TV18 Broadcast Ltd,Delisted,F ,500000.00,INE886H14EO5, ,Commercial Papers,-,-,-,-
718737,Bombay Burmah Trading Corpn. Ltd.,BBTC30420,Bombay Burmah Trading Corporation Ltd,Delisted,F ,500000.00,INE050A14432, ,Commercial Papers,-,-,-,-
718738,Bharat Heavy Electricals Ltd.,BHEL30420,Bharat Heavy Electricals Ltd,Delisted,F ,500000.00,INE257A14318, ,Commercial Papers,-,-,-,-
718739,Aditya Birla Fashion and Retail Limited,ABFR30420,Aditya Birla Fashion and Retail Ltd,Delisted,F ,500000.00,INE647O14DK7, ,Commercial Papers,-,-,-,-
718740,Dalmia Cement (Bharat) Limited,DCBL30420,Dalmia Cement (Bharat) Ltd,Delisted,F ,500000.00,INE755K14BV7, ,Commercial Papers,-,-,-,-
718741,Bombay Burmah Trading Corpn. Ltd.,BBTC304,Bombay Burmah Trading Corporation Ltd,Delisted,F ,500000.00,INE050A14440, ,Commercial Papers,-,-,-,-
718742,Reliance Jio Infocomm Limited,RJIL4520,Reliance Jio Infocomm Ltd,Delisted,F ,500000.00,INE110L14OE2, ,Commercial Papers,-,-,-,-
718743,Reliance Industries Ltd,RIL4520,Reliance Industries Ltd,Delisted,F ,500000.00,INE002A14FA0, ,Commercial Papers,-,-,-,-
718744,Reliance Industries Ltd,RIL04520,Reliance Industries Ltd,Delisted,F ,500000.00,INE002A14FC6, ,Commercial Papers,-,-,-,-
718745,Chennai Petroleum Corporation Ltd.,CPCL4520,Chennai Petroleum Corporation Ltd,Delisted,F ,500000.00,INE178A14FL5, ,Commercial Papers,-,-,-,-
718746,Chennai Petroleum Corporation Ltd.,CPCL04520,Chennai Petroleum Corporation Ltd,Delisted,F ,500000.00,INE178A14FN1, ,Commercial Papers,-,-,-,-
718747,Steel Authority of India Ltd.,SAIL5520,Steel Authority of India Ltd,Delisted,F ,500000.00,INE114A14IU5, ,Commercial Papers,-,-,-,-
718748,Chennai Petroleum Corporation Ltd.,CPCL5520,Chennai Petroleum Corporation Ltd,Delisted,F ,500000.00,INE178A14FK7, ,Commercial Papers,-,-,-,-
718749,GIC Housing Finance Ltd.,GICHF5520,GIC Housing Finance Ltd,Delisted,F ,500000.00,INE289B14GC5, ,Commercial Papers,-,-,-,-
718750,Indian Oil Corporation Ltd.,IOCL5520,Indian Oil Corporation Ltd,Delisted,F ,500000.00,INE242A14QM4, ,Commercial Papers,-,-,-,-
718751,Indian Oil Corporation Ltd.,IOCL05520,Indian Oil Corporation Ltd,Delisted,F ,500000.00,INE242A14QN2, ,Commercial Papers,-,-,-,-
718752,Reliance Industries Ltd,RIL5520,Reliance Industries Ltd,Delisted,F ,500000.00,INE002A14FB8, ,Commercial Papers,-,-,-,-
718753,Reliance Industries Ltd,RIL05520,Reliance Industries Ltd,Delisted,F ,500000.00,INE002A14EZ0, ,Commercial Papers,-,-,-,-
718754,TV18 Broadcast Ltd.,TV186520,TV18 Broadcast Ltd,Delisted,F ,500000.00,INE886H14EQ0, ,Commercial Papers,-,-,-,-
718755,Bharat Petroleum Corpn. Ltd.,BPCL6520,Bharat Petroleum Corporation Ltd,Delisted,F ,500000.00,INE029A14998, ,Commercial Papers,-,-,-,-
718756,STANDARD CHARTERED CAPITAL LIMITED,SCIL6520,Standard Chartered Investments and Loans (India) Ltd,Delisted,F ,500000.00,INE403G14MO4, ,Commercial Papers,-,-,-,-
718757,Reliance Jio Infocomm Limited,RJIL6520,Reliance Jio Infocomm Ltd,Delisted,F ,500000.00,INE110L14OF9, ,Commercial Papers,-,-,-,-
718758,Indian Oil Corporation Ltd.,IOCL6520,Indian Oil Corporation Ltd,Delisted,F ,500000.00,INE242A14QO0, ,Commercial Papers,-,-,-,-
718759,Indian Oil Corporation Ltd.,IOCL06520,Indian Oil Corporation Ltd,Delisted,F ,500000.00,INE242A14QP7, ,Commercial Papers,-,-,-,-
718760,ONGC Mangalore Petrochemicals Limited,ONMP8520,ONGC Mangalore Petrochemicals Ltd,Delisted,F ,500000.00,INE053T14AQ0, ,Commercial Papers,-,-,-,-
718761,Reliance Retail Limited,RRL8520,Reliance Retail Ltd,Delisted,F ,500000.00,INE742O14DZ4, ,Commercial Papers,-,-,-,-
718762,Reliance Retail Limited,RRL08520,Reliance Retail Ltd,Delisted,F ,500000.00,INE742O14EA5, ,Commercial Papers,-,-,-,-
718763,Reliance Jio Infocomm Limited,RJIL8520,Reliance Jio Infocomm Ltd,Delisted,F ,500000.00,INE110L14OG7, ,Commercial Papers,-,-,-,-
718764,STANDARD CHARTERED CAPITAL LIMITED,SCIL8520,Standard Chartered Investments and Loans (India) Ltd,Delisted,F ,500000.00,INE403G14MP1, ,Commercial Papers,-,-,-,-
718765,Axis Finance Limited,AFL11520,Axis Finance Ltd,Delisted,F ,500000.00,INE891K14JH2, ,Commercial Papers,-,-,-,-
718766,Network 18 Media & Investments Limited,N18MI11520,Network 18 Media & Investments Ltd,Delisted,F ,500000.00,INE870H14JY7, ,Commercial Papers,-,-,-,-
718767,Network 18 Media & Investments Limited,N18MI1105,Network 18 Media & Investments Ltd,Delisted,F ,500000.00,INE870H14JZ4, ,Commercial Papers,-,-,-,-
718768,TV18 Broadcast Ltd.,TV18B11520,TV18 Broadcast Ltd,Delisted,F ,500000.00,INE886H14ER8, ,Commercial Papers,-,-,-,-
718769,TV18 Broadcast Ltd.,TV18B1105,TV18 Broadcast Ltd,Delisted,F ,500000.00,INE886H14ES6, ,Commercial Papers,-,-,-,-
718770,TV18 Broadcast Ltd.,TV18BL115,TV18 Broadcast Ltd,Delisted,F ,500000.00,INE886H14ET4, ,Commercial Papers,-,-,-,-
718771,Reliance Jio Infocomm Limited,RJIL11520,Reliance Jio Infocomm Ltd,Delisted,F ,500000.00,INE110L14OH5, ,Commercial Papers,-,-,-,-
718772,Reliance Industries Ltd,RIL11520,Reliance Industries Ltd,Delisted,F ,500000.00,INE002A14FD4, ,Commercial Papers,-,-,-,-
718773,Reliance Industries Ltd,RIL110520,Reliance Industries Ltd,Delisted,F ,500000.00,INE002A14FE2, ,Commercial Papers,-,-,-,-
718774,Oil And Natural Gas Corporation Ltd,ONGC12520,Oil and Natural Gas Corporation Ltd,Delisted,F ,500000.00,INE213A14170, ,Commercial Papers,-,-,-,-
718775,TV18 Broadcast Ltd.,TV18B12520,TV18 Broadcast Ltd,Delisted,F ,500000.00,INE886H14EP2, ,Commercial Papers,-,-,-,-
718776,Reliance Jio Infocomm Limited,RJIL12520,Reliance Jio Infocomm Ltd,Delisted,F ,500000.00,INE110L14OI3, ,Commercial Papers,-,-,-,-
718777,Larsen & Toubro Limited,L&T14520,Larsen & Toubro Ltd,Delisted,F ,500000.00,INE018A14HS4, ,Commercial Papers,-,-,-,-
718778,Housing Development Finance Corp.Lt,HDFC14520,Housing Development Finance Corporation Ltd,Delisted,F ,500000.00,INE001A14WO8, ,Commercial Papers,-,-,-,-
718779,Steel Authority of India Ltd.,SAIL14520,Steel Authority of India Ltd,Delisted,F ,500000.00,INE114A14IV3, ,Commercial Papers,-,-,-,-
718780,CaratLane Trading Private Limited,CTPL14520,CaratLane Trading Pvt Ltd,Delisted,F ,500000.00,INE015Y14047, ,Commercial Papers,-,-,-,-
718781,Oil And Natural Gas Corporation Ltd,ONGC15520,Oil and Natural Gas Corporation Ltd,Delisted,F ,500000.00,INE213A14188, ,Commercial Papers,-,-,-,-
718782,GIC Housing Finance Ltd.,GICHF15520,GIC Housing Finance Ltd,Delisted,F ,500000.00,INE289B14GD3, ,Commercial Papers,-,-,-,-
718783,Motilal Oswal Finvest Limited,MOFL15520,Motilal Oswal Finvest Ltd,Delisted,F ,500000.00,INE01WN14108, ,Commercial Papers,-,-,-,-
718784,Bajaj Finance Limited,BFL15520,Bajaj Finance Ltd,Delisted,F ,500000.00,INE296A14QO6, ,Commercial Papers,-,-,-,-
718785,Julius Baer Capital (India) Private Limited,JBC15520,Julius Baer Capital (India) Pvt Ltd,Delisted,F ,500000.00,INE824H14CB7, ,Commercial Papers,-,-,-,-
718786,The Ramco Cements Limited,RCL15520,The Ramco Cements Ltd,Delisted,F ,500000.00,INE331A14JZ2, ,Commercial Papers,-,-,-,-
718787,Manappuram Finance Limited,MFL15520,Manappuram Finance Ltd,Delisted,F ,500000.00,INE522D14MN0, ,Commercial Papers,-,-,-,-
718788,Manappuram Finance Limited,MFL150520,Manappuram Finance Ltd,Delisted,F ,500000.00,INE522D14MP5, ,Commercial Papers,-,-,-,-
718789,Reliance Jio Infocomm Limited,RJIL15520,Reliance Jio Infocomm Ltd,Delisted,F ,500000.00,INE110L14OJ1, ,Commercial Papers,-,-,-,-
718790,ICICI Securities Limited,ICICISEC155,ICICI Securities Ltd,Delisted,F ,500000.00,INE763G14HZ7, ,Commercial Papers,-,-,-,-
718791,ICICI Securities Limited,ISEC150520,ICICI Securities Ltd,Delisted,F ,500000.00,INE763G14HY0, ,Commercial Papers,-,-,-,-
718792,Dalmia Bharat Sugar and Industries Ltd,DBSI15520,Dalmia Bharat Sugar and Industries Ltd,Delisted,F ,500000.00,INE495A14843, ,Commercial Papers,-,-,-,-
718793,Transport Corporation of India Ltd,TCI15520,Transport Corporation of India Ltd,Delisted,F ,500000.00,INE688A14J09, ,Commercial Papers,-,-,-,-
718794,Bajaj Finance Limited,BFL18520,Bajaj Finance Ltd,Delisted,F ,500000.00,INE296A14QN8, ,Commercial Papers,-,-,-,-
718795,Manappuram Finance Limited,MFL18520,Manappuram Finance Ltd,Delisted,F ,500000.00,INE522D14MO8, ,Commercial Papers,-,-,-,-
718796,Aditya Birla Fashion and Retail Limited,ABFR18520,Aditya Birla Fashion and Retail Ltd,Delisted,F ,500000.00,INE647O14DL5, ,Commercial Papers,-,-,-,-
718797,Network 18 Media & Investments Limited,N18MI18520,Network 18 Media & Investments Ltd,Delisted,F ,500000.00,INE870H14KA5, ,Commercial Papers,-,-,-,-
718798,MUTHOOT FINANCE LIMITED,MFL180520,Muthoot Finance Ltd,Delisted,F ,500000.00,INE414G14OS8, ,Commercial Papers,-,-,-,-
718799,MUTHOOT FINANCE LIMITED,MFL1852020,Muthoot Finance Ltd,Delisted,F ,500000.00,INE414G14OR0, ,Commercial Papers,-,-,-,-
718800,Reliance Jio Infocomm Limited,RJIL18520,Reliance Jio Infocomm Ltd,Delisted,F ,500000.00,INE110L14OK9, ,Commercial Papers,-,-,-,-
718801,Reliance Industries Ltd,RIL18520,Reliance Industries Ltd,Delisted,F ,500000.00,INE002A14FF9, ,Commercial Papers,-,-,-,-
718802,MUTHOOT FINANCE LIMITED,MFL19520,Muthoot Finance Ltd,Delisted,F ,500000.00,INE414G14OP4, ,Commercial Papers,-,-,-,-
718803,Bajaj Finance Limited,BFL19520,Bajaj Finance Ltd,Delisted,F ,500000.00,INE296A14QP3, ,Commercial Papers,-,-,-,-
718804,Network 18 Media & Investments Limited,N18MI19520,Network 18 Media & Investments Ltd,Delisted,F ,500000.00,INE870H14KB3, ,Commercial Papers,-,-,-,-
718805,Grasim Industries Ltd,GIL15520,Grasim Industries Ltd,Delisted,F ,500000.00,INE047A14669, ,Commercial Papers,-,-,-,-
718806,Steel Authority of India Ltd.,SAIL19520,Steel Authority of India Ltd,Delisted,F ,500000.00,INE114A14IW1, ,Commercial Papers,-,-,-,-
718807,Reliance Industries Ltd,RIL19520,Reliance Industries Ltd,Delisted,F ,500000.00,INE002A14FG7, ,Commercial Papers,-,-,-,-
718808,ICICI Securities Limited,ISEC19520,ICICI Securities Ltd,Delisted,F ,500000.00,INE763G14IA8, ,Commercial Papers,-,-,-,-
718809,POWER GRID CORPORATION OF INDIA LIMITED,PGC19520,Power Grid Corporation of India Ltd,Delisted,F ,500000.00,INE752E14450, ,Commercial Papers,-,-,-,-
718810,JSW Steel Limited,JSW19520,JSW Steel Ltd,Delisted,F ,500000.00,INE019A14JD0, ,Commercial Papers,-,-,-,-
718811,Mangalore Refinery & Petrochemicals,MRPL20520,Mangalore Refinery and Petrochemicals Ltd,Delisted,F ,500000.00,INE103A14124, ,Commercial Papers,-,-,-,-
718812,STANDARD CHARTERED CAPITAL LIMITED,SCIL19520,Standard Chartered Investments and Loans (India) Ltd,Delisted,F ,500000.00,INE403G14MQ9, ,Commercial Papers,-,-,-,-
718813,MUTHOOT FINANCE LIMITED,MFL20520,Muthoot Finance Ltd,Delisted,F ,500000.00,INE414G14OQ2, ,Commercial Papers,-,-,-,-
718814,Manappuram Finance Limited,MFL200520,Manappuram Finance Ltd,Delisted,F ,500000.00,INE522D14MQ3, ,Commercial Papers,-,-,-,-
718815,Bajaj Finance Limited,BFL200520,Bajaj Finance Ltd,Delisted,F ,500000.00,INE296A14QQ1, ,Commercial Papers,-,-,-,-
718816,TV18 Broadcast Ltd.,TV1820520,TV18 Broadcast Ltd,Delisted,F ,500000.00,INE886H14EU2, ,Commercial Papers,-,-,-,-
718817,Network 18 Media & Investments Limited,N18MI205,Network 18 Media & Investments Ltd,Delisted,F ,500000.00,INE870H14KC1, ,Commercial Papers,-,-,-,-
718818,Aarti Industries Ltd,AIL200520,Aarti Industries Ltd,Delisted,F ,500000.00,INE769A14551, ,Commercial Papers,-,-,-,-
718819,Dalmia Cement (Bharat) Limited,DCBL20520,Dalmia Cement (Bharat) Ltd,Delisted,F ,500000.00,INE755K14BX3, ,Commercial Papers,-,-,-,-
718820,Adani Ports and Special Economic Zone Ltd,APSEZ215,Adani Ports and Special Economic Zone Ltd,Delisted,F ,500000.00,INE742F14MS8, ,Commercial Papers,-,-,-,-
718821,Adani Ports and Special Economic Zone Ltd,APSEZ2105,Adani Ports and Special Economic Zone Ltd,Delisted,F ,500000.00,INE742F14MR0, ,Commercial Papers,-,-,-,-
718822,Can Fin Homes Ltd.,CFHL21520,Can Fin Homes Ltd,Delisted,F ,500000.00,INE477A14AT5, ,Commercial Papers,-,-,-,-
718823,ICICI Securities Limited,ISEC21520,ICICI Securities Ltd,Delisted,F ,500000.00,INE763G14IB6, ,Commercial Papers,-,-,-,-
718824,Kotak Securities Limited,KSL22520,Kotak Securities Ltd,Delisted,F ,500000.00,INE028E14GX7, ,Commercial Papers,-,-,-,-
718825,Motilal Oswal Financial Services Limited,MOFS22520,Motilal Oswal Financial Services Ltd,Delisted,F ,500000.00,INE338I14BQ6, ,Commercial Papers,-,-,-,-
718826,Julius Baer Capital (India) Private Limited,JBCP22520,Julius Baer Capital (India) Pvt Ltd,Delisted,F ,500000.00,INE824H14CC5, ,Commercial Papers,-,-,-,-
718827,Transport Corporation of India Ltd,TCIL22520,Transport Corporation of India Ltd,Delisted,F ,500000.00,INE688A14JP6, ,Commercial Papers,-,-,-,-
718828,Kotak Securities Limited,KSL26520,Kotak Securities Ltd,Delisted,F ,500000.00,INE028E14GY5, ,Commercial Papers,-,-,-,-
718829,Aditya Birla Fashion and Retail Limited,ABFR26520,Aditya Birla Fashion and Retail Ltd,Delisted,F ,500000.00,INE647O14DM3, ,Commercial Papers,-,-,-,-
718830,Dalmia Cement (Bharat) Limited,DCL26520,Dalmia Cement (Bharat) Ltd,Delisted,F ,500000.00,INE755K14BY1, ,Commercial Papers,-,-,-,-
718831,TATA STEEL LIMITED,TSL26520,Tata Steel Ltd,Delisted,F ,500000.00,INE081A14AT5, ,Commercial Papers,-,-,-,-
718832,Housing Development Finance Corp.Lt,HDFC26520,Housing Development Finance Corporation Ltd,Delisted,F ,500000.00,INE001A14WP5, ,Commercial Papers,-,-,-,-
718833,ICICI Securities Limited,ISEC26520,ICICI Securities Ltd,Delisted,F ,500000.00,INE763G14IC4, ,Commercial Papers,-,-,-,-
718834,Transport Corporation of India Ltd,TCIL26520,Transport Corporation of India Ltd,Delisted,F ,500000.00,INE688A14JQ4, ,Commercial Papers,-,-,-,-
718835,Reliance Jio Infocomm Limited,RJIL26520,Reliance Jio Infocomm Ltd,Delisted,F ,500000.00,INE110L14OL7, ,Commercial Papers,-,-,-,-
718836,Can Fin Homes Ltd.,CFHL26520,Can Fin Homes Ltd,Delisted,F ,500000.00,INE477A14AU3, ,Commercial Papers,-,-,-,-
718837,SBI CARDS AND PAYMENT SERVICES LIMITED,SCARD265,SBI Cards and Payment Services Ltd,Delisted,F ,500000.00,INE018E14OQ6, ,Commercial Papers,-,-,-,-
718838,STANDARD CHARTERED CAPITAL LIMITED,SCIL26520,Standard Chartered Investments and Loans (India) Ltd,Delisted,F ,500000.00,INE403G14MR7, ,Commercial Papers,-,-,-,-
718839,Dalmia Cement (Bharat) Limited,DCL27520,Dalmia Cement (Bharat) Ltd,Delisted,F ,500000.00,INE755K14BZ8, ,Commercial Papers,-,-,-,-
718840,Axis Finance Limited,AFL27520,Axis Finance Ltd,Delisted,F ,500000.00,INE891K14JI0, ,Commercial Papers,-,-,-,-
718841,Aditya Birla Fashion and Retail Limited,ABFR27520,Aditya Birla Fashion and Retail Ltd,Delisted,F ,500000.00,INE647O14DN1, ,Commercial Papers,-,-,-,-
718842,birla Group Holdings Private Limited,BGHP27520,Birla Group Holdings Pvt. Ltd,Delisted,F ,500000.00,INE09OL14375, ,Commercial Papers,-,-,-,-
718843,GIC Housing Finance Ltd.,GICHF27520,GIC Housing Finance Ltd,Delisted,F ,500000.00,INE289B14GE1, ,Commercial Papers,-,-,-,-
718844,Larsen & Toubro Limited,LT27520,Larsen & Toubro Ltd,Delisted,F ,500000.00,INE018A14HS4, ,Commercial Papers,-,-,-,-
718845,Transport Corporation of India Ltd,TCI27520,Transport Corporation of India Ltd,Delisted,F ,500000.00,INE688A14JR2, ,Commercial Papers,-,-,-,-
718846,Reliance Jio Infocomm Limited,RJIL27520,Reliance Jio Infocomm Ltd,Delisted,F ,500000.00,INE110L14OM5, ,Commercial Papers,-,-,-,-
718847,RUPA & COMPANY LIMITED,RUPA27520,RUPA & COMPANY Ltd,Delisted,F ,500000.00,INE895B14354, ,Commercial Papers,-,-,-,-
718848,STANDARD CHARTERED CAPITAL LIMITED,SCIL27520,Standard Chartered Investments and Loans (India) Ltd,Delisted,F ,500000.00,INE403G14MS5, ,Commercial Papers,-,-,-,-
718849,Bharat Heavy Electricals Ltd.,BHEL28520,Bharat Heavy Electricals Ltd,Delisted,F ,500000.00,INE257A14326, ,Commercial Papers,-,-,-,-
718850,BASF India Ltd,BASF28520,BASF India Ltd,Delisted,F ,500000.00,INE373A14AA6, ,Commercial Papers,-,-,-,-
718851,Larsen & Toubro Limited,LT29520,Larsen & Toubro Ltd,Delisted,F ,500000.00,INE018A14HU0, ,Commercial Papers,-,-,-,-
718852,Reliance Industries Ltd,RIL29520,Reliance Industries Ltd,Delisted,F ,500000.00,INE002A14FH5, ,Commercial Papers,-,-,-,-
718853,E.I.D. Parry (India) Ltd.,EID29520,EID Parry (India) Ltd,Delisted,F ,500000.00,INE126A14EA0, ,Commercial Papers,-,-,-,-
718854,NLC India Limited,NLC29520,NLC India Ltd,Delisted,F ,500000.00,INE589A14058, ,Commercial Papers,-,-,-,-
718855,The Ramco Cements Limited,RAMCO295,The Ramco Cements Ltd,Delisted,F ,500000.00,INE331A14KA3, ,Commercial Papers,-,-,-,-
718856,Sterlite Technologies Limited.,STL29520,Sterlite Technologies Ltd,Delisted,F ,500000.00,INE089C14AD8, ,Commercial Papers,-,-,-,-
718857,Sterlite Technologies Limited.,STL290520,Sterlite Technologies Ltd,Delisted,F ,500000.00,INE089C14AE6, ,Commercial Papers,-,-,-,-
718858,TORRENT POWER LIMITED,TPL29520,TORRENT POWER Ltd,Delisted,F ,500000.00,INE813H14180, ,Commercial Papers,-,-,-,-
718859,STANDARD CHARTERED CAPITAL LIMITED,SCIL29520,Standard Chartered Investments and Loans (India) Ltd,Delisted,F ,500000.00,INE403G14MT3, ,Commercial Papers,-,-,-,-
718860,STANDARD CHARTERED CAPITAL LIMITED,SCIL2905,Standard Chartered Investments and Loans (India) Ltd,Delisted,F ,500000.00,INE403G14MU1, ,Commercial Papers,-,-,-,-
718861,Transport Corporation of India Ltd,TCI29520,Transport Corporation of India Ltd,Delisted,F ,500000.00,INE688A14JS0, ,Commercial Papers,-,-,-,-
718862,Oil And Natural Gas Corporation Ltd,ONGC1620,Oil and Natural Gas Corporation Ltd,Delisted,F ,500000.00,INE213A14196, ,Commercial Papers,-,-,-,-
718863,Larsen & Toubro Limited,LT1620,Larsen & Toubro Ltd,Delisted,F ,500000.00,INE018A14HT2, ,Commercial Papers,-,-,-,-
718864,Tata Housing Development Company Limited,THDCL1620,Tata Housing Development Company Ltd,Delisted,F ,500000.00,INE582L14FT8, ,Commercial Papers,-,-,-,-
718865,Reliance Industries Ltd,RIL1620,Reliance Industries Ltd,Delisted,F ,500000.00,INE002A14FI3, ,Commercial Papers,-,-,-,-
718866,Oil And Natural Gas Corporation Ltd,ONGC2620,Oil and Natural Gas Corporation Ltd,Delisted,F ,500000.00,INE213A14204, ,Commercial Papers,-,-,-,-
718867,KRBL Ltd.,KRBL2620,KRBL Ltd,Delisted,F ,500000.00,INE001B14748, ,Commercial Papers,-,-,-,-
718868,TORRENT POWER LIMITED,TPL2620,TORRENT POWER Ltd,Delisted,F ,500000.00,INE813H14198, ,Commercial Papers,-,-,-,-
718869,Pilani Investment And Industries Corporation Limited,PIIC2620,Pilani Investment and Industries Corporation Ltd,Delisted,F ,500000.00,INE417C14017, ,Commercial Papers,-,-,-,-
718870,HDFC Credila Financial Services Ltd,HCFS2620,HDFC Credila Financial Services Ltd,Delisted,F ,500000.00,INE539K14AG8, ,Commercial Papers,-,-,-,-
718871,Reliance Industries Ltd,RIL2620,Reliance Industries Ltd,Delisted,F ,500000.00,INE002A14FJ1, ,Commercial Papers,-,-,-,-
718872,TATA STEEL BSL LIMITED,TSBSL3620,TATA STEEL BSL Ltd,Delisted,F ,500000.00,INE824B14IB7, ,Commercial Papers,-,-,-,-
718873,ICICI Securities Limited,ISEC3620,ICICI Securities Ltd,Delisted,F ,500000.00,INE763G14ID2, ,Commercial Papers,-,-,-,-
718874,Bharat Heavy Electricals Ltd.,BHEL3620,Bharat Heavy Electricals Ltd,Delisted,F ,500000.00,INE257A14334, ,Commercial Papers,-,-,-,-
718875,Chennai Petroleum Corporation Ltd.,CPCL3620,Chennai Petroleum Corporation Ltd,Delisted,F ,500000.00,INE178A14FP6, ,Commercial Papers,-,-,-,-
718876,Chennai Petroleum Corporation Ltd.,CPCL30620,Chennai Petroleum Corporation Ltd,Delisted,F ,500000.00,INE178A14FO9, ,Commercial Papers,-,-,-,-
718877,TATA STEEL LIMITED,TSL3620,Tata Steel Ltd,Delisted,F ,500000.00,INE081A14AU3, ,Commercial Papers,-,-,-,-
718878,birla Group Holdings Private Limited,BGHPL3620,Birla Group Holdings Pvt. Ltd,Delisted,F ,500000.00,INE09OL14383, ,Commercial Papers,-,-,-,-
718879,Tata Housing Development Company Limited,THDC3620,Tata Housing Development Company Ltd,Delisted,F ,500000.00,INE582L14FS0, ,Commercial Papers,-,-,-,-
718880,NLC India Limited,NLC3620,NLC India Ltd,Delisted,F ,500000.00,INE589A14074, ,Commercial Papers,-,-,-,-
718881,NLC India Limited,NLC30620,NLC India Ltd,Delisted,F ,500000.00,INE589A14066, ,Commercial Papers,-,-,-,-
718882,Time Technoplast Limited,TTL3620,Time Technoplast Ltd,Delisted,F ,500000.00,INE508G14865, ,Commercial Papers,-,-,-,-
718883,SBI CARDS AND PAYMENT SERVICES LIMITED,SCARDS36,SBI Cards and Payment Services Ltd,Delisted,F ,500000.00,INE018E14OR4, ,Commercial Papers,-,-,-,-
718884,TV18 Broadcast Ltd.,TV18N4620,TV18 Broadcast Ltd,Delisted,F ,500000.00,INE886H14EV0, ,Commercial Papers,-,-,-,-
718885,National Fertilizers Ltd.,NFL4620,National Fertilizers Ltd,Delisted,F ,500000.00,INE870D14CY1, ,Commercial Papers,-,-,-,-
718886,Oil And Natural Gas Corporation Ltd,ONGC5620,Oil and Natural Gas Corporation Ltd,Delisted,F ,500000.00,INE213A14212, ,Commercial Papers,-,-,-,-
718887,KRBL Ltd.,KRBL5620,KRBL Ltd,Delisted,F ,500000.00,INE001B14755, ,Commercial Papers,-,-,-,-
718888,NABHA POWER LIMITED,NPL5620,Nabha Power Ltd,Delisted,F ,500000.00,INE445L14BM2, ,Commercial Papers,-,-,-,-
718889,TV18 Broadcast Ltd.,TV18B5620,TV18 Broadcast Ltd,Delisted,F ,500000.00,INE886H14EW8, ,Commercial Papers,-,-,-,-
718890,Julius Baer Capital (India) Private Limited,JBC5620,Julius Baer Capital (India) Pvt Ltd,Delisted,F ,500000.00,INE824H14CD3, ,Commercial Papers,-,-,-,-
718891,Bharat Petroleum Corpn. Ltd.,BPCL5620,Bharat Petroleum Corporation Ltd,Delisted,F ,500000.00,INE029A14AA4, ,Commercial Papers,-,-,-,-
718892,Bharat Petroleum Corpn. Ltd.,BPCL50620,Bharat Petroleum Corporation Ltd,Delisted,F ,500000.00,INE029A14AC0, ,Commercial Papers,-,-,-,-
718893,Pilani Investment And Industries Corporation Limited,PIIC5620,Pilani Investment and Industries Corporation Ltd,Delisted,F ,500000.00,INE417C14025, ,Commercial Papers,-,-,-,-
718894,Reliance Jio Infocomm Limited,RJIL5620,Reliance Jio Infocomm Ltd,Delisted,F ,500000.00,INE110L14ON3, ,Commercial Papers,-,-,-,-
718895,Indian Oil Corporation Ltd.,IOCL56,Indian Oil Corporation Ltd,Delisted,F ,500000.00,INE242A14QR3, ,Commercial Papers,-,-,-,-
718896,Indian Oil Corporation Ltd.,IOCL05620,Indian Oil Corporation Ltd,Delisted,F ,500000.00,INE242A14QQ5, ,Commercial Papers,-,-,-,-
718897,Indian Oil Corporation Ltd.,IOCL50620,Indian Oil Corporation Ltd,Delisted,F ,500000.00,INE242A14QS1, ,Commercial Papers,-,-,-,-
718898,Indian Oil Corporation Ltd.,IOCL0506,Indian Oil Corporation Ltd,Delisted,F ,500000.00,INE242A14QU7, ,Commercial Papers,-,-,-,-
718899,National Fertilizers Ltd.,NFL5620,National Fertilizers Ltd,Delisted,F ,500000.00,INE870D14CZ8, ,Commercial Papers,-,-,-,-
718900,NABHA POWER LIMITED,NPL8620,Nabha Power Ltd,Delisted,F ,500000.00,INE445L14BL4, ,Commercial Papers,-,-,-,-
718901,Bharat Petroleum Corpn. Ltd.,BPCL8620,Bharat Petroleum Corporation Ltd,Delisted,F ,500000.00,INE029A14AB2, ,Commercial Papers,-,-,-,-
718902,Reliance Jio Infocomm Limited,RJIL8620,Reliance Jio Infocomm Ltd,Delisted,F ,500000.00,INE110L14OO1, ,Commercial Papers,-,-,-,-
718903,ICICI Securities Limited,ISEC9620,ICICI Securities Ltd,Delisted,F ,500000.00,INE763G14IE0, ,Commercial Papers,-,-,-,-
718904,Mangalore Refinery & Petrochemicals,MRPL10620,Mangalore Refinery and Petrochemicals Ltd,Delisted,F ,500000.00,INE103A14132, ,Commercial Papers,-,-,-,-
718905,Sun Pharmaceutical Industries Ltd.,SPIL10620,Sun Pharmaceutical Industries Ltd,Delisted,F ,500000.00,INE044A14575, ,Commercial Papers,-,-,-,-
718906,Aarti Industries Ltd,AIL10620,Aarti Industries Ltd,Delisted,F ,500000.00,INE769A14569, ,Commercial Papers,-,-,-,-
718907,Motilal Oswal Financial Services Limited,MOFS10620,Motilal Oswal Financial Services Ltd,Delisted,F ,500000.00,INE338I14BR4, ,Commercial Papers,-,-,-,-
718908,Sterlite Technologies Limited.,STL10620,Sterlite Technologies Ltd,Delisted,F ,500000.00,INE089C14AF3, ,Commercial Papers,-,-,-,-
718909,TORRENT POWER LIMITED,TPL10620,TORRENT POWER Ltd,Delisted,F ,500000.00,INE813H14206, ,Commercial Papers,-,-,-,-
718910,Reliance Industries Ltd,RIL10620,Reliance Industries Ltd,Delisted,F ,500000.00,INE002A14FK9, ,Commercial Papers,-,-,-,-
718911,Grasim Industries Ltd,GIL11620,Grasim Industries Ltd,Delisted,F ,500000.00,INE047A14677, ,Commercial Papers,-,-,-,-
718912,MUTHOOT FINANCE LIMITED,MFL11620,Muthoot Finance Ltd,Delisted,F ,500000.00,INE414G14OU4, ,Commercial Papers,-,-,-,-
718913,MUTHOOT FINANCE LIMITED,MFL110620,Muthoot Finance Ltd,Delisted,F ,500000.00,INE414G14OT6, ,Commercial Papers,-,-,-,-
718914,National Fertilizers Ltd.,NFL11620,National Fertilizers Ltd,Delisted,F ,500000.00,INE870D14DA9, ,Commercial Papers,-,-,-,-
718915,CaratLane Trading Private Limited,CTPL11620,CaratLane Trading Pvt Ltd,Delisted,F ,500000.00,INE015Y14054, ,Commercial Papers,-,-,-,-
718916,Oil And Natural Gas Corporation Ltd,ONGC12620,Oil and Natural Gas Corporation Ltd,Delisted,F ,500000.00,INE213A14220, ,Commercial Papers,-,-,-,-
718917,MUTHOOT FINANCE LIMITED,MFL12620,Muthoot Finance Ltd,Delisted,F ,500000.00,INE414G14OV2, ,Commercial Papers,-,-,-,-
718918,Century Textiles & Industries Ltd.,CTIL12620,Century Textiles & Industries Ltd,Delisted,F ,500000.00,INE055A14IG9, ,Commercial Papers,-,-,-,-
718919,Daimler Financial Services India Private Limited,DFSI12620,Daimler Financial Services India Pvt Ltd,Delisted,F ,500000.00,INE094O14CA5, ,Commercial Papers,-,-,-,-
718920,Reliance Jio Infocomm Limited,RJIL12620,Reliance Jio Infocomm Ltd,Delisted,F ,500000.00,INE110L14OP8, ,Commercial Papers,-,-,-,-
718921,Reliance Jio Infocomm Limited,RJIL120620,Reliance Jio Infocomm Ltd,Delisted,F ,500000.00,INE110L14OQ6, ,Commercial Papers,-,-,-,-
718922,Reliance Industries Ltd,RIL12620,Reliance Industries Ltd,Delisted,F ,500000.00,INE002A14FL7, ,Commercial Papers,-,-,-,-
718923,National Fertilizers Ltd.,NFL12620,National Fertilizers Ltd,Delisted,F ,500000.00,INE870D14DB7, ,Commercial Papers,-,-,-,-
718924,NABHA POWER LIMITED,NPL12620,Nabha Power Ltd,Delisted,F ,500000.00,INE445L14BN0, ,Commercial Papers,-,-,-,-
718925,Network 18 Media & Investments Limited,N18MI15620,Network 18 Media & Investments Ltd,Delisted,F ,500000.00,INE870H14KD9, ,Commercial Papers,-,-,-,-
718926,Aditya Birla Fashion and Retail Limited,ABFR15620,Aditya Birla Fashion and Retail Ltd,Delisted,F ,500000.00,INE647O14DO9, ,Commercial Papers,-,-,-,-
718927,Shree Cements Ltd.,SCL15620,Shree Cements Ltd,Delisted,F ,500000.00,INE070A14406, ,Commercial Papers,-,-,-,-
718928,MUTHOOT FINANCE LIMITED,MFL15620,Muthoot Finance Ltd,Delisted,F ,500000.00,INE414G14OW0, ,Commercial Papers,-,-,-,-
718929,Indian Oil Corporation Ltd.,IOCL15620,Indian Oil Corporation Ltd,Delisted,F ,500000.00,INE242A14QV5, ,Commercial Papers,-,-,-,-
718930,Julius Baer Capital (India) Private Limited,JBCP15620,Julius Baer Capital (India) Pvt Ltd,Delisted,F ,500000.00,INE824H14CE1, ,Commercial Papers,-,-,-,-
718931,Reliance Jio Infocomm Limited,RJIL15620,Reliance Jio Infocomm Ltd,Delisted,F ,500000.00,INE110L14OR4, ,Commercial Papers,-,-,-,-
718932,POWER GRID CORPORATION OF INDIA LIMITED,PGC15620,Power Grid Corporation of India Ltd,Delisted,F ,500000.00,INE752E14468, ,Commercial Papers,-,-,-,-
718933,STANDARD CHARTERED CAPITAL LIMITED,SCIL15620,Standard Chartered Investments and Loans (India) Ltd,Delisted,F ,500000.00,INE403G14MV9, ,Commercial Papers,-,-,-,-
718934,Reliance Industries Ltd,RIL1506,Reliance Industries Ltd,Delisted,F ,500000.00,INE002A14FN3, ,Commercial Papers,-,-,-,-
718935,Reliance Industries Ltd,RIL15620,Reliance Industries Ltd,Delisted,F ,500000.00,INE002A14FM5, ,Commercial Papers,-,-,-,-
718936,Housing &Urban Development Corporation Ltd.,HUDCO166,Housing & Urban Development Corporation Ltd,Delisted,F ,500000.00,INE031A14432, ,Commercial Papers,-,-,-,-
718937,Manappuram Finance Limited,MFL160620,Manappuram Finance Ltd,Delisted,F ,500000.00,INE522D14MR1, ,Commercial Papers,-,-,-,-
718938,MUTHOOT FINANCE LIMITED,MFL16620,Muthoot Finance Ltd,Delisted,F ,500000.00,INE414G14OX8, ,Commercial Papers,-,-,-,-
718939,Aditya Birla Fashion and Retail Limited,ABFR16620,Aditya Birla Fashion and Retail Ltd,Delisted,F ,500000.00,INE647O14DP6, ,Commercial Papers,-,-,-,-
718940,Transport Corporation of India Ltd,TCIL16620,Transport Corporation of India Ltd,Delisted,F ,500000.00,INE688A14JU6, ,Commercial Papers,-,-,-,-
718941,Hindustan Aeronautics Limited,HAL17620,Hindustan Aeronautics Ltd,Delisted,F ,500000.00,INE066F14031, ,Commercial Papers,-,-,-,-
718942,Network 18 Media & Investments Limited,N18MI17620,Network 18 Media & Investments Ltd,Delisted,F ,500000.00,INE870H14KE7, ,Commercial Papers,-,-,-,-
718943,MUTHOOT FINANCE LIMITED,MFL17620,Muthoot Finance Ltd,Delisted,F ,500000.00,INE414G14OY6, ,Commercial Papers,-,-,-,-
718944,Steel Authority of India Ltd.,SAIL17620,Steel Authority of India Ltd,Delisted,F ,500000.00,INE114A14IX9, ,Commercial Papers,-,-,-,-
718945,Axis Finance Limited,AFL17620,Axis Finance Ltd,Delisted,F ,500000.00,INE891K14JJ8, ,Commercial Papers,-,-,-,-
718946,Reliance Industries Ltd,RIL17620,Reliance Industries Ltd,Delisted,F ,500000.00,INE002A14FO1, ,Commercial Papers,-,-,-,-
718947,Transport Corporation of India Ltd,TCIL17620,Transport Corporation of India Ltd,Delisted,F ,500000.00,INE688A14JT8, ,Commercial Papers,-,-,-,-
718948,STANDARD CHARTERED CAPITAL LIMITED,SCIL17620,Standard Chartered Investments and Loans (India) Ltd,Delisted,F ,500000.00,INE403G14MW7, ,Commercial Papers,-,-,-,-
718949,Trident Ltd,TL18620,Trident Ltd,Delisted,F ,500000.00,INE064C14058, ,Commercial Papers,-,-,-,-
718950,HDFC Securities Limited,HDFCS18620,HDFC Securities Ltd,Delisted,F ,500000.00,INE700G14165, ,Commercial Papers,-,-,-,-
718951,Transport Corporation of India Ltd,TCIL18620,Transport Corporation of India Ltd,Delisted,F ,500000.00,INE688A14JV4, ,Commercial Papers,-,-,-,-
718952,MUTHOOT FINANCE LIMITED,MFL18620,Muthoot Finance Ltd,Delisted,F ,500000.00,INE414G14OZ3, ,Commercial Papers,-,-,-,-
718953,Sterlite Technologies Limited.,STL18620,Sterlite Technologies Ltd,Delisted,F ,500000.00,INE089C14AG1, ,Commercial Papers,-,-,-,-
718954,Julius Baer Capital (India) Private Limited,JBC18620,Julius Baer Capital (India) Pvt Ltd,Delisted,F ,500000.00,INE824H14CF8, ,Commercial Papers,-,-,-,-
718955,Dalmia Cement (Bharat) Limited,DCL18620,Dalmia Cement (Bharat) Ltd,Delisted,F ,500000.00,INE755K14CA9, ,Commercial Papers,-,-,-,-
718956,Network 18 Media & Investments Limited,N18MI18620,Network 18 Media & Investments Ltd,Delisted,F ,500000.00,INE870H14KF4, ,Commercial Papers,-,-,-,-
718957,Network 18 Media & Investments Limited,N18MI19620,Network 18 Media & Investments Ltd,Delisted,F ,500000.00,INE870H14KG2, ,Commercial Papers,-,-,-,-
718958,Motilal Oswal Financial Services Limited,MOFS19620,Motilal Oswal Financial Services Ltd,Delisted,F ,500000.00,INE338I14BS2, ,Commercial Papers,-,-,-,-
718959,MUTHOOT FINANCE LIMITED,MFL19620,Muthoot Finance Ltd,Delisted,F ,500000.00,INE414G14PA3, ,Commercial Papers,-,-,-,-
718960,KEC International Ltd.,KEC19620,KEC International Ltd (formerly known as KEC Infrastructures Ltd),Delisted,F ,500000.00,INE389H14FE8, ,Commercial Papers,-,-,-,-
718961,National Fertilizers Ltd.,NFL19620,National Fertilizers Ltd,Delisted,F ,500000.00,INE870D14DC5, ,Commercial Papers,-,-,-,-
718962,Bombay Burmah Trading Corpn. Ltd.,BBTC19620,Bombay Burmah Trading Corporation Ltd,Delisted,F ,500000.00,INE050A14457, ,Commercial Papers,-,-,-,-
718963,ICICI Securities Limited,ISEC1906,ICICI Securities Ltd,Delisted,F ,500000.00,INE763G14IF7, ,Commercial Papers,-,-,-,-
718964,ICICI Securities Limited,ISEC19620,ICICI Securities Ltd,Delisted,F ,500000.00,INE763G14IG5, ,Commercial Papers,-,-,-,-
718965,Tata Housing Development Company Limited,THDC19620,Tata Housing Development Company Ltd,Delisted,F ,500000.00,INE582L14FU6, ,Commercial Papers,-,-,-,-
718966,STANDARD CHARTERED CAPITAL LIMITED,SCIL19620,Standard Chartered Investments and Loans (India) Ltd,Delisted,F ,500000.00,INE403G14MX5, ,Commercial Papers,-,-,-,-
718967,Dalmia Cement (Bharat) Limited,DCL19620,Dalmia Cement (Bharat) Ltd,Delisted,F ,500000.00,INE755K14CB7, ,Commercial Papers,-,-,-,-
718968,Network 18 Media & Investments Limited,N18MI22620,Network 18 Media & Investments Ltd,Delisted,F ,500000.00,INE870H14KH0, ,Commercial Papers,-,-,-,-
718969,TV18 Broadcast Ltd.,TV18B22620,TV18 Broadcast Ltd,Delisted,F ,500000.00,INE886H14EX6, ,Commercial Papers,-,-,-,-
718970,Adani Ports and Special Economic Zone Ltd,APSE22620,Adani Ports and Special Economic Zone Ltd,Delisted,F ,500000.00,INE742F14MT6, ,Commercial Papers,-,-,-,-
718971,Dalmia Cement (Bharat) Limited,DCL22620,Dalmia Cement (Bharat) Ltd,Delisted,F ,500000.00,INE755K14CC5, ,Commercial Papers,-,-,-,-
718972,SBI CARDS AND PAYMENT SERVICES LIMITED,SCPSL22620,SBI Cards and Payment Services Ltd,Delisted,F ,500000.00,INE018E14OS2, ,Commercial Papers,-,-,-,-
718973,Reliance Jio Infocomm Limited,RJIL22620,Reliance Jio Infocomm Ltd,Delisted,F ,500000.00,INE110L14OS2, ,Commercial Papers,-,-,-,-
718974,Reliance Jio Infocomm Limited,RJIL22620A,Reliance Jio Infocomm Ltd,Delisted,F ,500000.00,INE110L14OT0, ,Commercial Papers,-,-,-,-
718975,Transport Corporation of India Ltd,TCIL22620,Transport Corporation of India Ltd,Delisted,F ,500000.00,INE688A14JW2, ,Commercial Papers,-,-,-,-
718976,Siyaram Silk Mills Ltd.,SSML23620,Siyaram Silk Mills Ltd,Delisted,F ,500000.00,INE076B14518, ,Commercial Papers,-,-,-,-
718977,Chennai Petroleum Corporation Ltd.,CPCL23620,Chennai Petroleum Corporation Ltd,Delisted,F ,500000.00,INE178A14FQ4, ,Commercial Papers,-,-,-,-
718978,HDFC Securities Limited,HSEC23620,HDFC Securities Ltd,Delisted,F ,500000.00,INE700G14173, ,Commercial Papers,-,-,-,-
718979,Vardhman Special Steels Ltd,VSSL23620,Vardhman Special Steels Ltd,Delisted,F ,500000.00,INE050M14676, ,Commercial Papers,-,-,-,-
718980,Dalmia Cement (Bharat) Limited,DCL23620,Dalmia Cement (Bharat) Ltd,Delisted,F ,500000.00,INE755K14CD3, ,Commercial Papers,-,-,-,-
718981,Can Fin Homes Ltd.,CFHL23620,Can Fin Homes Ltd,Delisted,F ,500000.00,INE477A14AV1, ,Commercial Papers,-,-,-,-
718982,Adani Ports and Special Economic Zone Ltd,APSEZ24620,Adani Ports and Special Economic Zone Ltd,Delisted,F ,500000.00,INE742F14MU4, ,Commercial Papers,-,-,-,-
718983,MUTHOOT FINANCE LIMITED,MFL24620,Muthoot Finance Ltd,Delisted,F ,500000.00,INE414G14PB1, ,Commercial Papers,-,-,-,-
718984,ICICI Securities Limited,ISEC24620,ICICI Securities Ltd,Delisted,F ,500000.00,INE763G14IH3, ,Commercial Papers,-,-,-,-
718985,BEML Ltd,BEML24620,BEML Ltd,Delisted,F ,500000.00,INE258A14019, ,Commercial Papers,-,-,-,-
718986,Tata Housing Development Company Limited,THDCL24620,Tata Housing Development Company Ltd,Delisted,F ,500000.00,INE582L14FV4, ,Commercial Papers,-,-,-,-
718987,Reliance Jio Infocomm Limited,RJIL24620,Reliance Jio Infocomm Ltd,Delisted,F ,500000.00,INE110L14OV6, ,Commercial Papers,-,-,-,-
718988,Reliance Jio Infocomm Limited,RJIL240620,Reliance Jio Infocomm Ltd,Delisted,F ,500000.00,INE110L14OU8, ,Commercial Papers,-,-,-,-
718989,STANDARD CHARTERED CAPITAL LIMITED,SCIL24620,Standard Chartered Investments and Loans (India) Ltd,Delisted,F ,500000.00,INE403G14MY3, ,Commercial Papers,-,-,-,-
718990,Network 18 Media & Investments Limited,N18MI25620,Network 18 Media & Investments Ltd,Delisted,F ,500000.00,INE870H14KI8, ,Commercial Papers,-,-,-,-
718991,GIC Housing Finance Ltd.,GIC25620,GIC Housing Finance Ltd,Delisted,F ,500000.00,INE289B14GF8, ,Commercial Papers,-,-,-,-
718992,Adani Ports and Special Economic Zone Ltd,APSEZ25620,Adani Ports and Special Economic Zone Ltd,Delisted,F ,500000.00,INE742F14MV2, ,Commercial Papers,-,-,-,-
718993,Julius Baer Capital (India) Private Limited,JBCPL25620,Julius Baer Capital (India) Pvt Ltd,Delisted,F ,500000.00,INE824H14CG6, ,Commercial Papers,-,-,-,-
718994,MUTHOOT FINANCE LIMITED,MFL25620,Muthoot Finance Ltd,Delisted,F ,500000.00,INE414G14PC9, ,Commercial Papers,-,-,-,-
718995,Steel Authority of India Ltd.,SAIL26620,Steel Authority of India Ltd,Delisted,F ,500000.00,INE114A14IY7, ,Commercial Papers,-,-,-,-
718996,Julius Baer Capital (India) Private Limited,JBCP26620,Julius Baer Capital (India) Pvt Ltd,Delisted,F ,500000.00,INE824H14CH4, ,Commercial Papers,-,-,-,-
718997,ICICI Securities Limited,ISEC26620,ICICI Securities Ltd,Delisted,F ,500000.00,INE763G14II1, ,Commercial Papers,-,-,-,-
718998,Network 18 Media & Investments Limited,N18MI26620,Network 18 Media & Investments Ltd,Delisted,F ,500000.00,INE870H14KK4, ,Commercial Papers,-,-,-,-
718999,MUTHOOT FINANCE LIMITED,MFL26620,Muthoot Finance Ltd,Delisted,F ,500000.00,INE414G14PD7, ,Commercial Papers,-,-,-,-
719000,SBI CARDS AND PAYMENT SERVICES LIMITED,SBICARDS266,SBI Cards and Payment Services Ltd,Delisted,F ,500000.00,INE018E14OT0, ,Commercial Papers,-,-,-,-
719001,Dalmia Cement (Bharat) Limited,DCL26620,Dalmia Cement (Bharat) Ltd,Delisted,F ,500000.00,INE755K14CE1, ,Commercial Papers,-,-,-,-
719002,CaratLane Trading Private Limited,CLTPL26620,CaratLane Trading Pvt Ltd,Delisted,F ,500000.00,INE015Y14062, ,Commercial Papers,-,-,-,-
719003,PTC India Financial Services Limited,PTC29620,PTC India Financial Services Ltd,Delisted,F ,500000.00,INE560K14AQ3, ,Commercial Papers,-,-,-,-
719004,Endurance Technologies Limited,ETL29620,Endurance Technologies Ltd,Delisted,F ,500000.00,INE913H14261, ,Commercial Papers,-,-,-,-
719005,GIC Housing Finance Ltd.,GIC29620,GIC Housing Finance Ltd,Delisted,F ,500000.00,INE289B14GG6, ,Commercial Papers,-,-,-,-
719006,Network 18 Media & Investments Limited,N18MI29620,Network 18 Media & Investments Ltd,Delisted,F ,500000.00,INE870H14KL2, ,Commercial Papers,-,-,-,-
719007,Network 18 Media & Investments Limited,N18MI296,Network 18 Media & Investments Ltd,Delisted,F ,500000.00,INE870H14KJ6, ,Commercial Papers,-,-,-,-
719008,Julius Baer Capital (India) Private Limited,JBC29620,Julius Baer Capital (India) Pvt Ltd,Delisted,F ,500000.00,INE824H14CJ0, ,Commercial Papers,-,-,-,-
719009,Housing Development Finance Corp.Lt,HDFC29620,Housing Development Finance Corporation Ltd,Delisted,F ,500000.00,INE001A14WQ3, ,Commercial Papers,-,-,-,-
719010,Daimler Financial Services India Private Limited,DFSIL296,Daimler Financial Services India Pvt Ltd,Delisted,F ,500000.00,INE094O14CD9, ,Commercial Papers,-,-,-,-
719011,Daimler Financial Services India Private Limited,DFSIL2906,Daimler Financial Services India Pvt Ltd,Delisted,F ,500000.00,INE094O14CC1, ,Commercial Papers,-,-,-,-
719012,Daimler Financial Services India Private Limited,DFSIL29620,Daimler Financial Services India Pvt Ltd,Delisted,F ,500000.00,INE094O14CB3, ,Commercial Papers,-,-,-,-
719013,KEC International Ltd.,KEC29620,KEC International Ltd (formerly known as KEC Infrastructures Ltd),Delisted,F ,500000.00,INE389H14FF5, ,Commercial Papers,-,-,-,-
719014,TORRENT POWER LIMITED,TPL29620,TORRENT POWER Ltd,Delisted,F ,500000.00,INE813H14214, ,Commercial Papers,-,-,-,-
719015,Chennai Petroleum Corporation Ltd.,CPCL300620,Chennai Petroleum Corporation Ltd,Delisted,F ,500000.00,INE178A14FR2, ,Commercial Papers,-,-,-,-
719016,Sterlite Technologies Limited.,STL30620,Sterlite Technologies Ltd,Delisted,F ,500000.00,INE089C14AH9, ,Commercial Papers,-,-,-,-
719017,birla Group Holdings Private Limited,BGHL30620,Birla Group Holdings Pvt. Ltd,Delisted,F ,500000.00,INE09OL14391, ,Commercial Papers,-,-,-,-
719018,Bajaj Finance Limited,BFL30620,Bajaj Finance Ltd,Delisted,F ,500000.00,INE296A14QR9, ,Commercial Papers,-,-,-,-
719019,Oil And Natural Gas Corporation Ltd,ONGC30620,Oil and Natural Gas Corporation Ltd,Delisted,F ,500000.00,INE213A14238, ,Commercial Papers,-,-,-,-
719020,National Housing Bank,NHB30620,National Housing Bank,Delisted,F ,500000.00,INE557F14FA2, ,Commercial Papers,-,-,-,-
719021,ONGC Petro additions Limited.,ONGCPA306,ONGC Petro additions Ltd,Delisted,F ,500000.00,INE163N14105, ,Commercial Papers,-,-,-,-
719022,Axis Securities Limited,ASL2720,Axis Securities Ltd,Delisted,F ,500000.00,INE110O14062, ,Commercial Papers,-,-,-,-
719023,NLC India Limited,NLC2720,NLC India Ltd,Delisted,F ,500000.00,INE589A14082, ,Commercial Papers,-,-,-,-
719024,National Fertilizers Ltd.,NFL2720,National Fertilizers Ltd,Delisted,F ,500000.00,INE870D14DD3, ,Commercial Papers,-,-,-,-
719025,BOBCARD LIMITED,BOBFS2720,BOBCARD Ltd,Delisted,F ,500000.00,INE027214050, ,Commercial Papers,-,-,-,-
719026,Aditya Birla Fashion and Retail Limited,ABFRL3720,Aditya Birla Fashion and Retail Ltd,Delisted,F ,500000.00,INE647O14DS0, ,Commercial Papers,-,-,-,-
719027,Sunteck Realty Ltd,SRL3720,Sunteck Realty Ltd,Delisted,F ,500000.00,INE805D14177, ,Commercial Papers,-,-,-,-
719028,Mangalore Refinery & Petrochemicals,MRPL6720,Mangalore Refinery and Petrochemicals Ltd,Delisted,F ,500000.00,INE103A14140, ,Commercial Papers,-,-,-,-
719029,Aditya Birla Fashion and Retail Limited,ABFRL6720,Aditya Birla Fashion and Retail Ltd,Delisted,F ,500000.00,INE647O14DQ4, ,Commercial Papers,-,-,-,-
719030,Bharat Petroleum Corpn. Ltd.,BPCL6720,Bharat Petroleum Corporation Ltd,Delisted,F ,500000.00,INE029A14AE6, ,Commercial Papers,-,-,-,-
719031,Bharat Petroleum Corpn. Ltd.,BPCL06720,Bharat Petroleum Corporation Ltd,Delisted,F ,500000.00,INE029A14AD8, ,Commercial Papers,-,-,-,-
719032,Birla Carbon India Private Limited,BCIL6720,Birla Carbon India Pvt Ltd,Delisted,F ,500000.00,INE602T14166, ,Commercial Papers,-,-,-,-
719033,Julius Baer Capital (India) Private Limited,JBCL6720,Julius Baer Capital (India) Pvt Ltd,Delisted,F ,500000.00,INE824H14CK8, ,Commercial Papers,-,-,-,-
719034,Indian Oil Corporation Ltd.,IOCL6720,Indian Oil Corporation Ltd,Delisted,F ,500000.00,INE242A14RA7, ,Commercial Papers,-,-,-,-
719035,Indian Oil Corporation Ltd.,IOCL0607,Indian Oil Corporation Ltd,Delisted,F ,500000.00,INE242A14QY9, ,Commercial Papers,-,-,-,-
719036,Indian Oil Corporation Ltd.,IOCL06720,Indian Oil Corporation Ltd,Delisted,F ,500000.00,INE242A14QZ6, ,Commercial Papers,-,-,-,-
719037,Indian Oil Corporation Ltd.,IOCL060720,Indian Oil Corporation Ltd,Delisted,F ,500000.00,INE242A14QL6, ,Commercial Papers,-,-,-,-
719038,Indian Oil Corporation Ltd.,IOCL067,Indian Oil Corporation Ltd,Delisted,F ,500000.00,INE242A14QX1, ,Commercial Papers,-,-,-,-
719039,Indian Oil Corporation Ltd.,IOCL672020,Indian Oil Corporation Ltd,Delisted,F ,500000.00,INE242A14QW3, ,Commercial Papers,-,-,-,-
719040,TVS Srichakra Ltd.,TVS6720,TVS Srichakra Ltd,Delisted,F ,500000.00,INE421C14357, ,Commercial Papers,-,-,-,-
719041,Bharat Heavy Electricals Ltd.,BHEL7720,Bharat Heavy Electricals Ltd,Delisted,F ,500000.00,INE257A14342, ,Commercial Papers,-,-,-,-
719042,Can Fin Homes Ltd.,CFHL7720,Can Fin Homes Ltd,Delisted,F ,500000.00,INE477A14AW9, ,Commercial Papers,-,-,-,-
719043,Kotak Securities Limited,KSL8720,Kotak Securities Ltd,Delisted,F ,500000.00,INE028E14GZ2, ,Commercial Papers,-,-,-,-
719044,National Fertilizers Ltd.,NFL7720,National Fertilizers Ltd,Delisted,F ,500000.00,INE870D14DE1, ,Commercial Papers,-,-,-,-
719045,Pilani Investment And Industries Corporation Limited,PIIC7720,Pilani Investment and Industries Corporation Ltd,Delisted,F ,500000.00,INE417C14041, ,Commercial Papers,-,-,-,-
719046,Pilani Investment And Industries Corporation Limited,PIICL70720,Pilani Investment and Industries Corporation Ltd,Delisted,F ,500000.00,INE417C14033, ,Commercial Papers,-,-,-,-
719047,ONGC Mangalore Petrochemicals Limited,OMPL9720,ONGC Mangalore Petrochemicals Ltd,Delisted,F ,500000.00,INE053T14AR8, ,Commercial Papers,-,-,-,-
719048,Network 18 Media & Investments Limited,N18MI9720,Network 18 Media & Investments Ltd,Delisted,F ,500000.00,INE870H14KM0, ,Commercial Papers,-,-,-,-
719049,STANDARD CHARTERED CAPITAL LIMITED,SCIL9720,Standard Chartered Investments and Loans (India) Ltd,Delisted,F ,500000.00,INE403G14MZ0, ,Commercial Papers,-,-,-,-
719050,GIC Housing Finance Ltd.,GIC9720,GIC Housing Finance Ltd,Delisted,F ,500000.00,INE289B14GH4, ,Commercial Papers,-,-,-,-
719051,KEC International Ltd.,KEC9720,KEC International Ltd (formerly known as KEC Infrastructures Ltd),Delisted,F ,500000.00,INE389H14FG3, ,Commercial Papers,-,-,-,-
719052,Aarti Industries Ltd,AIL9720,Aarti Industries Ltd,Delisted,F ,500000.00,INE769A14577, ,Commercial Papers,-,-,-,-
719053,TV18 Broadcast Ltd.,TV18B10720,TV18 Broadcast Ltd,Delisted,F ,500000.00,INE886H14EY4, ,Commercial Papers,-,-,-,-
719054,BOBCARD LIMITED,BOBFS10720,BOB Financial Solutions Ltd,Delisted,F ,500000.00,INE027214068, ,Commercial Papers,-,-,-,-
719055,The Ramco Cements Limited,RCL10720,The Ramco Cements Ltd,Delisted,F ,500000.00,INE331A14KC9, ,Commercial Papers,-,-,-,-
719056,The Ramco Cements Limited,RCL1007,The Ramco Cements Ltd,Delisted,F ,500000.00,INE331A14KB1, ,Commercial Papers,-,-,-,-
719057,Kotak Mahindra Prime Limited,KMPL10720,Kotak Mahindra Prime Ltd,Delisted,F ,500000.00,INE916D14T87, ,Commercial Papers,-,-,-,-
719058,Steel Authority of India Ltd.,SAIL10720,Steel Authority of India Ltd,Delisted,F ,500000.00,INE114A14IZ4, ,Commercial Papers,-,-,-,-
719059,Century Textiles & Industries Ltd.,CTIL13720,Century Textiles & Industries Ltd,Delisted,F ,500000.00,INE055A14IH7, ,Commercial Papers,-,-,-,-
719060,Grasim Industries Ltd,GIL13720,Grasim Industries Ltd,Delisted,F ,500000.00,INE047A14685, ,Commercial Papers,-,-,-,-
719061,Dalmia Cement (Bharat) Limited,DCL13720,Dalmia Cement (Bharat) Ltd,Delisted,F ,500000.00,INE755K14CG6, ,Commercial Papers,-,-,-,-
719062,HDFC Securities Limited,HDFCSL14720,HDFC Securities Ltd,Delisted,F ,500000.00,INE700G14181, ,Commercial Papers,-,-,-,-
719063,Manappuram Finance Limited,MFL140720,Manappuram Finance Ltd,Delisted,F ,500000.00,INE522D14MT7, ,Commercial Papers,-,-,-,-
719064,Manappuram Finance Limited,MFL14JUL20,Manappuram Finance Ltd,Delisted,F ,500000.00,INE522D14MS9, ,Commercial Papers,-,-,-,-
719065,STANDARD CHARTERED CAPITAL LIMITED,SCIL14JUL20,Standard Chartered Investments and Loans (India) Ltd,Delisted,F ,500000.00,INE403G14NB9, ,Commercial Papers,-,-,-,-
719066,STANDARD CHARTERED CAPITAL LIMITED,SCI14JUL20,Standard Chartered Investments and Loans (India) Ltd,Delisted,F ,500000.00,INE403G14NA1, ,Commercial Papers,-,-,-,-
719067,Kotak Securities Limited,KSL15720,Kotak Securities Ltd,Delisted,F ,500000.00,INE028E14HA3, ,Commercial Papers,-,-,-,-
719068,birla Group Holdings Private Limited,BGHL15720,Birla Group Holdings Pvt. Ltd,Delisted,F ,500000.00,INE09OL14409, ,Commercial Papers,-,-,-,-
719069,UGRO CAPITAL LIMITED,UCL15720,UGRO CAPITAL Ltd,Delisted,F ,500000.00,INE583D14014, ,Commercial Papers,-,-,-,-
719070,JM FINANCIAL PRODUCTS LIMITED,JFPL15720,JM Financial Products Ltd,Delisted,F ,500000.00,INE523H14T88, ,Commercial Papers,-,-,-,-
719071,JM FINANCIAL PRODUCTS LIMITED,JMFP15720,JM Financial Products Ltd,Delisted,F ,500000.00,INE523H14T96, ,Commercial Papers,-,-,-,-
719072,Sharekhan BNP Paribas Financial Services Limited,SBNPPF16720,Sharekhan BNP Paribas Financial Services Ltd,Delisted,F ,500000.00,INE550X14334, ,Commercial Papers,-,-,-,-
719073,JM Financial Capital Limited,JMFC16720,JM Financial Capital Ltd,Delisted,F ,500000.00,INE901W14BF5, ,Commercial Papers,-,-,-,-
719074,JM FINANCIAL PRODUCTS LIMITED,JMFP16720,JM Financial Products Ltd,Delisted,F ,500000.00,INE523H14U02, ,Commercial Papers,-,-,-,-
719075,Dalmia Cement (Bharat) Limited,DCL16720,Dalmia Cement (Bharat) Ltd,Delisted,F ,500000.00,INE755K14CF8, ,Commercial Papers,-,-,-,-
719076,Nuvama Wealth Finance Limited,EFIL16720,Edelweiss Finance & Investments Ltd,Delisted,F ,500000.00,INE918K14413, ,Commercial Papers,-,-,-,-
719077,360 ONE Prime Limited,IIFLWF16720,IIFL Wealth Finance Ltd,Delisted,F ,500000.00,INE248U14HX5, ,Commercial Papers,-,-,-,-
719078,GIC Housing Finance Ltd.,GICHF16720,GIC Housing Finance Ltd,Delisted,F ,500000.00,INE289B14GI2, ,Commercial Papers,-,-,-,-
719079,Can Fin Homes Ltd.,CFHL16720,Can Fin Homes Ltd,Delisted,F ,500000.00,INE477A14AX7, ,Commercial Papers,-,-,-,-
719080,Sunteck Realty Ltd,SRL16720,Sunteck Realty Ltd,Delisted,F ,500000.00,INE805D14193, ,Commercial Papers,-,-,-,-
719081,Kotak Securities Limited,KSL17720,Kotak Securities Ltd,Delisted,F ,500000.00,INE028E14HB1, ,Commercial Papers,-,-,-,-
719082,Bharat Petroleum Corpn. Ltd.,BPCL17720,Bharat Petroleum Corporation Ltd,Delisted,F ,500000.00,INE029A14AF3, ,Commercial Papers,-,-,-,-
719083,Network 18 Media & Investments Limited,N18MI17720,Network 18 Media & Investments Ltd,Delisted,F ,500000.00,INE870H14KN8, ,Commercial Papers,-,-,-,-
719084,ICICI Securities Limited,ISEC17720,ICICI Securities Ltd,Delisted,F ,500000.00,INE763G14IJ9, ,Commercial Papers,-,-,-,-
719085,Aditya Birla Fashion and Retail Limited,ABFR17720,Aditya Birla Fashion and Retail Ltd,Delisted,F ,500000.00,INE647O14DT8, ,Commercial Papers,-,-,-,-
719086,Reliance Jio Infocomm Limited,RJIL17720,Reliance Jio Infocomm Ltd,Delisted,F ,500000.00,INE110L14OW4, ,Commercial Papers,-,-,-,-
719087,ONGC Mangalore Petrochemicals Limited,OMPL17720,ONGC Mangalore Petrochemicals Ltd,Delisted,F ,500000.00,INE053T14AS6, ,Commercial Papers,-,-,-,-
719088,Jindal Saw Ltd.,JSL17720,Jindal Saw Ltd,Delisted,F ,500000.00,INE324A14845, ,Commercial Papers,-,-,-,-
719089,NLC India Limited,NLC20720,NLC India Ltd,Delisted,F ,500000.00,INE589A14090, ,Commercial Papers,-,-,-,-
719090,TV18 Broadcast Ltd.,TV18B20720,TV18 Broadcast Ltd,Delisted,F ,500000.00,INE886H14EZ1, ,Commercial Papers,-,-,-,-
719091,Century Textiles & Industries Ltd.,CTIL20720,Century Textiles & Industries Ltd,Delisted,F ,500000.00,INE055A14II5, ,Commercial Papers,-,-,-,-
719092,Reliance Jio Infocomm Limited,RJIL20720,Reliance Jio Infocomm Ltd,Delisted,F ,500000.00,INE110L14OX2, ,Commercial Papers,-,-,-,-
719093,KEC International Ltd.,KEC20720,KEC International Ltd (formerly known as KEC Infrastructures Ltd),Delisted,F ,500000.00,INE389H14FH1, ,Commercial Papers,-,-,-,-
719094,Northern Arc Capital Ltd.,NACL20720,Northern Arc Capital Ltd,Delisted,F ,500000.00,INE850M14893, ,Commercial Papers,-,-,-,-
719095,HDFC Securities Limited,HDFCSEC217,HDFC Securities Ltd,Delisted,F ,500000.00,INE700G14199, ,Commercial Papers,-,-,-,-
719096,Indian Railway Finance Corporation,IRFC210720,Indian Railway Finance Corporation Ltd,Delisted,F ,500000.00,INE053F14195, ,Commercial Papers,-,-,-,-
719097,Grasim Industries Ltd,GIL22720,Grasim Industries Ltd,Delisted,F ,500000.00,INE047A14693, ,Commercial Papers,-,-,-,-
719098,Larsen & Toubro Limited,LTL22720,Larsen & Toubro Ltd,Delisted,F ,500000.00,INE018A14HV8, ,Commercial Papers,-,-,-,-
719099,Time Technoplast Limited,TTL22720,Time Technoplast Ltd,Delisted,F ,500000.00,INE508G14923, ,Commercial Papers,-,-,-,-
719100,MUTHOOT FINANCE LIMITED,MFL22720,Muthoot Finance Ltd,Delisted,F ,500000.00,INE414G14PF2, ,Commercial Papers,-,-,-,-
719101,MUTHOOT FINANCE LIMITED,MFL220720,Muthoot Finance Ltd,Delisted,F ,500000.00,INE414G14PE5, ,Commercial Papers,-,-,-,-
719102,Vardhman Special Steels Ltd,VSSL23720,Vardhman Special Steels Ltd,Delisted,F ,500000.00,INE050M14684, ,Commercial Papers,-,-,-,-
719103,MUTHOOT FINANCE LIMITED,MFL23720,Muthoot Finance Ltd,Delisted,F ,500000.00,INE414G14PG0, ,Commercial Papers,-,-,-,-
719104,Essel Mining & Industries Limited,EMIL23720,Essel Mining & Industries Ltd,Delisted,F ,500000.00,INE077E14BX5, ,Commercial Papers,-,-,-,-
719105,Essel Mining & Industries Limited,EMIL230720,Essel Mining & Industries Ltd,Delisted,F ,500000.00,INE077E14BY3, ,Commercial Papers,-,-,-,-
719106,Axis Finance Limited,AFL23720,Axis Finance Ltd,Delisted,F ,500000.00,INE891K14JK6, ,Commercial Papers,-,-,-,-
719107,SBI CARDS AND PAYMENT SERVICES LIMITED,SCARDS237,SBI Cards and Payment Services Ltd,Delisted,F ,500000.00,INE018E14OU8, ,Commercial Papers,-,-,-,-
719108,HDFC Securities Limited,HSEC23720,HDFC Securities Ltd,Delisted,F ,500000.00,INE700G14207, ,Commercial Papers,-,-,-,-
719109,Reliance Industries Ltd,RIL23720,Reliance Industries Ltd,Delisted,F ,500000.00,INE002A14FP8, ,Commercial Papers,-,-,-,-
719110,MUTHOOT FINANCE LIMITED,MFL24720,Muthoot Finance Ltd,Delisted,F ,500000.00,INE414G14PH8, ,Commercial Papers,-,-,-,-
719111,ICICI Securities Limited,ISEC24720,ICICI Securities Ltd,Delisted,F ,500000.00,INE763G14IK7, ,Commercial Papers,-,-,-,-
719112,Axis Finance Limited,AFL24720,Axis Finance Ltd,Delisted,F ,500000.00,INE891K14JL4, ,Commercial Papers,-,-,-,-
719113,Daimler Financial Services India Private Limited,DFSIL24720,Daimler Financial Services India Pvt Ltd,Delisted,F ,500000.00,INE094O14CE7, ,Commercial Papers,-,-,-,-
719114,Adani Ports and Special Economic Zone Ltd,APSEZ24720,Adani Ports and Special Economic Zone Ltd,Delisted,F ,500000.00,INE742F14MW0, ,Commercial Papers,-,-,-,-
719115,Julius Baer Capital (India) Private Limited,JBCL24720,Julius Baer Capital (India) Pvt Ltd,Delisted,F ,500000.00,INE824H14CL6, ,Commercial Papers,-,-,-,-
719116,Reliance Jio Infocomm Limited,RJIL24720,Reliance Jio Infocomm Ltd,Delisted,F ,500000.00,INE110L14OY0, ,Commercial Papers,-,-,-,-
719117,Reliance Industries Ltd,RIL24720,Reliance Industries Ltd,Delisted,F ,500000.00,INE002A14FQ6, ,Commercial Papers,-,-,-,-
719118,HDFC Securities Limited,HDFCSEC277,HDFC Securities Ltd,Delisted,F ,500000.00,INE700G14215, ,Commercial Papers,-,-,-,-
719119,Network 18 Media & Investments Limited,N18MI27720,Network 18 Media & Investments Ltd,Delisted,F ,500000.00,INE870H14KO6, ,Commercial Papers,-,-,-,-
719120,Dalmia Cement (Bharat) Limited,DCL27720,Dalmia Cement (Bharat) Ltd,Delisted,F ,500000.00,INE755K14CH4, ,Commercial Papers,-,-,-,-
719121,TV18 Broadcast Ltd.,TV18BL28720,TV18 Broadcast Ltd,Delisted,F ,500000.00,INE886H14FB9, ,Commercial Papers,-,-,-,-
719122,MUTHOOT FINANCE LIMITED,MFL28720,Muthoot Finance Ltd,Delisted,F ,500000.00,INE414G14PI6, ,Commercial Papers,-,-,-,-
719123,HDFC Credila Financial Services Ltd,HDFSL28720,HDFC Credila Financial Services Pvt. Ltd,Delisted,F ,500000.00,INE539K14AH6, ,Commercial Papers,-,-,-,-
719124,Adani Ports and Special Economic Zone Ltd,APSEZ28720,Adani Ports and Special Economic Zone Ltd,Delisted,F ,500000.00,INE742F14MX8, ,Commercial Papers,-,-,-,-
719125,Adani Ports and Special Economic Zone Ltd,APSEZL28720,Adani Ports and Special Economic Zone Ltd,Delisted,F ,500000.00,INE742F14MY6, ,Commercial Papers,-,-,-,-
719126,BASF India Ltd,BASF29720,BASF India Ltd,Delisted,F ,500000.00,INE373A14AB4, ,Commercial Papers,-,-,-,-
719127,Bharat Heavy Electricals Ltd.,BHEL29720,Bharat Heavy Electricals Ltd,Delisted,F ,500000.00,INE257A14359, ,Commercial Papers,-,-,-,-
719128,Network 18 Media & Investments Limited,N18MI29720,Network 18 Media & Investments Ltd,Delisted,F ,500000.00,INE870H14KP3, ,Commercial Papers,-,-,-,-
719129,MUTHOOT FINANCE LIMITED,MFL29720,Muthoot Finance Ltd,Delisted,F ,500000.00,INE414G14PJ4, ,Commercial Papers,-,-,-,-
719130,Endurance Technologies Limited,ETL29720,Endurance Technologies Ltd,Delisted,F ,500000.00,INE913H14279, ,Commercial Papers,-,-,-,-
719131,KEC International Ltd.,EIL29720,KEC International Ltd (formerly known as KEC Infrastructures Ltd),Delisted,F ,500000.00,INE389H14FI9, ,Commercial Papers,-,-,-,-
719132,Reliance Industries Ltd,RIL29720,Reliance Industries Ltd,Delisted,F ,500000.00,INE002A14FR4, ,Commercial Papers,-,-,-,-
719133,Reliance Industries Ltd,RIL290720,Reliance Industries Ltd,Delisted,F ,500000.00,INE002A14FS2, ,Commercial Papers,-,-,-,-
719134,Samvardhana Motherson International Limited,MSSL29720,Motherson Sumi Systems Ltd,Delisted,F ,500000.00,INE775A14749, ,Commercial Papers,-,-,-,-
719135,ICICI Securities Limited,ISEC29720,ICICI Securities Ltd,Delisted,F ,500000.00,INE763G14IM3, ,Commercial Papers,-,-,-,-
719136,Kotak Mahindra Investments Limited,KMIL29720,Kotak Mahindra Investments Ltd,Delisted,F ,500000.00,INE975F14SX1, ,Commercial Papers,-,-,-,-
719137,Dalmia Cement (Bharat) Limited,DCL300720,Dalmia Cement (Bharat) Ltd,Delisted,F ,500000.00,INE755K14CI2, ,Commercial Papers,-,-,-,-
719138,ICICI Securities Limited,ISEC300720,ICICI Securities Ltd,Delisted,F ,500000.00,INE763G14IL5, ,Commercial Papers,-,-,-,-
719139,ICICI Securities Limited,ISEC30720,ICICI Securities Ltd,Delisted,F ,500000.00,INE763G14IN1, ,Commercial Papers,-,-,-,-
719140,JM Financial Credit Solutions Limited,JMFCS30720,JM Financial Credit Solutions Ltd,Delisted,F ,500000.00,INE651J14AU4, ,Commercial Papers,-,-,-,-
719141,Hinduja Leyland Finance Limited,HLFL30720,Hinduja Leyland Finance Ltd,Delisted,F ,500000.00,INE146O14AW1, ,Commercial Papers,-,-,-,-
719142,JM FINANCIAL PRODUCTS LIMITED,JMFPL30720,JM Financial Products Ltd,Delisted,F ,500000.00,INE523H14U28, ,Commercial Papers,-,-,-,-
719143,360 ONE Prime Limited,IIFLWF30720,IIFL Wealth Finance Ltd,Delisted,F ,500000.00,INE248U14HY3, ,Commercial Papers,-,-,-,-
719144,Reliance Industries Ltd,RIL30720,Reliance Industries Ltd,Delisted,F ,500000.00,INE002A14FT0, ,Commercial Papers,-,-,-,-
719145,Reliance Industries Ltd,RIL300720,Reliance Industries Ltd,Delisted,F ,500000.00,INE002A14FU8, ,Commercial Papers,-,-,-,-
719146,Kribhco Fertilizers Limited,KFL30720,Kribhco Fertilizers Ltd,Delisted,F ,500000.00,INE486H14AW5, ,Commercial Papers,-,-,-,-
719147,TV18 Broadcast Ltd.,TV18B31720,TV18 Broadcast Ltd,Delisted,F ,500000.00,INE886H14FA1, ,Commercial Papers,-,-,-,-
719148,Motilal Oswal Financial Services Limited,MOFSL31720,Motilal Oswal Financial Services Ltd,Delisted,F ,500000.00,INE338I14BT0, ,Commercial Papers,-,-,-,-
719150,Bharat Oman Refineries Limited,BORL31720,Bharat Oman Refineries Ltd,Delisted,F ,500000.00,INE322J14113, ,Commercial Papers,-,-,-,-
719151,Axis Securities Limited,ASL3820,Axis Securities Ltd,Delisted,F ,500000.00,INE110O14070, ,Commercial Papers,-,-,-,-
719152,JSW Steel Limited,JSWSL3820,JSW Steel Ltd,Delisted,F ,500000.00,INE019A14JE8, ,Commercial Papers,-,-,-,-
719153,Kirloskar Oil Engines Limited,KOEL3820,Kirloskar Oil Engines Ltd,Delisted,F ,500000.00,INE146L14013, ,Commercial Papers,-,-,-,-
719154,STANDARD CHARTERED CAPITAL LIMITED,SCIL3820,Standard Chartered Investments and Loans (India) Ltd,Delisted,F ,500000.00,INE403G14NC7, ,Commercial Papers,-,-,-,-
719155,Julius Baer Capital (India) Private Limited,JBCPL3820,Julius Baer Capital (India) Pvt Ltd,Delisted,F ,500000.00,INE824H14CM4, ,Commercial Papers,-,-,-,-
719156,Aditya Birla Fashion and Retail Limited,ABFRL3820,Aditya Birla Fashion and Retail Ltd,Delisted,F ,500000.00,INE647O14DU6, ,Commercial Papers,-,-,-,-
719157,Reliance Industries Ltd,RIL03082020,Reliance Industries Ltd,Delisted,F ,500000.00,INE002A14FV6, ,Commercial Papers,-,-,-,-
719158,Kotak Securities Limited,KSL4820,Kotak Securities Ltd,Delisted,F ,500000.00,INE028E14HC9, ,Commercial Papers,-,-,-,-
719159,Kotak Securities Limited,KSL04820,Kotak Securities Ltd,Delisted,F ,500000.00,INE028E14HD7, ,Commercial Papers,-,-,-,-
719160,Aarti Industries Ltd,AIL4820,Aarti Industries Ltd,Delisted,F ,500000.00,INE769A14585, ,Commercial Papers,-,-,-,-
719161,Reliance Industries Ltd,RIL4820,Reliance Industries Ltd,Delisted,F ,500000.00,INE002A14FW4, ,Commercial Papers,-,-,-,-
719162,National Fertilizers Ltd.,NFL4820,National Fertilizers Ltd,Delisted,F ,500000.00,INE870D14DF8, ,Commercial Papers,-,-,-,-
719163,Kotak Securities Limited,KSL5820,Kotak Securities Ltd,Delisted,F ,500000.00,INE028E14HE5, ,Commercial Papers,-,-,-,-
719164,STANDARD CHARTERED CAPITAL LIMITED,SCIL5820,Standard Chartered Investments and Loans (India) Ltd,Delisted,F ,500000.00,INE403G14ND5, ,Commercial Papers,-,-,-,-
719165,TV18 Broadcast Ltd.,TBL5AUG20,TV18 Broadcast Ltd,Delisted,F ,500000.00,INE886H14FC7, ,Commercial Papers,-,-,-,-
719166,NTT Global Data Centers & Cloud Infrastructure India Private Limited,NTTGDC6820,Netmagic IT Services Pvt Ltd,Delisted,F ,500000.00,INE613R14019, ,Commercial Papers,-,-,-,-
719167,Bharat Heavy Electricals Ltd.,BHEL6820,Bharat Heavy Electricals Ltd,Delisted,F ,500000.00,INE257A14367, ,Commercial Papers,-,-,-,-
719168,GIC Housing Finance Ltd.,GICHFL6820,GIC Housing Finance Ltd,Delisted,F ,500000.00,INE289B14GJ0, ,Commercial Papers,-,-,-,-
719169,Power Finance Corporation Ltd,PFCL6820,Power Finance Corporation Ltd,Delisted,F ,500000.00,INE134E14AR8, ,Commercial Papers,-,-,-,-
719170,Reliance Industries Ltd,RIL6820,Reliance Industries Ltd,Delisted,F ,500000.00,INE002A14FX2, ,Commercial Papers,-,-,-,-
719171,SBI CARDS AND PAYMENT SERVICES LIMITED,SCARDS6820,SBI Cards and Payment Services Ltd,Delisted,F ,500000.00,INE018E14OV6, ,Commercial Papers,-,-,-,-
719172,Kotak Mahindra Investments Limited,KMIL6820,Kotak Mahindra Investments Ltd,Delisted,F ,500000.00,INE975F14SY9, ,Commercial Papers,-,-,-,-
719173,Ramco Industries Ltd,RIL060820,Ramco Industries Ltd,Delisted,F ,500000.00,INE614A14252, ,Commercial Papers,-,-,-,-
719174,Birla Carbon India Private Limited,BCIPL7820,Birla Carbon India Pvt Ltd,Delisted,F ,500000.00,INE602T14174, ,Commercial Papers,-,-,-,-
719175,Chennai Petroleum Corporation Ltd.,CPCL7820,Chennai Petroleum Corporation Ltd,Delisted,F ,500000.00,INE178A14FS0, ,Commercial Papers,-,-,-,-
719176,TV18 Broadcast Ltd.,TV18B7820,TV18 Broadcast Ltd,Delisted,F ,500000.00,INE886H14FE3, ,Commercial Papers,-,-,-,-
719177,Northern Arc Capital Ltd.,NACL7820,Northern Arc Capital Ltd,Delisted,F ,500000.00,INE850M14901, ,Commercial Papers,-,-,-,-
719178,360 ONE Prime Limited,IIFLWF7820,IIFL Wealth Finance Ltd,Delisted,F ,500000.00,INE248U14IA1, ,Commercial Papers,-,-,-,-
719179,Reliance Industries Ltd,RIL7820,Reliance Industries Ltd,Delisted,F ,500000.00,INE002A14FY0, ,Commercial Papers,-,-,-,-
719180,Aditya Birla Fashion and Retail Limited,ABFRL10820,Aditya Birla Fashion and Retail Ltd,Delisted,F ,500000.00,INE647O14DV4, ,Commercial Papers,-,-,-,-
719181,Housing Development Finance Corp.Lt,HDFC10820,Housing Development Finance Corporation Ltd,Delisted,F ,500000.00,INE001A14WR1, ,Commercial Papers,-,-,-,-
719182,The Ramco Cements Limited,RCL10820,The Ramco Cements Ltd,Delisted,F ,500000.00,INE331A14KD7, ,Commercial Papers,-,-,-,-
719183,Network 18 Media & Investments Limited,N18MI10820,Network 18 Media & Investments Ltd,Delisted,F ,500000.00,INE870H14KQ1, ,Commercial Papers,-,-,-,-
719184,TV18 Broadcast Ltd.,TV18B10820,TV18 Broadcast Ltd,Delisted,F ,500000.00,INE886H14FD5, ,Commercial Papers,-,-,-,-
719185,Samvardhana Motherson International Limited,MSSL10820,Motherson Sumi Systems Ltd,Delisted,F ,500000.00,INE775A14756, ,Commercial Papers,-,-,-,-
719186,Reliance Industries Ltd,RIL10820,Reliance Industries Ltd,Delisted,F ,500000.00,INE002A14FZ7, ,Commercial Papers,-,-,-,-
719187,Axis Finance Limited,AFL10820,Axis Finance Ltd,Delisted,F ,500000.00,INE891K14JM2, ,Commercial Papers,-,-,-,-
719188,Kotak Mahindra Investments Limited,KMIL11820,Kotak Mahindra Investments Ltd,Delisted,F ,500000.00,INE975F14SZ6, ,Commercial Papers,-,-,-,-
719189,Indian Oil Corporation Ltd.,IOCL12820,Indian Oil Corporation Ltd,Delisted,F ,500000.00,INE242A14RL4, ,Commercial Papers,-,-,-,-
719190,Indian Oil Corporation Ltd.,IOCL120820,Indian Oil Corporation Ltd,Delisted,F ,500000.00,INE242A14RM2, ,Commercial Papers,-,-,-,-
719191,Larsen & Toubro Limited,LTL12820,Larsen & Toubro Ltd,Delisted,F ,500000.00,INE018A14HW6, ,Commercial Papers,-,-,-,-
719192,Adani Ports and Special Economic Zone Ltd,APSEZL12820,Adani Ports and Special Economic Zone Ltd,Delisted,F ,500000.00,INE742F14NE6, ,Commercial Papers,-,-,-,-
719193,Adani Ports and Special Economic Zone Ltd,APSEZL1208,Adani Ports and Special Economic Zone Ltd,Delisted,F ,500000.00,INE742F14NH9, ,Commercial Papers,-,-,-,-
719194,Adani Ports and Special Economic Zone Ltd,APSEZ120820,Adani Ports and Special Economic Zone Ltd,Delisted,F ,500000.00,INE742F14NI7, ,Commercial Papers,-,-,-,-
719195,Adani Ports and Special Economic Zone Ltd,APSE120820,Adani Ports and Special Economic Zone Ltd,Delisted,F ,500000.00,INE742F14NJ5, ,Commercial Papers,-,-,-,-
719196,Adani Ports and Special Economic Zone Ltd,APSEZ12820,Adani Ports and Special Economic Zone Ltd,Delisted,F ,500000.00,INE742F14NF3, ,Commercial Papers,-,-,-,-
719197,Adani Ports and Special Economic Zone Ltd,APSE1208,Adani Ports and Special Economic Zone Ltd,Delisted,F ,500000.00,INE742F14NB2, ,Commercial Papers,-,-,-,-
719198,Adani Ports and Special Economic Zone Ltd,APSZ120820,Adani Ports and Special Economic Zone Ltd,Delisted,F ,500000.00,INE742F14ND8, ,Commercial Papers,-,-,-,-
719199,Britannia Industries Ltd.,BIL12820,Britannia Industries Ltd,Delisted,F ,500000.00,INE216A14140, ,Commercial Papers,-,-,-,-
719200,Dalmia Cement (Bharat) Limited,DCL13820,Dalmia Cement (Bharat) Ltd,Delisted,F ,500000.00,INE755K14CJ0, ,Commercial Papers,-,-,-,-
719201,National Bank for Agriculture and Rural Development,NBARD13820,National Bank for Agriculture and Rural Development,Delisted,F ,500000.00,INE261F14GV5, ,Commercial Papers,-,-,-,-
719202,GIC Housing Finance Ltd.,GICHL13820,GIC Housing Finance Ltd,Delisted,F ,500000.00,INE289B14GK8, ,Commercial Papers,-,-,-,-
719203,The Ramco Cements Limited,RCL13820,The Ramco Cements Ltd,Delisted,F ,500000.00,INE331A14KE5, ,Commercial Papers,-,-,-,-
719204,Transport Corporation of India Ltd,TCIL13820,Transport Corporation of India Ltd,Delisted,F ,500000.00,INE688A14JX0, ,Commercial Papers,-,-,-,-
719205,Kotak Securities Limited,KSL14820,Kotak Securities Ltd,Delisted,F ,500000.00,INE028E14HF2, ,Commercial Papers,-,-,-,-
719206,ICICI Securities Limited,ISEC14820,ICICI Securities Ltd,Delisted,F ,500000.00,INE763G14IO9, ,Commercial Papers,-,-,-,-
719207,birla Group Holdings Private Limited,BGHL14820,Birla Group Holdings Pvt. Ltd,Delisted,F ,500000.00,INE09OL14417, ,Commercial Papers,-,-,-,-
719208,Indian Oil Corporation Ltd.,IOCL14820,Indian Oil Corporation Ltd,Delisted,F ,500000.00,INE242A14RN0, ,Commercial Papers,-,-,-,-
719209,MUTHOOT FINANCE LIMITED,MFL14820,Muthoot Finance Ltd,Delisted,F ,500000.00,INE414G14PK2, ,Commercial Papers,-,-,-,-
719210,NLC India Limited,NLCIL14820,NLC India Ltd,Delisted,F ,500000.00,INE589A14108, ,Commercial Papers,-,-,-,-
719211,Adani Ports and Special Economic Zone Ltd,APSEZ14820,Adani Ports and Special Economic Zone Ltd,Delisted,F ,500000.00,INE742F14NC0, ,Commercial Papers,-,-,-,-
719212,Kotak Mahindra Prime Limited,KMPL14820,Kotak Mahindra Prime Ltd,Delisted,F ,500000.00,INE916D14T95, ,Commercial Papers,-,-,-,-
719213,Network 18 Media & Investments Limited,N18MI17820,Network 18 Media & Investments Ltd,Delisted,F ,500000.00,INE870H14KT5, ,Commercial Papers,-,-,-,-
719214,STANDARD CHARTERED CAPITAL LIMITED,SCIL17820,Standard Chartered Investments and Loans (India) Ltd,Delisted,F ,500000.00,INE403G14NE3, ,Commercial Papers,-,-,-,-
719215,Manappuram Finance Limited,MFL170820,Manappuram Finance Ltd,Delisted,F ,500000.00,INE522D14MU5, ,Commercial Papers,-,-,-,-
719216,Kotak Mahindra Prime Limited,KMPL17820,Kotak Mahindra Prime Ltd,Delisted,F ,500000.00,INE916D14U01, ,Commercial Papers,-,-,-,-
719217,Adani Ports and Special Economic Zone Ltd,APSEZ17820,Adani Ports and Special Economic Zone Ltd,Delisted,F ,500000.00,INE742F14NG1, ,Commercial Papers,-,-,-,-
719218,Adani Ports and Special Economic Zone Ltd,APSEZ1708,Adani Ports and Special Economic Zone Ltd,Delisted,F ,500000.00,INE742F14MZ3, ,Commercial Papers,-,-,-,-
719219,Adani Ports and Special Economic Zone Ltd,APSEZL178,Adani Ports and Special Economic Zone Ltd,Delisted,F ,500000.00,INE742F14NL1, ,Commercial Papers,-,-,-,-
719220,Adani Ports and Special Economic Zone Ltd,APSEZ170820,Adani Ports and Special Economic Zone Ltd,Delisted,F ,500000.00,INE742F14NK3, ,Commercial Papers,-,-,-,-
719221,Network 18 Media & Investments Limited,N18MI18820,Network 18 Media & Investments Ltd,Delisted,F ,500000.00,INE870H14KU3, ,Commercial Papers,-,-,-,-
719222,Steel Authority of India Ltd.,SAIL18820,Steel Authority of India Ltd,Delisted,F ,500000.00,INE114A14JA5, ,Commercial Papers,-,-,-,-
719223,Chennai Petroleum Corporation Ltd.,CPCL18820,Chennai Petroleum Corporation Ltd,Delisted,F ,500000.00,INE178A14FT8, ,Commercial Papers,-,-,-,-
719224,Pilani Investment And Industries Corporation Limited,PIICL18820,Pilani Investment and Industries Corporation Ltd,Delisted,F ,500000.00,INE417C14058, ,Commercial Papers,-,-,-,-
719225,Bombay Burmah Trading Corpn. Ltd.,BBTCL18820,Bombay Burmah Trading Corporation Ltd,Delisted,F ,500000.00,INE050A14481, ,Commercial Papers,-,-,-,-
719226,STANDARD CHARTERED CAPITAL LIMITED,SCIL18820,Standard Chartered Investments and Loans (India) Ltd,Delisted,F ,500000.00,INE403G14NF0, ,Commercial Papers,-,-,-,-
719227,MUTHOOT FINANCE LIMITED,MFL18820,Muthoot Finance Ltd,Delisted,F ,500000.00,INE414G14PL0, ,Commercial Papers,-,-,-,-
719228,CreditAccess Grameen Ltd.,CAGL18820,CreditAccess Grameen Ltd,Delisted,F ,500000.00,INE741K14013, ,Commercial Papers,-,-,-,-
719229,Indian Oil Corporation Ltd.,IOCL18820,Indian Oil Corporation Ltd,Delisted,F ,500000.00,INE242A14RO8, ,Commercial Papers,-,-,-,-
719230,Julius Baer Capital (India) Private Limited,JBCPL18820,Julius Baer Capital (India) Pvt Ltd,Delisted,F ,500000.00,INE824H14CN2, ,Commercial Papers,-,-,-,-
719231,ICICI Securities Limited,ISL19AUG20,ICICI Securities Ltd,Delisted,F ,500000.00,INE763G14IP6, ,Commercial Papers,-,-,-,-
719232,MUTHOOT FINANCE LIMITED,MFL19AUG20,Muthoot Finance Ltd,Delisted,F ,500000.00,INE414G14PM8, ,Commercial Papers,-,-,-,-
719233,Larsen & Toubro Limited,LTL19AUG20,Larsen & Toubro Ltd,Delisted,F ,500000.00,INE018A14HX4, ,Commercial Papers,-,-,-,-
719234,Network 18 Media & Investments Limited,NMIL19AUG20,Network 18 Media & Investments Ltd,Delisted,F ,500000.00,INE870H14KS7, ,Commercial Papers,-,-,-,-
719235,HDFC Credila Financial Services Ltd,HCFS19AUG20,HDFC Credila Financial Services Pvt. Ltd,Delisted,F ,500000.00,INE539K14AI4, ,Commercial Papers,-,-,-,-
719236,Adani Ports and Special Economic Zone Ltd,APSEZ190820,Adani Ports and Special Economic Zone Ltd,Delisted,F ,500000.00,INE742F14NM9, ,Commercial Papers,-,-,-,-
719237,Motilal Oswal Finvest Limited,MOFL190820,Motilal Oswal Finvest Ltd,Delisted,F ,500000.00,INE01WN14116, ,Commercial Papers,-,-,-,-
719238,Kotak Securities Limited,KSL20820,Kotak Securities Ltd,Delisted,F ,500000.00,INE028E14HG0, ,Commercial Papers,-,-,-,-
719239,ICICI Securities Limited,ISEC20820,ICICI Securities Ltd,Delisted,F ,500000.00,INE763G14IQ4, ,Commercial Papers,-,-,-,-
719240,GIC Housing Finance Ltd.,GICHF20820,GIC Housing Finance Ltd,Delisted,F ,500000.00,INE289B14GL6, ,Commercial Papers,-,-,-,-
719241,birla Group Holdings Private Limited,BGHPL20820,Birla Group Holdings Pvt. Ltd,Delisted,F ,500000.00,INE09OL14425, ,Commercial Papers,-,-,-,-
719242,The Ramco Cements Limited,RCL20820,The Ramco Cements Ltd,Delisted,F ,500000.00,INE331A14KF2, ,Commercial Papers,-,-,-,-
719243,Mangalore Refinery & Petrochemicals,MRPL20820,Mangalore Refinery and Petrochemicals Ltd,Delisted,F ,500000.00,INE103A14157, ,Commercial Papers,-,-,-,-
719244,Transport Corporation of India Ltd,TCIL20820,Transport Corporation of India Ltd,Delisted,F ,500000.00,INE688A14JY8, ,Commercial Papers,-,-,-,-
719245,Adani Ports and Special Economic Zone Ltd,APSEZ20820,Adani Ports and Special Economic Zone Ltd,Delisted,F ,500000.00,INE742F14NA4, ,Commercial Papers,-,-,-,-
719246,JSW Steel Limited,JSW21820,JSW Steel Ltd,Delisted,F ,500000.00,INE019A14JF5, ,Commercial Papers,-,-,-,-
719247,National Bank for Agriculture and Rural Development,NBARD21820,National Bank for Agriculture and Rural Development,Delisted,F ,500000.00,INE261F14GW3, ,Commercial Papers,-,-,-,-
719248,Motilal Oswal Home Finance Limited,MOHFL21820,Motilal Oswal Home Finance Ltd,Delisted,F ,500000.00,INE658R14410, ,Commercial Papers,-,-,-,-
719249,Motilal Oswal Financial Services Limited,MOFS21820,Motilal Oswal Financial Services Ltd,Delisted,F ,500000.00,INE338I14BU8, ,Commercial Papers,-,-,-,-
719250,Julius Baer Capital (India) Private Limited,JBCPL21820,Julius Baer Capital (India) Pvt Ltd,Delisted,F ,500000.00,INE824H14CO0, ,Commercial Papers,-,-,-,-
719251,Network 18 Media & Investments Limited,N18MI21820,Network 18 Media & Investments Ltd,Delisted,F ,500000.00,INE870H14KR9, ,Commercial Papers,-,-,-,-
719252,Aadhar Housing Finance Limited,AHFL21820,AADHAR HOUSING FINANCE LTD,Delisted,F ,500000.00,INE883F14088, ,Commercial Papers,-,-,-,-
719253,CaratLane Trading Private Limited,CLTL21820,CaratLane Trading Pvt Ltd,Delisted,F ,500000.00,INE015Y14070, ,Commercial Papers,-,-,-,-
719254,KEC International Ltd.,KEC24820,KEC International Ltd,Delisted,F ,500000.00,INE389H14FJ7, ,Commercial Papers,-,-,-,-
719255,Axis Finance Limited,AFL24AUG20,Axis Finance Ltd,Delisted,F ,500000.00,INE891K14JN0, ,Commercial Papers,-,-,-,-
719256,KALPATARU PROJECTS INTERNATIONAL LIMITED,KPTL24AUG20,Kalpataru Power Transmission Ltd,Delisted,F ,500000.00,INE220B14AR1, ,Commercial Papers,-,-,-,-
719257,Dalmia Cement (Bharat) Limited,DCL24AUG20,Dalmia Cement (Bharat) Ltd,Delisted,F ,500000.00,INE755K14CK8, ,Commercial Papers,-,-,-,-
719258,Transport Corporation of India Ltd,TCIL24AUG20,Transport Corporation of India Ltd,Delisted,F ,500000.00,INE688A14JZ5, ,Commercial Papers,-,-,-,-
719259,Transport Corporation of India Ltd,TCIL240820,Transport Corporation of India Ltd,Delisted,F ,500000.00,INE688A14KA6, ,Commercial Papers,-,-,-,-
719260,Kotak Mahindra Investments Limited,KMI242AUG20,Kotak Mahindra Investments Ltd,Delisted,F ,500000.00,INE975F14TA7, ,Commercial Papers,-,-,-,-
719261,Jamnagar Utilities & Power Private Limited,JUPP25AUG20,Jamnagar Utilities & Power Pvt. Ltd,Delisted,F ,500000.00,INE936D14014, ,Commercial Papers,-,-,-,-
719262,BASF India Ltd,BASF25820,BASF India Ltd,Delisted,F ,500000.00,INE373A14AC2, ,Commercial Papers,-,-,-,-
719263,SIKKA PORTS & TERMINALS LTD,SPTL25AUG20,Sikka Ports & Terminals Ltd,Delisted,F ,500000.00,INE941D14030, ,Commercial Papers,-,-,-,-
719264,Pilani Investment And Industries Corporation Limited,PIIC25AUG20,Pilani Investment and Industries Corporation Ltd,Delisted,F ,500000.00,INE417C14066, ,Commercial Papers,-,-,-,-
719265,Axis Securities Limited,ASL25820,Axis Securities Ltd,Delisted,F ,500000.00,INE110O14088, ,Commercial Papers,-,-,-,-
719266,Transport Corporation of India Ltd,TCIL25820,Transport Corporation of India Ltd,Delisted,F ,500000.00,INE688A14KB4, ,Commercial Papers,-,-,-,-
719267,E.I.D. Parry (India) Ltd.,EIDP25AUG20,EID Parry (India) Ltd,Delisted,F ,500000.00,INE126A14EB8, ,Commercial Papers,-,-,-,-
719268,Volkswagen Finance Private Limited,VFPL26820,Volkswagen Finance Pvt Ltd,Delisted,F ,500000.00,INE851M14GZ0, ,Commercial Papers,-,-,-,-
719269,Kotak Securities Limited,KSL26820,Kotak Securities Ltd,Delisted,F ,500000.00,INE028E14HH8, ,Commercial Papers,-,-,-,-
719270,Sun Pharmaceutical Industries Ltd.,SPIL26820,Sun Pharmaceutical Industries Ltd,Delisted,F ,500000.00,INE044A14583, ,Commercial Papers,-,-,-,-
719271,Bajaj Housing Finance Limited,BHFL26820,Bajaj Housing Finance Ltd,Delisted,F ,500000.00,INE377Y14736, ,Commercial Papers,-,-,-,-
719272,birla Group Holdings Private Limited,BGHPL26820,Birla Group Holdings Pvt. Ltd,Delisted,F ,500000.00,INE09OL14433, ,Commercial Papers,-,-,-,-
719273,birla Group Holdings Private Limited,BGHL26820,Birla Group Holdings Pvt. Ltd,Delisted,F ,500000.00,INE09OL14441, ,Commercial Papers,-,-,-,-
719274,Bharat Heavy Electricals Ltd.,BHEL26820,Bharat Heavy Electricals Ltd,Delisted,F ,500000.00,INE257A14375, ,Commercial Papers,-,-,-,-
719275,SIKKA PORTS & TERMINALS LTD,SPTL26820,Sikka Ports & Terminals Ltd,Delisted,F ,500000.00,INE941D14048, ,Commercial Papers,-,-,-,-
719276,Jamnagar Utilities & Power Private Limited,JUPL26820,Jamnagar Utilities & Power Pvt. Ltd,Delisted,F ,500000.00,INE936D14022, ,Commercial Papers,-,-,-,-
719277,Bombay Burmah Trading Corpn. Ltd.,BBTCL26820,Bombay Burmah Trading Corporation Ltd,Delisted,F ,500000.00,INE050A14499, ,Commercial Papers,-,-,-,-
719278,Dalmia Cement (Bharat) Limited,DCL26820,Dalmia Cement (Bharat) Ltd,Delisted,F ,500000.00,INE755K14CL6, ,Commercial Papers,-,-,-,-
719279,Manappuram Finance Limited,MFL27820,Manappuram Finance Ltd,Delisted,F ,500000.00,INE522D14MV3, ,Commercial Papers,-,-,-,-
719280,ICICI Securities Limited,ISEC27820,ICICI Securities Ltd,Delisted,F ,500000.00,INE763G14IR2, ,Commercial Papers,-,-,-,-
719281,NLC India Limited,NLC27820,NLC India Ltd,Delisted,F ,500000.00,INE589A14116, ,Commercial Papers,-,-,-,-
719282,JSW Steel Limited,JSWSL27820,JSW Steel Ltd,Delisted,F ,500000.00,INE019A14JG3, ,Commercial Papers,-,-,-,-
719283,Larsen & Toubro Limited,LTL27820,Larsen & Toubro Ltd,Delisted,F ,500000.00,INE018A14HY2, ,Commercial Papers,-,-,-,-
719284,Axis Finance Limited,AFL27820,Axis Finance Ltd,Delisted,F ,500000.00,INE891K14JO8, ,Commercial Papers,-,-,-,-
719285,The Ramco Cements Limited,RCL27820,The Ramco Cements Ltd,Delisted,F ,500000.00,INE331A14KG0, ,Commercial Papers,-,-,-,-
719286,Transport Corporation of India Ltd,TCIL27820,Transport Corporation of India Ltd,Delisted,F ,500000.00,INE688A14KC2, ,Commercial Papers,-,-,-,-
719287,Sterlite Technologies Limited.,STL27820,Sterlite Technologies Ltd,Delisted,F ,500000.00,INE089C14AI7, ,Commercial Papers,-,-,-,-
719288,Reliance Industries Ltd,RIL27820,Reliance Industries Ltd,Delisted,F ,500000.00,INE002A14GA8, ,Commercial Papers,-,-,-,-
719289,Reliance Retail Ventures Limited,RRVL27820,Reliance Retail Ventures Ltd,Delisted,F ,500000.00,INE929O14016, ,Commercial Papers,-,-,-,-
719290,Reliance Retail Ventures Limited,RRVL270820,Reliance Retail Ventures Ltd,Delisted,F ,500000.00,INE929O14024, ,Commercial Papers,-,-,-,-
719291,Reliance Retail Ventures Limited,RRVL248,Reliance Retail Ventures Ltd,Delisted,F ,500000.00,INE929O14032, ,Commercial Papers,-,-,-,-
719292,Reliance Retail Ventures Limited,RRVL2720,Reliance Retail Ventures Ltd,Delisted,F ,500000.00,INE929O14040, ,Commercial Papers,-,-,-,-
719293,Reliance Retail Ventures Limited,RRVL2708,Reliance Retail Ventures Ltd,Delisted,F ,500000.00,INE929O14057, ,Commercial Papers,-,-,-,-
719294,National Bank for Agriculture and Rural Development,NBARD28820,National Bank for Agriculture and Rural Development,Delisted,F ,500000.00,INE261F14GX1, ,Commercial Papers,-,-,-,-
719295,STANDARD CHARTERED CAPITAL LIMITED,SCIL28820,Standard Chartered Investments and Loans (India) Ltd,Delisted,F ,500000.00,INE403G14NG8, ,Commercial Papers,-,-,-,-
719296,Motilal Oswal Financial Services Limited,MOFSL28820,Motilal Oswal Financial Services Ltd,Delisted,F ,500000.00,INE338I14BV6, ,Commercial Papers,-,-,-,-
719297,Julius Baer Capital (India) Private Limited,JBCL28820,Julius Baer Capital (India) Pvt Ltd,Delisted,F ,500000.00,INE824H14CP7, ,Commercial Papers,-,-,-,-
719298,Reliance Retail Ventures Limited,RRVL28820,Reliance Retail Ventures Ltd,Delisted,F ,500000.00,INE929O14065, ,Commercial Papers,-,-,-,-
719299,Reliance Retail Ventures Limited,RRVL280820,Reliance Retail Ventures Ltd,Delisted,F ,500000.00,INE929O14073, ,Commercial Papers,-,-,-,-
719300,Reliance Industries Ltd,RIL28820,Reliance Industries Ltd,Delisted,F ,500000.00,INE002A14GC4, ,Commercial Papers,-,-,-,-
719301,Tata Realty and Infrastructure Limited,TRIL28820,Tata Realty and Infrastructure Ltd,Delisted,F ,500000.00,INE371K14AK8, ,Commercial Papers,-,-,-,-
719302,Volkswagen Finance Private Limited,VFPL31820,Volkswagen Finance Pvt Ltd,Delisted,F ,500000.00,INE851M14HA1, ,Commercial Papers,-,-,-,-
719303,Oil And Natural Gas Corporation Ltd,ONGC31820,Oil and Natural Gas Corporation Ltd,Delisted,F ,500000.00,INE213A14246, ,Commercial Papers,-,-,-,-
719304,Indian Oil Corporation Ltd.,IOCL31820,Indian Oil Corporation Ltd,Delisted,F ,500000.00,INE242A14RP5, ,Commercial Papers,-,-,-,-
719305,Dalmia Cement (Bharat) Limited,DCL31820,Dalmia Cement (Bharat) Ltd,Delisted,F ,500000.00,INE755K14CM4, ,Commercial Papers,-,-,-,-
719306,Aditya Birla Fashion and Retail Limited,ABFRL31820,Aditya Birla Fashion and Retail Ltd,Delisted,F ,500000.00,INE647O14DW2, ,Commercial Papers,-,-,-,-
719307,Aarti Industries Ltd,AIL31820,Aarti Industries Ltd,Delisted,F ,500000.00,INE769A14593, ,Commercial Papers,-,-,-,-
719308,Reliance Industries Ltd,RIL31820,Reliance Industries Ltd,Delisted,F ,500000.00,INE002A14GB6, ,Commercial Papers,-,-,-,-
719309,Kotak Mahindra Investments Limited,KMIL31820,Kotak Mahindra Investments Ltd,Delisted,F ,500000.00,INE975F14TB5, ,Commercial Papers,-,-,-,-
719310,STANDARD CHARTERED CAPITAL LIMITED,SCIL1920,Standard Chartered Investments and Loans (India) Ltd,Delisted,F ,500000.00,INE403G14NH6, ,Commercial Papers,-,-,-,-
719311,Bharat Heavy Electricals Ltd.,BHEL1920,Bharat Heavy Electricals Ltd,Delisted,F ,500000.00,INE257A14383, ,Commercial Papers,-,-,-,-
719312,Pilani Investment And Industries Corporation Limited,PIICL1920,Pilani Investment and Industries Corporation Ltd,Delisted,F ,500000.00,INE417C14074, ,Commercial Papers,-,-,-,-
719313,Motilal Oswal Financial Services Limited,MOFSL1920,Motilal Oswal Financial Services Ltd,Delisted,F ,500000.00,INE338I14BW4, ,Commercial Papers,-,-,-,-
719314,NLC India Limited,NLC1920,NLC India Ltd,Delisted,F ,500000.00,INE589A14124, ,Commercial Papers,-,-,-,-
719315,Reliance Retail Ventures Limited,RRVL1920,Reliance Retail Ventures Ltd,Delisted,F ,500000.00,INE929O14081, ,Commercial Papers,-,-,-,-
719316,Motilal Oswal Finvest Limited,MOFL1920,Motilal Oswal Finvest Ltd,Delisted,F ,500000.00,INE01WN14124, ,Commercial Papers,-,-,-,-
719317,Reliance Industries Ltd,RIL10920,Reliance Industries Ltd,Delisted,F ,500000.00,INE002A14GD2, ,Commercial Papers,-,-,-,-
719318,Reliance Industries Ltd,RIL1920,Reliance Industries Ltd,Delisted,F ,500000.00,INE002A14GE0, ,Commercial Papers,-,-,-,-
719319,Tata Housing Development Company Limited,THDC020920,Tata Housing Development Company Ltd,Delisted,F ,500000.00,INE582L14FW2, ,Commercial Papers,-,-,-,-
719320,Daimler Financial Services India Private Limited,DFSIL020920,Daimler Financial Services India Pvt Ltd,Delisted,F ,500000.00,INE094O14CF4, ,Commercial Papers,-,-,-,-
719321,birla Group Holdings Private Limited,BGHPL020920,Birla Group Holdings Pvt. Ltd,Delisted,F ,500000.00,INE09OL14458, ,Commercial Papers,-,-,-,-
719322,TV18 Broadcast Ltd.,TV18B020920,TV18 Broadcast Ltd,Delisted,F ,500000.00,INE886H14FG8, ,Commercial Papers,-,-,-,-
719323,Bharat Oman Refineries Limited,BORL3920,Bharat Oman Refineries Ltd,Delisted,F ,500000.00,INE322J14121, ,Commercial Papers,-,-,-,-
719324,Sun Pharmaceutical Industries Ltd.,SPIL3920,Sun Pharmaceutical Industries Ltd,Delisted,F ,500000.00,INE044A14591, ,Commercial Papers,-,-,-,-
719325,Chennai Petroleum Corporation Ltd.,CPCL3920,Chennai Petroleum Corporation Ltd,Delisted,F ,500000.00,INE178A14FV4, ,Commercial Papers,-,-,-,-
719326,Chennai Petroleum Corporation Ltd.,CPCL30920,Chennai Petroleum Corporation Ltd,Delisted,F ,500000.00,INE178A14FU6, ,Commercial Papers,-,-,-,-
719327,JSW Steel Limited,JSWSL3920,JSW Steel Ltd,Delisted,F ,500000.00,INE019A14JH1, ,Commercial Papers,-,-,-,-
719328,GIC Housing Finance Ltd.,GICHFL3920,GIC Housing Finance Ltd,Delisted,F ,500000.00,INE289B14GM4, ,Commercial Papers,-,-,-,-
719329,TV18 Broadcast Ltd.,TV18BL3920,TV18 Broadcast Ltd,Delisted,F ,500000.00,INE886H14FF0, ,Commercial Papers,-,-,-,-
719330,Indian Oil Corporation Ltd.,IOCL3920,Indian Oil Corporation Ltd,Delisted,F ,500000.00,INE242A14RV3, ,Commercial Papers,-,-,-,-
719331,National Fertilizers Ltd.,NFL3920,National Fertilizers Ltd,Delisted,F ,500000.00,INE870D14DG6, ,Commercial Papers,-,-,-,-
719332,Julius Baer Capital (India) Private Limited,JBCPL3920,Julius Baer Capital (India) Pvt Ltd,Delisted,F ,500000.00,INE824H14CQ5, ,Commercial Papers,-,-,-,-
719333,JSW Steel Limited,JSWSL30920,JSW Steel Ltd,Delisted,F ,500000.00,INE019A14JI9, ,Commercial Papers,-,-,-,-
719334,JSW Steel Limited,JSWSL4920,JSW Steel Ltd,Delisted,F ,500000.00,INE019A14JJ7, ,Commercial Papers,-,-,-,-
719335,ICICI Securities Limited,ISEC4920,ICICI Securities Ltd,Delisted,F ,500000.00,INE763G14IS0, ,Commercial Papers,-,-,-,-
719336,Julius Baer Capital (India) Private Limited,JBCPL4920,Julius Baer Capital (India) Pvt Ltd,Delisted,F ,500000.00,INE824H14CR3, ,Commercial Papers,-,-,-,-
719337,Steel Authority of India Ltd.,SAIL4920,Steel Authority of India Ltd,Delisted,F ,500000.00,INE114A14JB3, ,Commercial Papers,-,-,-,-
719338,Indian Oil Corporation Ltd.,IOCL7920,Indian Oil Corporation Ltd,Delisted,F ,500000.00,INE242A14RQ3, ,Commercial Papers,-,-,-,-
719339,Indian Oil Corporation Ltd.,IOCL07920,Indian Oil Corporation Ltd,Delisted,F ,500000.00,INE242A14RS9, ,Commercial Papers,-,-,-,-
719340,Indian Oil Corporation Ltd.,IOCL70920,Indian Oil Corporation Ltd,Delisted,F ,500000.00,INE242A14RT7, ,Commercial Papers,-,-,-,-
719341,Indian Oil Corporation Ltd.,IOCL070920,Indian Oil Corporation Ltd,Delisted,F ,500000.00,INE242A14RU5, ,Commercial Papers,-,-,-,-
719342,Indian Oil Corporation Ltd.,IOCL0709,Indian Oil Corporation Ltd,Delisted,F ,500000.00,INE242A14RW1, ,Commercial Papers,-,-,-,-
719343,JSW Steel Limited,JSW7920,JSW Steel Ltd,Delisted,F ,500000.00,INE019A14JK5, ,Commercial Papers,-,-,-,-
719344,Bajaj Finance Limited,BFL7920,Bajaj Finance Ltd,Delisted,F ,500000.00,INE296A14QS7, ,Commercial Papers,-,-,-,-
719345,Tata Realty and Infrastructure Limited,TRIL7920,Tata Realty and Infrastructure Ltd,Delisted,F ,500000.00,INE371K14AM4, ,Commercial Papers,-,-,-,-
719346,Housing Development Finance Corp.Lt,HDFC7920,Housing Development Finance Corporation Ltd,Delisted,F ,500000.00,INE001A14WS9, ,Commercial Papers,-,-,-,-
719347,Reliance Retail Ventures Limited,RRVL7920,Reliance Retail Ventures Ltd,Delisted,F ,500000.00,INE929O14099, ,Commercial Papers,-,-,-,-
719348,Kotak Mahindra Investments Limited,KMIL7920,Kotak Mahindra Investments Ltd,Delisted,F ,500000.00,INE975F14TC3, ,Commercial Papers,-,-,-,-
719349,NTT Global Data Centers & Cloud Infrastructure India Private Limited,NTTGDC08920,NTT Global Data Centers & Cloud Infrastructure India Private Ltd,Delisted,F ,500000.00,INE613R14027, ,Commercial Papers,-,-,-,-
719350,JSW Steel Limited,JSL08920,JSW Steel Ltd,Delisted,F ,500000.00,INE019A14JL3, ,Commercial Papers,-,-,-,-
719351,Manappuram Finance Limited,MFL08920,Manappuram Finance Ltd,Delisted,F ,500000.00,INE522D14MW1, ,Commercial Papers,-,-,-,-
719352,Motilal Oswal Financial Services Limited,MOFSL08920,Motilal Oswal Financial Services Ltd,Delisted,F ,500000.00,INE338I14BX2, ,Commercial Papers,-,-,-,-
719353,Bajaj Finance Limited,BFL08920,Bajaj Finance Ltd,Delisted,F ,500000.00,INE296A14QT5, ,Commercial Papers,-,-,-,-
719354,Axis Securities Limited,ASL08920,Axis Securities Ltd,Delisted,F ,500000.00,INE110O14096, ,Commercial Papers,-,-,-,-
719355,360 ONE WAM LIMITED,IIFLWM08920,IIFL Wealth Management Ltd,Delisted,F ,500000.00,INE466L14643, ,Commercial Papers,-,-,-,-
719356,Mangalore Refinery & Petrochemicals,MRPL08920,Mangalore Refinery and Petrochemicals Ltd,Delisted,F ,500000.00,INE103A14165, ,Commercial Papers,-,-,-,-
719357,Nuvama Wealth Finance Limited,EFIL9920,Edelweiss Finance & Investments Ltd,Delisted,F ,500000.00,INE918K14421, ,Commercial Papers,-,-,-,-
719358,Bajaj Finance Limited,BFL9920,Bajaj Finance Ltd,Delisted,F ,500000.00,INE296A14QU3, ,Commercial Papers,-,-,-,-
719359,Kotak Mahindra Prime Limited,KMPL9920,Kotak Mahindra Prime Ltd,Delisted,F ,500000.00,INE916D14U19, ,Commercial Papers,-,-,-,-
719360,Grasim Industries Ltd,GIL9920,Grasim Industries Ltd,Delisted,F ,500000.00,INE047A14701, ,Commercial Papers,-,-,-,-
719361,Steel Authority of India Ltd.,SAIL9920,Steel Authority of India Ltd,Delisted,F ,500000.00,INE114A14JC1, ,Commercial Papers,-,-,-,-
719362,Reliance Industries Ltd,RIL9920,Reliance Industries Ltd,Delisted,F ,500000.00,INE002A14GF7, ,Commercial Papers,-,-,-,-
719363,Infina Finance Private Limited,IFPL9920,Infina Finance Pvt Ltd,Delisted,F ,500000.00,INE879F14CT7, ,Commercial Papers,-,-,-,-
719364,Kotak Mahindra Investments Limited,KMIL9920,Kotak Mahindra Investments Ltd,Delisted,F ,500000.00,INE975F14TD1, ,Commercial Papers,-,-,-,-
719365,Sharekhan BNP Paribas Financial Services Limited,SPFSL10920,Sharekhan BNP Paribas Financial Services Ltd,Delisted,F ,500000.00,INE550X14342, ,Commercial Papers,-,-,-,-
719366,JM Financial Capital Limited,JMFCL10920,JM Financial Capital Ltd,Delisted,F ,500000.00,INE901W14BG3, ,Commercial Papers,-,-,-,-
719367,JM Financial Properties and Holdings Limited,JMFPH10920,JM Financial Properties and Holdings Ltd,Delisted,F ,500000.00,INE525R14502, ,Commercial Papers,-,-,-,-
719368,GIC Housing Finance Ltd.,GICHFL10920,GIC Housing Finance Ltd,Delisted,F ,500000.00,INE289B14GN2, ,Commercial Papers,-,-,-,-
719369,JM FINANCIAL PRODUCTS LIMITED,JMFPL10920,JM Financial Products Ltd,Delisted,F ,500000.00,INE523H14U36, ,Commercial Papers,-,-,-,-
719370,Fedbank Financial Services Limited,FFSL10920,Fedbank Financial Services Ltd,Delisted,F ,500000.00,INE007N14CS1, ,Commercial Papers,-,-,-,-
719371,Bajaj Finance Limited,BFL10920,Bajaj Finance Ltd,Delisted,F ,500000.00,INE296A14QV1, ,Commercial Papers,-,-,-,-
719372,Century Textiles & Industries Ltd.,CTIL10920,Century Textiles & Industries Ltd,Delisted,F ,500000.00,INE055A14IJ3, ,Commercial Papers,-,-,-,-
719373,Essel Mining & Industries Limited,EMIL10920,Essel Mining & Industries Ltd,Delisted,F ,500000.00,INE077E14BZ0, ,Commercial Papers,-,-,-,-
719374,Essel Mining & Industries Limited,EMIL100920,Essel Mining & Industries Ltd,Delisted,F ,500000.00,INE077E14CA1, ,Commercial Papers,-,-,-,-
719375,National Fertilizers Ltd.,NFL10920,National Fertilizers Ltd,Delisted,F ,500000.00,INE870D14DH4, ,Commercial Papers,-,-,-,-
719376,360 ONE Prime Limited,IIFLWF10920,IIFL Wealth Finance Ltd,Delisted,F ,500000.00,INE248U14IB9, ,Commercial Papers,-,-,-,-
719377,360 ONE Prime Limited,IIFLWFL1009,IIFL Wealth Finance Ltd,Delisted,F ,500000.00,INE248U14IC7, ,Commercial Papers,-,-,-,-
719378,MUTHOOT FINANCE LIMITED,MFL10920,Muthoot Finance Ltd,Delisted,F ,500000.00,INE414G14PN6, ,Commercial Papers,-,-,-,-
719379,ICICI Securities Limited,ISEC10920,ICICI Securities Ltd,Delisted,F ,500000.00,INE763G14IT8, ,Commercial Papers,-,-,-,-
719380,360 ONE WAM LIMITED,IIFLWM109,IIFL Wealth Management Ltd,Delisted,F ,500000.00,INE466L14668, ,Commercial Papers,-,-,-,-
719381,360 ONE WAM LIMITED,IIFLWML109,IIFL Wealth Management Ltd,Delisted,F ,500000.00,INE466L14650, ,Commercial Papers,-,-,-,-
719382,Volkswagen Finance Private Limited,VFPL11920,Volkswagen Finance Pvt Ltd,Delisted,F ,500000.00,INE851M14HB9, ,Commercial Papers,-,-,-,-
719383,Bharat Oman Refineries Limited,BORL11920,Bharat Oman Refineries Ltd,Delisted,F ,500000.00,INE322J14139, ,Commercial Papers,-,-,-,-
719384,JSW Steel Limited,JSWSL11920,JSW Steel Ltd,Delisted,F ,500000.00,INE019A14JM1, ,Commercial Papers,-,-,-,-
719385,Axis Finance Limited,AFL11920,Axis Finance Ltd,Delisted,F ,500000.00,INE891K14JP5, ,Commercial Papers,-,-,-,-
719386,Tata Realty and Infrastructure Limited,TRIL11920,Tata Realty and Infrastructure Ltd,Delisted,F ,500000.00,INE371K14AL6, ,Commercial Papers,-,-,-,-
719387,MUTHOOT FINANCE LIMITED,MFL11920,Muthoot Finance Ltd,Delisted,F ,500000.00,INE414G14PO4, ,Commercial Papers,-,-,-,-
719388,Network 18 Media & Investments Limited,N18MI11920,Network 18 Media & Investments Ltd,Delisted,F ,500000.00,INE870H14KW9, ,Commercial Papers,-,-,-,-
719389,Network 18 Media & Investments Limited,N18MI110920,Network 18 Media & Investments Ltd,Delisted,F ,500000.00,INE870H14KV1, ,Commercial Papers,-,-,-,-
719390,Aditya Birla Fashion and Retail Limited,ABFRL11920,Aditya Birla Fashion and Retail Ltd,Delisted,F ,500000.00,INE647O14DX0, ,Commercial Papers,-,-,-,-
719391,NABHA POWER LIMITED,NPL11920,Nabha Power Ltd,Delisted,F ,500000.00,INE445L14BO8, ,Commercial Papers,-,-,-,-
719392,Kotak Mahindra Prime Limited,KMPL11920,Kotak Mahindra Prime Ltd,Delisted,F ,500000.00,INE916D14U27, ,Commercial Papers,-,-,-,-
719393,Kotak Mahindra Investments Limited,KMIL11920,Kotak Mahindra Investments Ltd,Delisted,F ,500000.00,INE975F14TE9, ,Commercial Papers,-,-,-,-
719394,Kotak Mahindra Investments Limited,KMIL110920,Kotak Mahindra Investments Ltd,Delisted,F ,500000.00,INE975F14TG4, ,Commercial Papers,-,-,-,-
719395,Infina Finance Private Limited,IFPL11920,Infina Finance Pvt Ltd,Delisted,F ,500000.00,INE879F14CU5, ,Commercial Papers,-,-,-,-
719396,Sharekhan BNP Paribas Financial Services Limited,SBPFSL14920,Sharekhan BNP Paribas Financial Services Ltd,Delisted,F ,500000.00,INE550X14359, ,Commercial Papers,-,-,-,-
719397,Volkswagen Finance Private Limited,VFPL14920,Volkswagen Finance Pvt Ltd,Delisted,F ,500000.00,INE851M14HD5, ,Commercial Papers,-,-,-,-
719398,Volkswagen Finance Private Limited,VFPL140920,Volkswagen Finance Pvt Ltd,Delisted,F ,500000.00,INE851M14HC7, ,Commercial Papers,-,-,-,-
719399,JM Financial Properties and Holdings Limited,JMFPHL14920,JM Financial Properties and Holdings Ltd,Delisted,F ,500000.00,INE525R14510, ,Commercial Papers,-,-,-,-
719400,JM FINANCIAL PRODUCTS LIMITED,JMFPL14920,JM Financial Products Ltd,Delisted,F ,500000.00,INE523H14U44, ,Commercial Papers,-,-,-,-
719401,Aditya Birla Fashion and Retail Limited,ABFRL14920,Aditya Birla Fashion and Retail Ltd,Delisted,F ,500000.00,INE647O14DY8, ,Commercial Papers,-,-,-,-
719402,MUTHOOT FINANCE LIMITED,MFL14920,Muthoot Finance Ltd,Delisted,F ,500000.00,INE414G14PP1, ,Commercial Papers,-,-,-,-
719403,Shree Cements Ltd.,SCL14920,Shree Cements Ltd,Delisted,F ,500000.00,INE070A14414, ,Commercial Papers,-,-,-,-
719404,360 ONE Prime Limited,IIFLWF14920,IIFL Wealth Finance Ltd,Delisted,F ,500000.00,INE248U14ID5, ,Commercial Papers,-,-,-,-
719405,Julius Baer Capital (India) Private Limited,JBCPL14920,Julius Baer Capital (India) Pvt Ltd,Delisted,F ,500000.00,INE824H14CS1, ,Commercial Papers,-,-,-,-
719406,Bajaj Finance Limited,BFL14920,Bajaj Finance Ltd,Delisted,F ,500000.00,INE296A14QW9, ,Commercial Papers,-,-,-,-
719407,Dalmia Cement (Bharat) Limited,DCL14920,Dalmia Cement (Bharat) Ltd,Delisted,F ,500000.00,INE755K14CN2, ,Commercial Papers,-,-,-,-
719408,Reliance Industries Ltd,RIL14920,Reliance Industries Ltd,Delisted,F ,500000.00,INE002A14GG5, ,Commercial Papers,-,-,-,-
719409,Kotak Mahindra Investments Limited,KMIL140920,Kotak Mahindra Investments Ltd,Delisted,F ,500000.00,INE975F14TH2, ,Commercial Papers,-,-,-,-
719410,Kotak Mahindra Investments Limited,KMIL14920,Kotak Mahindra Investments Ltd,Delisted,F ,500000.00,INE975F14TF6, ,Commercial Papers,-,-,-,-
719411,Transport Corporation of India Ltd,TCIL14920,Transport Corporation of India Ltd,Delisted,F ,500000.00,INE688A14KD0, ,Commercial Papers,-,-,-,-
719412,Hindustan Aeronautics Limited,HAL15920,Hindustan Aeronautics Ltd,Delisted,F ,500000.00,INE066F14049, ,Commercial Papers,-,-,-,-
719413,HDFC Securities Limited,HDFCSEC159,HDFC Securities Ltd,Delisted,F ,500000.00,INE700G14223, ,Commercial Papers,-,-,-,-
719414,MUTHOOT FINANCE LIMITED,MFL15920,Muthoot Finance Ltd,Delisted,F ,500000.00,INE414G14PQ9, ,Commercial Papers,-,-,-,-
719415,The Ramco Cements Limited,RCL15920,The Ramco Cements Ltd,Delisted,F ,500000.00,INE331A14KH8, ,Commercial Papers,-,-,-,-
719416,Aarti Industries Ltd,AIL15920,Aarti Industries Ltd,Delisted,F ,500000.00,INE769A14601, ,Commercial Papers,-,-,-,-
719417,TV18 Broadcast Ltd.,TV18BL15920,TV18 Broadcast Ltd,Delisted,F ,500000.00,INE886H14FH6, ,Commercial Papers,-,-,-,-
719418,Transport Corporation of India Ltd,TCIL15920,Transport Corporation of India Ltd,Delisted,F ,500000.00,INE688A14KE8, ,Commercial Papers,-,-,-,-
719419,Britannia Industries Ltd.,BIL15920,Britannia Industries Ltd,Delisted,F ,500000.00,INE216A14157, ,Commercial Papers,-,-,-,-
719420,Network 18 Media & Investments Limited,N18MI16920,Network 18 Media & Investments Ltd,Delisted,F ,500000.00,INE870H14KZ2, ,Commercial Papers,-,-,-,-
719421,Julius Baer Capital (India) Private Limited,JBCPL16920,Julius Baer Capital (India) Pvt Ltd,Delisted,F ,500000.00,INE824H14CT9, ,Commercial Papers,-,-,-,-
719422,Axis Finance Limited,AFL16920,Axis Finance Ltd,Delisted,F ,500000.00,INE891K14JQ3, ,Commercial Papers,-,-,-,-
719423,Reliance Industries Ltd,RIL16920,Reliance Industries Ltd,Delisted,F ,500000.00,INE002A14GH3, ,Commercial Papers,-,-,-,-
719424,West Coast Paper Mills Limited,WCPML16920,West Coast Paper Mills Ltd,Delisted,F ,500000.00,INE976A14131, ,Commercial Papers,-,-,-,-
719425,Network 18 Media & Investments Limited,N18MI17920,Network 18 Media & Investments Ltd,Delisted,F ,500000.00,INE870H14KX7, ,Commercial Papers,-,-,-,-
719426,GIC Housing Finance Ltd.,GICHF17920,GIC Housing Finance Ltd,Delisted,F ,500000.00,INE289B14GO0, ,Commercial Papers,-,-,-,-
719427,MUTHOOT FINANCE LIMITED,MFL170920,Muthoot Finance Ltd,Delisted,F ,500000.00,INE414G14PR7, ,Commercial Papers,-,-,-,-
719428,National Fertilizers Ltd.,NFL17920,National Fertilizers Ltd,Delisted,F ,500000.00,INE870D14DI2, ,Commercial Papers,-,-,-,-
719429,Tata Housing Development Company Limited,THDCL17920,Tata Housing Development Company Ltd,Delisted,F ,500000.00,INE582L14FX0, ,Commercial Papers,-,-,-,-
719430,Julius Baer Capital (India) Private Limited,JBCPL17920,Julius Baer Capital (India) Pvt Ltd,Delisted,F ,500000.00,INE824H14CU7, ,Commercial Papers,-,-,-,-
719431,Kinara Capital Private Limited,VHFPL17920,Visage Holdings and Finance Pvt Ltd,Delisted,F ,500000.00,INE200W14015, ,Commercial Papers,-,-,-,-
719432,Dalmia Cement (Bharat) Limited,DCL17920,Dalmia Cement (Bharat) Ltd,Delisted,F ,500000.00,INE755K14CO0, ,Commercial Papers,-,-,-,-
719433,Network 18 Media & Investments Limited,N18MI18920,Network 18 Media & Investments Ltd,Delisted,F ,500000.00,INE870H14KY5, ,Commercial Papers,-,-,-,-
719434,Chennai Petroleum Corporation Ltd.,CPCL18920,Chennai Petroleum Corporation Ltd,Delisted,F ,500000.00,INE178A14FW2, ,Commercial Papers,-,-,-,-
719435,Bharat Heavy Electricals Ltd.,BHEL18920,Bharat Heavy Electricals Ltd,Delisted,F ,500000.00,INE257A14391, ,Commercial Papers,-,-,-,-
719436,Kotak Mahindra Prime Limited,KMPL18920,Kotak Mahindra Prime Ltd,Delisted,F ,500000.00,INE916D14U43, ,Commercial Papers,-,-,-,-
719437,Kotak Mahindra Prime Limited,KMPL180920,Kotak Mahindra Prime Ltd,Delisted,F ,500000.00,INE916D14U35, ,Commercial Papers,-,-,-,-
719438,MUTHOOT FINANCE LIMITED,MFL18920,Muthoot Finance Ltd,Delisted,F ,500000.00,INE414G14PS5, ,Commercial Papers,-,-,-,-
719439,Shree Cements Ltd.,SCL18920,Shree Cements Ltd,Delisted,F ,500000.00,INE070A14422, ,Commercial Papers,-,-,-,-
719440,Axis Finance Limited,AFL18920,Axis Finance Ltd,Delisted,F ,500000.00,INE891K14JR1, ,Commercial Papers,-,-,-,-
719441,Sharekhan BNP Paribas Financial Services Limited,SBPFSL21920,Sharekhan BNP Paribas Financial Services Ltd,Delisted,F ,500000.00,INE550X14367, ,Commercial Papers,-,-,-,-
719442,Network 18 Media & Investments Limited,N18MI21920,Network 18 Media & Investments Ltd,Delisted,F ,500000.00,INE870H14LA3, ,Commercial Papers,-,-,-,-
719443,TV18 Broadcast Ltd.,TV18BL21920,TV18 Broadcast Ltd,Delisted,F ,500000.00,INE886H14FI4, ,Commercial Papers,-,-,-,-
719444,HDFC Securities Limited,HDFCSEC219,HDFC Securities Ltd,Delisted,F ,500000.00,INE700G14231, ,Commercial Papers,-,-,-,-
719445,Vardhman Special Steels Ltd,VSSL21920,Vardhman Special Steels Ltd,Delisted,F ,500000.00,INE050M14692, ,Commercial Papers,-,-,-,-
719446,Indian Oil Corporation Ltd.,IOCL21920,Indian Oil Corporation Ltd,Delisted,F ,500000.00,INE242A14RX9, ,Commercial Papers,-,-,-,-
719447,Essel Mining & Industries Limited,EMIL21920,Essel Mining & Industries Ltd,Delisted,F ,500000.00,INE077E14CB9, ,Commercial Papers,-,-,-,-
719448,JSW Steel Limited,JSWSL21920,JSW Steel Ltd,Delisted,F ,500000.00,INE019A14JN9, ,Commercial Papers,-,-,-,-
719449,Housing Development Finance Corp.Lt,HDFC21920,Housing Development Finance Corporation Ltd,Delisted,F ,500000.00,INE001A14WT7, ,Commercial Papers,-,-,-,-
719450,Dalmia Cement (Bharat) Limited,DCL21920,Dalmia Cement (Bharat) Ltd,Delisted,F ,500000.00,INE755K14CP7, ,Commercial Papers,-,-,-,-
719451,Housing Development Finance Corp.Lt,HDFC210920,Housing Development Finance Corporation Ltd,Delisted,F ,500000.00,INE001A14WU5, ,Commercial Papers,-,-,-,-
719452,BEML Ltd,BEML22920,BEML Ltd,Delisted,F ,500000.00,INE258A14027, ,Commercial Papers,-,-,-,-
719453,Manappuram Finance Limited,MFL22920,Manappuram Finance Ltd,Delisted,F ,500000.00,INE522D14MX9, ,Commercial Papers,-,-,-,-
719454,MUTHOOT FINANCE LIMITED,MFL220920,Muthoot Finance Ltd,Delisted,F ,500000.00,INE414G14PT3, ,Commercial Papers,-,-,-,-
719455,Krazybee Services Private Limited,KSPL22920,Krazybee Services Pvt Ltd,Delisted,F ,500000.00,INE07HK14011, ,Commercial Papers,-,-,-,-
719456,Dalmia Cement (Bharat) Limited,DCL22920,Dalmia Cement (Bharat) Ltd,Delisted,F ,500000.00,INE755K14CQ5, ,Commercial Papers,-,-,-,-
719457,Sterlite Technologies Limited.,STL22920,Sterlite Technologies Ltd,Delisted,F ,500000.00,INE089C14AJ5, ,Commercial Papers,-,-,-,-
719458,Grasim Industries Ltd,GIL22920,Grasim Industries Ltd,Delisted,F ,500000.00,INE047A14719, ,Commercial Papers,-,-,-,-
719459,Solar Industries India Limited,SIIL22920,Solar Industries India Ltd,Delisted,F ,500000.00,INE343H14105, ,Commercial Papers,-,-,-,-
719460,NLC India Limited,NLC23920,NLC India Ltd,Delisted,F ,500000.00,INE589A14132, ,Commercial Papers,-,-,-,-
719461,Sharekhan BNP Paribas Financial Services Limited,SBPFSL23920,Sharekhan BNP Paribas Financial Services Ltd,Delisted,F ,500000.00,INE550X14375, ,Commercial Papers,-,-,-,-
719462,KEC International Ltd.,KEC23920,KEC International Ltd,Delisted,F ,500000.00,INE389H14FL3, ,Commercial Papers,-,-,-,-
719463,KEC International Ltd.,KEC230920,KEC International Ltd,Delisted,F ,500000.00,INE389H14FK5, ,Commercial Papers,-,-,-,-
719464,MUTHOOT FINANCE LIMITED,MFL23920,Muthoot Finance Ltd,Delisted,F ,500000.00,INE414G14PU1, ,Commercial Papers,-,-,-,-
719465,Julius Baer Capital (India) Private Limited,JBCPL23920,Julius Baer Capital (India) Pvt Ltd,Delisted,F ,500000.00,INE824H14CV5, ,Commercial Papers,-,-,-,-
719466,JM Financial Properties and Holdings Limited,JMFPHL23920,JM Financial Properties and Holdings Ltd,Delisted,F ,500000.00,INE525R14528, ,Commercial Papers,-,-,-,-
719467,360 ONE Prime Limited,IIFLWF23920,IIFL Wealth Finance Ltd,Delisted,F ,500000.00,INE248U14IE3, ,Commercial Papers,-,-,-,-
719468,JM Financial Capital Limited,JMFCL23920,JM Financial Capital Ltd,Delisted,F ,500000.00,INE901W14BH1, ,Commercial Papers,-,-,-,-
719469,Infina Finance Private Limited,IFPL23920,Infina Finance Pvt Ltd,Delisted,F ,500000.00,INE879F14CV3, ,Commercial Papers,-,-,-,-
719470,Dalmia Cement (Bharat) Limited,DCL23920,Dalmia Cement (Bharat) Ltd,Delisted,F ,500000.00,INE755K14CR3, ,Commercial Papers,-,-,-,-
719471,JM FINANCIAL PRODUCTS LIMITED,JMFPL23920,JM Financial Products Ltd,Delisted,F ,500000.00,INE523H14U51, ,Commercial Papers,-,-,-,-
719472,Bajaj Finance Limited,BFL23920,Bajaj Finance Ltd,Delisted,F ,500000.00,INE296A14QY5, ,Commercial Papers,-,-,-,-
719473,Bajaj Finance Limited,BFL230920,Bajaj Finance Ltd,Delisted,F ,500000.00,INE296A14QX7, ,Commercial Papers,-,-,-,-
719474,ICICI Securities Limited,ISEC23920,ICICI Securities Ltd,Delisted,F ,500000.00,INE763G14IV4, ,Commercial Papers,-,-,-,-
719475,Kotak Mahindra Investments Limited,KMIL23920,Kotak Mahindra Investments Ltd,Delisted,F ,500000.00,INE975F14TI0, ,Commercial Papers,-,-,-,-
719476,Dar Credit & Capital Limited,DCCL24920,Dar Credit & Capital Ltd,Delisted,F ,500000.00,INE04Q914013, ,Commercial Papers,-,-,-,-
719477,Bajaj Financial Securities Limited,BFSL24920,Bajaj Financial Securities Ltd,Delisted,F ,500000.00,INE01C314015, ,Commercial Papers,-,-,-,-
719478,Steel Authority of India Ltd.,SAIL24920,Steel Authority of India Ltd,Delisted,F ,500000.00,INE114A14JD9, ,Commercial Papers,-,-,-,-
719479,GIC Housing Finance Ltd.,GIC24920,GIC Housing Finance Ltd,Delisted,F ,500000.00,INE289B14GP7, ,Commercial Papers,-,-,-,-
719480,Manappuram Finance Limited,MFL24920,Manappuram Finance Ltd,Delisted,F ,500000.00,INE522D14MY7, ,Commercial Papers,-,-,-,-
719481,MUTHOOT FINANCE LIMITED,MFL240920,Muthoot Finance Ltd,Delisted,F ,500000.00,INE414G14PV9, ,Commercial Papers,-,-,-,-
719482,Fedbank Financial Services Limited,FFSL24920,Fedbank Financial Services Ltd,Delisted,F ,500000.00,INE007N14CT9, ,Commercial Papers,-,-,-,-
719483,360 ONE WAM LIMITED,IIFLWM24920,IIFL Wealth Management Ltd,Delisted,F ,500000.00,INE466L14676, ,Commercial Papers,-,-,-,-
719484,SEIL Energy India Limited,SEIL24920,Sembcorp Energy India Ltd,Delisted,F ,500000.00,INE460M14081, ,Commercial Papers,-,-,-,-
719485,POWER GRID CORPORATION OF INDIA LIMITED,PGCIL24920,Power Grid Corporation of India Ltd,Delisted,F ,500000.00,INE752E14476, ,Commercial Papers,-,-,-,-
719486,IIFL Samasta Finance Limited,SML24920,Samasta Microfinance Ltd,Delisted,F ,500000.00,INE413U14133, ,Commercial Papers,-,-,-,-
719487,ICICI Securities Limited,ISEC25920,ICICI Securities Ltd,Delisted,F ,500000.00,INE763G14IU6, ,Commercial Papers,-,-,-,-
719488,birla Group Holdings Private Limited,BGHPL25920,Birla Group Holdings Pvt. Ltd,Delisted,F ,500000.00,INE09OL14466, ,Commercial Papers,-,-,-,-
719489,Steel Authority of India Ltd.,SAIL25920,Steel Authority of India Ltd,Delisted,F ,500000.00,INE114A14JE7, ,Commercial Papers,-,-,-,-
719490,Mangalore Refinery & Petrochemicals,MRPL25920,Mangalore Refinery and Petrochemicals Ltd,Delisted,F ,500000.00,INE103A14173, ,Commercial Papers,-,-,-,-
719491,Sterlite Technologies Limited.,STL25920,Sterlite Technologies Ltd,Delisted,F ,500000.00,INE089C14AK3, ,Commercial Papers,-,-,-,-
719492,Endurance Technologies Limited,ETL25920,Endurance Technologies Ltd,Delisted,F ,500000.00,INE913H14287, ,Commercial Papers,-,-,-,-
719493,Aarti Industries Ltd,AIL250920,Aarti Industries Ltd,Delisted,F ,500000.00,INE769A14619, ,Commercial Papers,-,-,-,-
719494,ŠKODA AUTO Volkswagen India Private Limited,SKODA28920,ŠKODA AUTO Volkswagen India Pvt Ltd,Delisted,F ,500000.00,INE04TA14147, ,Commercial Papers,-,-,-,-
719495,Network 18 Media & Investments Limited,N18MI28920,Network 18 Media & Investments Ltd,Delisted,F ,500000.00,INE870H14LB1, ,Commercial Papers,-,-,-,-
719496,Kotak Mahindra Prime Limited,KMPL28920,Kotak Mahindra Prime Ltd,Delisted,F ,500000.00,INE916D14U50, ,Commercial Papers,-,-,-,-
719497,Axis Securities Limited,ASL28920,Axis Securities Ltd,Delisted,F ,500000.00,INE110O14104, ,Commercial Papers,-,-,-,-
719498,Dalmia Cement (Bharat) Limited,DCL28920,Dalmia Cement (Bharat) Ltd,Delisted,F ,500000.00,INE755K14CS1, ,Commercial Papers,-,-,-,-
719499,TORRENT POWER LIMITED,TPL28920,TORRENT POWER Ltd,Delisted,F ,500000.00,INE813H14222, ,Commercial Papers,-,-,-,-
719500,Sterlite Technologies Limited.,STL28920,Sterlite Technologies Ltd,Delisted,F ,500000.00,INE089C14AL1, ,Commercial Papers,-,-,-,-
719501,Sterlite Technologies Limited.,STL280920,Sterlite Technologies Ltd,Delisted,F ,500000.00,INE089C14AM9, ,Commercial Papers,-,-,-,-
719502,Julius Baer Capital (India) Private Limited,JBCPL29920,Julius Baer Capital (India) Pvt Ltd,Delisted,F ,500000.00,INE824H14CW3, ,Commercial Papers,-,-,-,-
719503,Tata Housing Development Company Limited,THDCL29920,Tata Housing Development Company Ltd,Delisted,F ,500000.00,INE582L14FY8, ,Commercial Papers,-,-,-,-
719504,Trident Ltd,TL29920,Trident Ltd,Delisted,F ,500000.00,INE064C14066, ,Commercial Papers,-,-,-,-
719505,Housing Development Finance Corp.Lt,HDFC29920,Housing Development Finance Corporation Ltd,Delisted,F ,500000.00,INE001A14WV3, ,Commercial Papers,-,-,-,-
719506,Aditya Birla Fashion and Retail Limited,ABFRL29920,Aditya Birla Fashion and Retail Ltd,Delisted,F ,500000.00,INE647O14DZ5, ,Commercial Papers,-,-,-,-
719507,Aditya Birla Fashion and Retail Limited,ABFR29920,Aditya Birla Fashion and Retail Ltd,Delisted,F ,500000.00,INE647O14EA6, ,Commercial Papers,-,-,-,-
719508,Britannia Industries Ltd.,BIL29920,Britannia Industries Ltd,Delisted,F ,500000.00,INE216A14165, ,Commercial Papers,-,-,-,-
719509,TORRENT POWER LIMITED,TPL29920,TORRENT POWER Ltd,Delisted,F ,500000.00,INE813H14230, ,Commercial Papers,-,-,-,-
719510,SBI CARDS AND PAYMENT SERVICES LIMITED,SCARDS29920,SBI Cards and Payment Services Ltd,Delisted,F ,500000.00,INE018E14OW4, ,Commercial Papers,-,-,-,-
719511,ICICI Securities Limited,ISEC29920,ICICI Securities Ltd,Delisted,F ,500000.00,INE763G14IW2, ,Commercial Papers,-,-,-,-
719512,Siyaram Silk Mills Ltd.,SSML30920,Siyaram Silk Mills Ltd,Delisted,F ,500000.00,INE076B14526, ,Commercial Papers,-,-,-,-
719513,MUTHOOT FINCORP LIMITED,MFL30920,Muthoot Fincorp Ltd,Delisted,F ,500000.00,INE549K14AR4, ,Commercial Papers,-,-,-,-
719514,CaratLane Trading Private Limited,CTPL30920,CaratLane Trading Pvt Ltd,Delisted,F ,500000.00,INE015Y14088, ,Commercial Papers,-,-,-,-
719515,NLC India Limited,NLC30920,NLC India Ltd,Delisted,F ,500000.00,INE589A14140, ,Commercial Papers,-,-,-,-
719516,Chennai Petroleum Corporation Ltd.,CPCL300920,Chennai Petroleum Corporation Ltd,Delisted,F ,500000.00,INE178A14FY8, ,Commercial Papers,-,-,-,-
719517,Chennai Petroleum Corporation Ltd.,CPCL3009,Chennai Petroleum Corporation Ltd,Delisted,F ,500000.00,INE178A14FX0, ,Commercial Papers,-,-,-,-
719518,Julius Baer Capital (India) Private Limited,JBCPL30920,Julius Baer Capital (India) Pvt Ltd,Delisted,F ,500000.00,INE824H14CX1, ,Commercial Papers,-,-,-,-
719519,Manappuram Finance Limited,MFL300920,Manappuram Finance Ltd,Delisted,F ,500000.00,INE522D14MZ4, ,Commercial Papers,-,-,-,-
719520,Aarti Industries Ltd,AIL30920,Aarti Industries Ltd,Delisted,F ,500000.00,INE769A14627, ,Commercial Papers,-,-,-,-
719521,BOBCARD LIMITED,BOBFSL309,BOB Financial Solutions Ltd,Delisted,F ,500000.00,INE027214076, ,Commercial Papers,-,-,-,-
719522,Axis Securities Limited,ASL30920,Axis Securities Ltd,Delisted,F ,500000.00,INE110O14112, ,Commercial Papers,-,-,-,-
719523,KEC International Ltd.,KECIL30920,KEC International Ltd,Delisted,F ,500000.00,INE389H14FM1, ,Commercial Papers,-,-,-,-
719524,Kotak Mahindra Prime Limited,KMPL30920,Kotak Mahindra Prime Ltd,Delisted,F ,500000.00,INE916D14U84, ,Commercial Papers,-,-,-,-
719525,ICICI Securities Limited,ISEC30920,ICICI Securities Ltd,Delisted,F ,500000.00,INE763G14IX0, ,Commercial Papers,-,-,-,-
719526,National Fertilizers Ltd.,NFL30920,National Fertilizers Ltd,Delisted,F ,500000.00,INE870D14DJ0, ,Commercial Papers,-,-,-,-
719527,Kribhco Fertilizers Limited,KFL11020,Kribhco Fertilizers Ltd,Delisted,F ,500000.00,INE486H14AX3, ,Commercial Papers,-,-,-,-
719528,Motilal Oswal Finvest Limited,MOFL11020,Motilal Oswal Finvest Ltd,Delisted,F ,500000.00,INE01WN14132, ,Commercial Papers,-,-,-,-
719529,Bharat Petroleum Corpn. Ltd.,BPCL11020,Bharat Petroleum Corporation Ltd,Delisted,F ,500000.00,INE029A14AQ0, ,Commercial Papers,-,-,-,-
719530,JM Financial Properties and Holdings Limited,JMFPHL11020,JM Financial Properties and Holdings Ltd,Delisted,F ,500000.00,INE525R14536, ,Commercial Papers,-,-,-,-
719531,Sharekhan BNP Paribas Financial Services Limited,SPFSL11020,Sharekhan BNP Paribas Financial Services Ltd,Delisted,F ,500000.00,INE550X14383, ,Commercial Papers,-,-,-,-
719532,Aditya Birla Finance Limited,ABFL11020,Aditya Birla Finance Ltd,Delisted,F ,500000.00,INE860H14R16, ,Commercial Papers,-,-,-,-
719533,JM FINANCIAL PRODUCTS LIMITED,JMFPL11020,JM Financial Products Ltd,Delisted,F ,500000.00,INE523H14U69, ,Commercial Papers,-,-,-,-
719534,Infina Finance Private Limited,IFPL11020,Infina Finance Pvt Ltd,Delisted,F ,500000.00,INE879F14CW1, ,Commercial Papers,-,-,-,-
719535,Kotak Mahindra Prime Limited,KMPL11020,Kotak Mahindra Prime Ltd,Delisted,F ,500000.00,INE916D14U68, ,Commercial Papers,-,-,-,-
719536,Kotak Mahindra Prime Limited,KMPL011020,Kotak Mahindra Prime Ltd,Delisted,F ,500000.00,INE916D14U76, ,Commercial Papers,-,-,-,-
719537,360 ONE Prime Limited,IIFLWFL110,IIFL Wealth Finance Ltd,Delisted,F ,500000.00,INE248U14IF0, ,Commercial Papers,-,-,-,-
719538,JM Financial Capital Limited,JMFCL11020,JM Financial Capital Ltd,Delisted,F ,500000.00,INE901W14BI9, ,Commercial Papers,-,-,-,-
719539,360 ONE WAM LIMITED,IIFLWML0110,IIFL Wealth Management Ltd,Delisted,F ,500000.00,INE466L14684, ,Commercial Papers,-,-,-,-
719540,Adani Ports and Special Economic Zone Ltd,APSEZL0110,Adani Ports and Special Economic Zone Ltd,Delisted,F ,500000.00,INE742F14NO5, ,Commercial Papers,-,-,-,-
719541,Adani Ports and Special Economic Zone Ltd,APSEZ011020,Adani Ports and Special Economic Zone Ltd,Delisted,F ,500000.00,INE742F14NP2, ,Commercial Papers,-,-,-,-
719542,Adani Ports and Special Economic Zone Ltd,APSEZL120,Adani Ports and Special Economic Zone Ltd,Delisted,F ,500000.00,INE742F14NR8, ,Commercial Papers,-,-,-,-
719543,Adani Ports and Special Economic Zone Ltd,APSEZ0110,Adani Ports and Special Economic Zone Ltd,Delisted,F ,500000.00,INE742F14NS6, ,Commercial Papers,-,-,-,-
719544,Adani Ports and Special Economic Zone Ltd,APSEZ01,Adani Ports and Special Economic Zone Ltd,Delisted,F ,500000.00,INE742F14NN7, ,Commercial Papers,-,-,-,-
719545,Adani Ports and Special Economic Zone Ltd,APSE011020,Adani Ports and Special Economic Zone Ltd,Delisted,F ,500000.00,INE742F14NX6, ,Commercial Papers,-,-,-,-
719546,Adani Ports and Special Economic Zone Ltd,APSE0110,Adani Ports and Special Economic Zone Ltd,Delisted,F ,500000.00,INE742F14NW8, ,Commercial Papers,-,-,-,-
719547,Adani Ports and Special Economic Zone Ltd,APSE0120,Adani Ports and Special Economic Zone Ltd,Delisted,F ,500000.00,INE742F14NU2, ,Commercial Papers,-,-,-,-
719548,Adani Ports and Special Economic Zone Ltd,APSEZ1020,Adani Ports and Special Economic Zone Ltd,Delisted,F ,500000.00,INE742F14NV0, ,Commercial Papers,-,-,-,-
719549,Adani Ports and Special Economic Zone Ltd,APSEZ012020,Adani Ports and Special Economic Zone Ltd,Delisted,F ,500000.00,INE742F14NQ0, ,Commercial Papers,-,-,-,-
719550,Adani Ports and Special Economic Zone Ltd,APSE1020,Adani Ports and Special Economic Zone Ltd,Delisted,F ,500000.00,INE742F14NT4, ,Commercial Papers,-,-,-,-
719551,Adani Ports and Special Economic Zone Ltd,APSE012020,Adani Ports and Special Economic Zone Ltd,Delisted,F ,500000.00,INE742F14NZ1, ,Commercial Papers,-,-,-,-
719552,Adani Ports and Special Economic Zone Ltd,APSE201001,Adani Ports and Special Economic Zone Ltd,Delisted,F ,500000.00,INE742F14NY4, ,Commercial Papers,-,-,-,-
719553,Can Fin Homes Ltd.,CFHL11020,Can Fin Homes Ltd,Delisted,F ,500000.00,INE477A14AY5, ,Commercial Papers,-,-,-,-
719554,ICICI Securities Limited,ISEC11020,ICICI Securities Ltd,Delisted,F ,500000.00,INE763G14IY8, ,Commercial Papers,-,-,-,-
719555,Bharat Heavy Electricals Ltd.,BHEL51020,Bharat Heavy Electricals Ltd,Delisted,F ,500000.00,INE257A14409, ,Commercial Papers,-,-,-,-
719556,Mangalore Refinery & Petrochemicals,MRPL51020,Mangalore Refinery and Petrochemicals Ltd,Delisted,F ,500000.00,INE103A14181, ,Commercial Papers,-,-,-,-
719557,Motilal Oswal Financial Services Limited,MOFSL61020,Motilal Oswal Financial Services Ltd,Delisted,F ,500000.00,INE338I14BY0, ,Commercial Papers,-,-,-,-
719558,Bharat Petroleum Corpn. Ltd.,BPCL61020,Bharat Petroleum Corporation Ltd,Delisted,F ,500000.00,INE029A14AO5, ,Commercial Papers,-,-,-,-
719559,Bharat Petroleum Corpn. Ltd.,BPCL061020,Bharat Petroleum Corporation Ltd,Delisted,F ,500000.00,INE029A14AP2, ,Commercial Papers,-,-,-,-
719560,Bharat Petroleum Corpn. Ltd.,BPCL6102020,Bharat Petroleum Corporation Ltd,Delisted,F ,500000.00,INE029A14AR8, ,Commercial Papers,-,-,-,-
719561,Bharat Petroleum Corpn. Ltd.,BPC061020,Bharat Petroleum Corporation Ltd,Delisted,F ,500000.00,INE029A14AS6, ,Commercial Papers,-,-,-,-
719562,Dalmia Cement (Bharat) Limited,DCL61020,Dalmia Cement (Bharat) Ltd,Delisted,F ,500000.00,INE755K14CT9, ,Commercial Papers,-,-,-,-
719563,The Ramco Cements Limited,RCL61020,The Ramco Cements Ltd,Delisted,F ,500000.00,INE331A14KI6, ,Commercial Papers,-,-,-,-
719564,Indian Oil Corporation Ltd.,IOCL61020,Indian Oil Corporation Ltd,Delisted,F ,500000.00,INE242A14RY7, ,Commercial Papers,-,-,-,-
719565,Indian Oil Corporation Ltd.,IOCL061020,Indian Oil Corporation Ltd,Delisted,F ,500000.00,INE242A14RZ4, ,Commercial Papers,-,-,-,-
719566,Indian Oil Corporation Ltd.,IOC061020,Indian Oil Corporation Ltd,Delisted,F ,500000.00,INE242A14SC1, ,Commercial Papers,-,-,-,-
719567,Indian Oil Corporation Ltd.,IOCL201006,Indian Oil Corporation Ltd,Delisted,F ,500000.00,INE242A14SA5, ,Commercial Papers,-,-,-,-
719568,Indian Oil Corporation Ltd.,IOCL20106,Indian Oil Corporation Ltd,Delisted,F ,500000.00,INE242A14SB3, ,Commercial Papers,-,-,-,-
719569,Bajaj Finance Limited,BFL71020,Bajaj Finance Ltd,Delisted,F ,500000.00,INE296A14QZ2, ,Commercial Papers,-,-,-,-
719570,NABHA POWER LIMITED,NPL71020,Nabha Power Ltd,Delisted,F ,500000.00,INE445L14BP5, ,Commercial Papers,-,-,-,-
719571,Network 18 Media & Investments Limited,N18MI81020,Network 18 Media & Investments Ltd,Delisted,F ,500000.00,INE870H14LC9, ,Commercial Papers,-,-,-,-
719572,GIC Housing Finance Ltd.,GICHFL81020,GIC Housing Finance Ltd,Delisted,F ,500000.00,INE289B14GQ5, ,Commercial Papers,-,-,-,-
719573,Bajaj Finance Limited,BFL81020,Bajaj Finance Ltd,Delisted,F ,500000.00,INE296A14RA3, ,Commercial Papers,-,-,-,-
719574,Time Technoplast Limited,TTL91020,Time Technoplast Ltd,Delisted,F ,500000.00,INE508G14998, ,Commercial Papers,-,-,-,-
719575,Bajaj Finance Limited,BFL91020,Bajaj Finance Ltd,Delisted,F ,500000.00,INE296A14RB1, ,Commercial Papers,-,-,-,-
719576,Network 18 Media & Investments Limited,N18MI91020,Network 18 Media & Investments Ltd,Delisted,F ,500000.00,INE870H14LE5, ,Commercial Papers,-,-,-,-
719577,birla Group Holdings Private Limited,BGHPL91020,Birla Group Holdings Pvt. Ltd,Delisted,F ,500000.00,INE09OL14474, ,Commercial Papers,-,-,-,-
719578,TV18 Broadcast Ltd.,TV18B91020,TV18 Broadcast Ltd,Delisted,F ,500000.00,INE886H14FJ2, ,Commercial Papers,-,-,-,-
719579,National Bank for Agriculture and Rural Development,NBARD91020,National Bank for Agriculture and Rural Development,Delisted,F ,500000.00,INE261F14HB5, ,Commercial Papers,-,-,-,-
719580,National Bank for Agriculture and Rural Development,NBARD091020,National Bank for Agriculture and Rural Development,Delisted,F ,500000.00,INE261F14HC3, ,Commercial Papers,-,-,-,-
719581,JM FINANCIAL PRODUCTS LIMITED,JMFPL91020,JM Financial Products Ltd,Delisted,F ,500000.00,INE523H14U77, ,Commercial Papers,-,-,-,-
719582,Steel Authority of India Ltd.,SAIL91020,Steel Authority of India Ltd,Delisted,F ,500000.00,INE114A14JF4, ,Commercial Papers,-,-,-,-
719583,The Ramco Cements Limited,RCL91020,The Ramco Cements Ltd,Delisted,F ,500000.00,INE331A14KJ4, ,Commercial Papers,-,-,-,-
719584,Bharat Heavy Electricals Ltd.,BHEL121020,Bharat Heavy Electricals Ltd,Delisted,F ,500000.00,INE257A14417, ,Commercial Papers,-,-,-,-
719585,Steel Authority of India Ltd.,SAIL121020,Steel Authority of India Ltd,Delisted,F ,500000.00,INE114A14JG2, ,Commercial Papers,-,-,-,-
719586,MUTHOOT FINANCE LIMITED,MFL121020,Muthoot Finance Ltd,Delisted,F ,500000.00,INE414G14PW7, ,Commercial Papers,-,-,-,-
719587,Aditya Birla Fashion and Retail Limited,ABFRL121020,Aditya Birla Fashion and Retail Ltd,Delisted,F ,500000.00,INE647O14EC2, ,Commercial Papers,-,-,-,-
719588,KEC International Ltd.,KEC121020,KEC International Ltd,Delisted,F ,500000.00,INE389H14FN9, ,Commercial Papers,-,-,-,-
719589,SBI CARDS AND PAYMENT SERVICES LIMITED,SCARDS1210,SBI Cards and Payment Services Ltd,Delisted,F ,500000.00,INE018E14OX2, ,Commercial Papers,-,-,-,-
719590,KALPATARU PROJECTS INTERNATIONAL LIMITED,KPTL121020,Kalpataru Power Transmission Ltd,Delisted,F ,500000.00,INE220B14AT7, ,Commercial Papers,-,-,-,-
719591,Housing Development Finance Corp.Lt,HDFC121020,Housing Development Finance Corporation Ltd,Delisted,F ,500000.00,INE001A14WW1, ,Commercial Papers,-,-,-,-
719592,NABHA POWER LIMITED,NBL141020,Nabha Power Ltd,Delisted,F ,500000.00,INE445L14BQ3, ,Commercial Papers,-,-,-,-
719593,GIC Housing Finance Ltd.,GIC151020,GIC Housing Finance Ltd,Delisted,F ,500000.00,INE289B14GR3, ,Commercial Papers,-,-,-,-
719594,Aarti Industries Ltd,AIL151020,Aarti Industries Ltd,Delisted,F ,500000.00,INE769A14635, ,Commercial Papers,-,-,-,-
719595,Axis Finance Limited,AFL151020,Axis Finance Ltd,Delisted,F ,500000.00,INE891K14JS9, ,Commercial Papers,-,-,-,-
719596,KEC International Ltd.,KEC151020,KEC International Ltd,Delisted,F ,500000.00,INE389H14FO7, ,Commercial Papers,-,-,-,-
719597,Aditya Birla Fashion and Retail Limited,ABFRL151020,Aditya Birla Fashion and Retail Ltd,Delisted,F ,500000.00,INE647O14EB4, ,Commercial Papers,-,-,-,-
719598,NLC India Limited,NLC161020,NLC India Ltd,Delisted,F ,500000.00,INE589A14157, ,Commercial Papers,-,-,-,-
719599,National Bank for Agriculture and Rural Development,NBARD1610,National Bank for Agriculture and Rural Development,Delisted,F ,500000.00,INE261F14HD1, ,Commercial Papers,-,-,-,-
719600,Network 18 Media & Investments Limited,N18MI1610,Network 18 Media & Investments Ltd,Delisted,F ,500000.00,INE870H14LD7, ,Commercial Papers,-,-,-,-
719601,Manappuram Finance Limited,MFL161020,Manappuram Finance Ltd,Delisted,F ,500000.00,INE522D14NA5, ,Commercial Papers,-,-,-,-
719602,Bombay Burmah Trading Corpn. Ltd.,BBTCL161020,Bombay Burmah Trading Corporation Ltd,Delisted,F ,500000.00,INE050A14523, ,Commercial Papers,-,-,-,-
719603,Sterlite Technologies Limited.,STL161020,Sterlite Technologies Ltd,Delisted,F ,500000.00,INE089C14AN7, ,Commercial Papers,-,-,-,-
719604,Can Fin Homes Ltd.,CFHL161020,Can Fin Homes Ltd,Delisted,F ,500000.00,INE477A14AZ2, ,Commercial Papers,-,-,-,-
719606,TV18 Broadcast Ltd.,TV18BL1910,TV18 Broadcast Ltd,Delisted,F ,500000.00,INE886H14FK0, ,Commercial Papers,-,-,-,-
719607,Housing Development Finance Corp.Lt,HDFC191020,Housing Development Finance Corporation Ltd,Delisted,F ,500000.00,INE001A14WX9, ,Commercial Papers,-,-,-,-
719608,Dalmia Cement (Bharat) Limited,DCL191020,Dalmia Cement (Bharat) Ltd,Delisted,F ,500000.00,INE755K14CU7, ,Commercial Papers,-,-,-,-
719609,NLC Tamilnadu Power Limited,NLCTP2010,NLC Tamilnadu Power Ltd,Delisted,F ,500000.00,INE05C614014, ,Commercial Papers,-,-,-,-
719610,JSW Steel Limited,JSWSL2010,JSW Steel Ltd,Delisted,F ,500000.00,INE019A14JO7, ,Commercial Papers,-,-,-,-
719611,HDFC Securities Limited,HSEC201020,HDFC Securities Ltd,Delisted,F ,500000.00,INE700G14249, ,Commercial Papers,-,-,-,-
719612,National Fertilizers Ltd.,NFL201020,National Fertilizers Ltd,Delisted,F ,500000.00,INE870D14DK8, ,Commercial Papers,-,-,-,-
719613,KEC International Ltd.,KEC201020,KEC International Ltd,Delisted,F ,500000.00,INE389H14FP4, ,Commercial Papers,-,-,-,-
719614,DALMIA BHARAT LIMITED,DBL201020,DALMIA BHARAT Ltd,Delisted,F ,500000.00,INE00R714028, ,Commercial Papers,-,-,-,-
719615,Kotak Securities Limited,KSL211020,Kotak Securities Ltd,Delisted,F ,500000.00,INE028E14HJ4, ,Commercial Papers,-,-,-,-
719616,Grasim Industries Ltd,GIL211020,Grasim Industries Ltd,Delisted,F ,500000.00,INE047A14727, ,Commercial Papers,-,-,-,-
719617,Vardhman Special Steels Ltd,VSSL211020,Vardhman Special Steels Ltd,Delisted,F ,500000.00,INE050M14700, ,Commercial Papers,-,-,-,-
719618,Axis Finance Limited,AFL211020,Axis Finance Ltd,Delisted,F ,500000.00,INE891K14JT7, ,Commercial Papers,-,-,-,-
719619,MUTHOOT FINANCE LIMITED,MFL211020,Muthoot Finance Ltd,Delisted,F ,500000.00,INE414G14QB9, ,Commercial Papers,-,-,-,-
719620,Adani Ports and Special Economic Zone Ltd,APSEZL2110,Adani Ports and Special Economic Zone Ltd,Delisted,F ,500000.00,INE742F14OA2, ,Commercial Papers,-,-,-,-
719621,Adani Ports and Special Economic Zone Ltd,APSEZ211020,Adani Ports and Special Economic Zone Ltd,Delisted,F ,500000.00,INE742F14OB0, ,Commercial Papers,-,-,-,-
719622,360 ONE WAM LIMITED,IIFLWM2110,IIFL Wealth Management Ltd,Delisted,F ,500000.00,INE466L14692, ,Commercial Papers,-,-,-,-
719623,DALMIA BHARAT LIMITED,DBL211020,DALMIA BHARAT Ltd,Delisted,F ,500000.00,INE00R714010, ,Commercial Papers,-,-,-,-
719624,ONGC Petro additions Limited.,OPAL2110,ONGC Petro additions Ltd,Delisted,F ,500000.00,INE163N14113, ,Commercial Papers,-,-,-,-
719625,HDFC Securities Limited,HSEC221020,HDFC Securities Ltd,Delisted,F ,500000.00,INE700G14256, ,Commercial Papers,-,-,-,-
719626,GIC Housing Finance Ltd.,GIC221020,GIC Housing Finance Ltd,Delisted,F ,500000.00,INE289B14GS1, ,Commercial Papers,-,-,-,-
719627,MUTHOOT FINANCE LIMITED,MFL221020,Muthoot Finance Ltd,Delisted,F ,500000.00,INE414G14QA1, ,Commercial Papers,-,-,-,-
719628,The Ramco Cements Limited,RCL221020,The Ramco Cements Ltd,Delisted,F ,500000.00,INE331A14KK2, ,Commercial Papers,-,-,-,-
719629,Network 18 Media & Investments Limited,N18MI231020,Network 18 Media & Investments Ltd,Delisted,F ,500000.00,INE870H14LF2, ,Commercial Papers,-,-,-,-
719630,DALMIA BHARAT LIMITED,DBL231020,DALMIA BHARAT Ltd,Delisted,F ,500000.00,INE00R714036, ,Commercial Papers,-,-,-,-
719631,Axis Finance Limited,AFL231020,Axis Finance Ltd,Delisted,F ,500000.00,INE891K14JU5, ,Commercial Papers,-,-,-,-
719632,MUTHOOT FINANCE LIMITED,MFL231020,Muthoot Finance Ltd,Delisted,F ,500000.00,INE414G14PZ0, ,Commercial Papers,-,-,-,-
719633,Reliance Industries Ltd,RIL231020,Reliance Industries Ltd,Delisted,F ,500000.00,INE002A14GI1, ,Commercial Papers,-,-,-,-
719634,Reliance Industries Ltd,RIL23102020,Reliance Industries Ltd,Delisted,F ,500000.00,INE002A14GJ9, ,Commercial Papers,-,-,-,-
719635,Dalmia Cement (Bharat) Limited,DCL261020,Dalmia Cement (Bharat) Ltd,Delisted,F ,500000.00,INE755K14CV5, ,Commercial Papers,-,-,-,-
719636,ICICI HOME FINANCE COMPANY LIMITED,IHFCL261020,ICICI HOME FINANCE COMPANY Ltd,Delisted,F ,500000.00,INE071G14DF6, ,Commercial Papers,-,-,-,-
719637,DALMIA BHARAT LIMITED,DBL261020,DALMIA BHARAT Ltd,Delisted,F ,500000.00,INE00R714044, ,Commercial Papers,-,-,-,-
719638,HDFC Securities Limited,HSEC271020,HDFC Securities Ltd,Delisted,F ,500000.00,INE700G14264, ,Commercial Papers,-,-,-,-
719639,TV18 Broadcast Ltd.,TV18B2710,TV18 Broadcast Ltd,Delisted,F ,500000.00,INE886H14FL8, ,Commercial Papers,-,-,-,-
719640,MUTHOOT FINANCE LIMITED,MFL271020,Muthoot Finance Ltd,Delisted,F ,500000.00,INE414G14PY3, ,Commercial Papers,-,-,-,-
719641,ICICI Securities Limited,ISEC271020,ICICI Securities Ltd,Delisted,F ,500000.00,INE763G14IZ5, ,Commercial Papers,-,-,-,-
719642,Bharat Heavy Electricals Ltd.,BHEL271020,Bharat Heavy Electricals Ltd,Delisted,F ,500000.00,INE257A14425, ,Commercial Papers,-,-,-,-
719643,Housing Development Finance Corp.Lt,HDFC271020,Housing Development Finance Corporation Ltd,Delisted,F ,500000.00,INE001A14WY7, ,Commercial Papers,-,-,-,-
719644,Reliance Industries Ltd,RIL271020,Reliance Industries Ltd,Delisted,F ,500000.00,INE002A14GK7, ,Commercial Papers,-,-,-,-
719645,Network 18 Media & Investments Limited,N18ML281020,Network 18 Media & Investments Ltd,Delisted,F ,500000.00,INE870H14LG0, ,Commercial Papers,-,-,-,-
719646,Manappuram Finance Limited,MFL28102020,Manappuram Finance Ltd,Delisted,F ,500000.00,INE522D14NB3, ,Commercial Papers,-,-,-,-
719647,MUTHOOT FINANCE LIMITED,MFL281020,Muthoot Finance Ltd,Delisted,F ,500000.00,INE414G14PX5, ,Commercial Papers,-,-,-,-
719648,Zydus Lifesciences Limited,CHL28102020,Cadila Healthcare Ltd,Delisted,F ,500000.00,INE010B14186, ,Commercial Papers,-,-,-,-
719649,ICICI HOME FINANCE COMPANY LIMITED,IHFL281020,ICICI HOME FINANCE COMPANY Ltd,Delisted,F ,500000.00,INE071G14DG4, ,Commercial Papers,-,-,-,-
719650,Reliance Industries Ltd,RIL281020,Reliance Industries Ltd,Delisted,F ,500000.00,INE002A14GL5, ,Commercial Papers,-,-,-,-
719651,Axis Securities Limited,ASL28102020,Axis Securities Ltd,Delisted,F ,500000.00,INE110O14120, ,Commercial Papers,-,-,-,-
719652,Bharat Oman Refineries Limited,BORL291020,Bharat Oman Refineries Ltd,Delisted,F ,500000.00,INE322J14147, ,Commercial Papers,-,-,-,-
719653,Tata Realty and Infrastructure Limited,TRIL291020,Tata Realty and Infrastructure Ltd,Delisted,F ,500000.00,INE371K14AN2, ,Commercial Papers,-,-,-,-
719654,JSW Steel Limited,JSWSL291020,JSW Steel Ltd,Delisted,F ,500000.00,INE019A14JT6, ,Commercial Papers,-,-,-,-
719655,JSW Steel Limited,JSWSL2910,JSW Steel Ltd,Delisted,F ,500000.00,INE019A14JP4, ,Commercial Papers,-,-,-,-
719656,JSW Steel Limited,JSW291020,JSW Steel Ltd,Delisted,F ,500000.00,INE019A14JQ2, ,Commercial Papers,-,-,-,-
719657,The Ramco Cements Limited,RCL291020,The Ramco Cements Ltd,Delisted,F ,500000.00,INE331A14KL0, ,Commercial Papers,-,-,-,-
719658,TV18 Broadcast Ltd.,TV18B2910,TV18 Broadcast Ltd,Delisted,F ,500000.00,INE886H14FM6, ,Commercial Papers,-,-,-,-
719659,JSW Steel Limited,JSWS2910,JSW Steel Ltd,Delisted,F ,500000.00,INE019A14JS8, ,Commercial Papers,-,-,-,-
719660,JSW Steel Limited,JSWS291020,JSW Steel Ltd,Delisted,F ,500000.00,INE019A14JR0, ,Commercial Papers,-,-,-,-
719661,Bajaj Housing Finance Limited,BHFL291020,Bajaj Housing Finance Ltd,Delisted,F ,500000.00,INE377Y14744, ,Commercial Papers,-,-,-,-
719662,Sterlite Technologies Limited.,STL291020,Sterlite Technologies Ltd,Delisted,F ,500000.00,INE089C14AO5, ,Commercial Papers,-,-,-,-
719663,SBI CARDS AND PAYMENT SERVICES LIMITED,SCARDS2910,SBI Cards and Payment Services Ltd,Delisted,F ,500000.00,INE018E14OY0, ,Commercial Papers,-,-,-,-
719664,Kotak Securities Limited,KSL21120,Kotak Securities Ltd,Delisted,F ,500000.00,INE028E14HI6, ,Commercial Papers,-,-,-,-
719665,Aditya Birla Fashion and Retail Limited,ABFR21120,Aditya Birla Fashion and Retail Ltd,Delisted,F ,500000.00,INE647O14ED0, ,Commercial Papers,-,-,-,-
719666,JM Financial Properties and Holdings Limited,JMFPH21120,JM Financial Properties and Holdings Ltd,Delisted,F ,500000.00,INE525R14544, ,Commercial Papers,-,-,-,-
719667,Reliance Industries Ltd,RIL21120,Reliance Industries Ltd,Delisted,F ,500000.00,INE002A14GN1, ,Commercial Papers,-,-,-,-
719668,SBI CARDS AND PAYMENT SERVICES LIMITED,SCARD21120,SBI Cards and Payment Services Ltd,Delisted,F ,500000.00,INE018E14OZ7, ,Commercial Papers,-,-,-,-
719669,Chennai Petroleum Corporation Ltd.,CPCL31120,Chennai Petroleum Corporation Ltd,Delisted,F ,500000.00,INE178A14FZ5, ,Commercial Papers,-,-,-,-
719670,Bajaj Financial Securities Limited,BFSL31120,Bajaj Financial Securities Ltd,Delisted,F ,500000.00,INE01C314023, ,Commercial Papers,-,-,-,-
719671,Julius Baer Capital (India) Private Limited,JBCPL31120,Julius Baer Capital (India) Pvt Ltd,Delisted,F ,500000.00,INE824H14CY9, ,Commercial Papers,-,-,-,-
719672,Bharat Heavy Electricals Ltd.,BHEL3112020,Bharat Heavy Electricals Ltd,Delisted,F ,500000.00,INE257A14433, ,Commercial Papers,-,-,-,-
719673,Adani Ports and Special Economic Zone Ltd,APSEZ31120,Adani Ports and Special Economic Zone Ltd,Delisted,F ,500000.00,INE742F14OD6, ,Commercial Papers,-,-,-,-
719674,Adani Ports and Special Economic Zone Ltd,APSEZL31120,Adani Ports and Special Economic Zone Ltd,Delisted,F ,500000.00,INE742F14OC8, ,Commercial Papers,-,-,-,-
719675,ICICI Securities Limited,ISEC31120,ICICI Securities Ltd,Delisted,F ,500000.00,INE763G14JA6, ,Commercial Papers,-,-,-,-
719676,Mangalore Refinery & Petrochemicals,MPRL31120,Mangalore Refinery and Petrochemicals Ltd,Delisted,F ,500000.00,INE103A14199, ,Commercial Papers,-,-,-,-
719677,Oil And Natural Gas Corporation Ltd,ONGC31120,Oil and Natural Gas Corporation Ltd,Delisted,F ,500000.00,INE213A14253, ,Commercial Papers,-,-,-,-
719678,HDFC Securities Limited,HSEC41120,HDFC Securities Ltd,Delisted,F ,500000.00,INE700G14272, ,Commercial Papers,-,-,-,-
719679,TV18 Broadcast Ltd.,TV18B41120,TV18 Broadcast Ltd,Delisted,F ,500000.00,INE886H14FO2, ,Commercial Papers,-,-,-,-
719680,GIC Housing Finance Ltd.,GIC51120,GIC Housing Finance Ltd,Delisted,F ,500000.00,INE289B14GT9, ,Commercial Papers,-,-,-,-
719681,HDFC Securities Limited,HSEC51120,HDFC Securities Ltd,Delisted,F ,500000.00,INE700G14280, ,Commercial Papers,-,-,-,-
719682,birla Group Holdings Private Limited,BGHPL51120,Birla Group Holdings Pvt. Ltd,Delisted,F ,500000.00,INE09OL14482, ,Commercial Papers,-,-,-,-
719683,NLC India Limited,NLC51120,NLC India Ltd,Delisted,F ,500000.00,INE589A14165, ,Commercial Papers,-,-,-,-
719684,National Fertilizers Ltd.,NFL51120,National Fertilizers Ltd,Delisted,F ,500000.00,INE870D14DL6, ,Commercial Papers,-,-,-,-
719685,Reliance Industries Ltd,RIL51120,Reliance Industries Ltd,Delisted,F ,500000.00,INE002A14GM3, ,Commercial Papers,-,-,-,-
719686,Housing Development Finance Corp.Lt,HDFC61120,Housing Development Finance Corporation Ltd,Delisted,F ,500000.00,INE001A14WZ4, ,Commercial Papers,-,-,-,-
719687,TV18 Broadcast Ltd.,TV18B61120,TV18 Broadcast Ltd,Delisted,F ,500000.00,INE886H14FN4, ,Commercial Papers,-,-,-,-
719688,ICICI Securities Limited,ISEC61120,ICICI Securities Ltd,Delisted,F ,500000.00,INE763G14JC2, ,Commercial Papers,-,-,-,-
719689,ICICI Securities Limited,ISEC6112020,ICICI Securities Ltd,Delisted,F ,500000.00,INE763G14JB4, ,Commercial Papers,-,-,-,-
719690,Indian Oil Corporation Ltd.,IOCL61120,Indian Oil Corporation Ltd,Delisted,F ,500000.00,INE242A14SD9, ,Commercial Papers,-,-,-,-
719691,Bharat Petroleum Corpn. Ltd.,BPCL61120,Bharat Petroleum Corporation Ltd,Delisted,F ,500000.00,INE029A14AT4, ,Commercial Papers,-,-,-,-
719692,Bharat Petroleum Corpn. Ltd.,BPCL6112020,Bharat Petroleum Corporation Ltd,Delisted,F ,500000.00,INE029A14AU2, ,Commercial Papers,-,-,-,-
719693,Network 18 Media & Investments Limited,N18MI91120,Network 18 Media & Investments Ltd,Delisted,F ,500000.00,INE870H14LH8, ,Commercial Papers,-,-,-,-
719694,Axis Finance Limited,AFL91120,Axis Finance Ltd,Delisted,F ,500000.00,INE891K14JV3, ,Commercial Papers,-,-,-,-
719695,Chennai Petroleum Corporation Ltd.,CPCL101120,Chennai Petroleum Corporation Ltd,Delisted,F ,500000.00,INE178A14GA6, ,Commercial Papers,-,-,-,-
719696,Transport Corporation of India Ltd,TCIL101120,Transport Corporation of India Ltd,Delisted,F ,500000.00,INE688A14KF5, ,Commercial Papers,-,-,-,-
719697,Dalmia Cement (Bharat) Limited,DCL101120,Dalmia Cement (Bharat) Ltd,Delisted,F ,500000.00,INE755K14CW3, ,Commercial Papers,-,-,-,-
719698,Bajaj Financial Securities Limited,BFSL111120,Bajaj Financial Securities Ltd,Delisted,F ,500000.00,INE01C314031, ,Commercial Papers,-,-,-,-
719699,Julius Baer Capital (India) Private Limited,JBCL111120,Julius Baer Capital (India) Pvt Ltd,Delisted,F ,500000.00,INE824H14CZ6, ,Commercial Papers,-,-,-,-
719700,Pilani Investment And Industries Corporation Limited,PIICL111120,Pilani Investment and Industries Corporation Ltd,Delisted,F ,500000.00,INE417C14082, ,Commercial Papers,-,-,-,-
719701,Pilani Investment And Industries Corporation Limited,PIICL1120,Pilani Investment and Industries Corporation Ltd,Delisted,F ,500000.00,INE417C14090, ,Commercial Papers,-,-,-,-
719702,Larsen & Toubro Limited,LT111120,Larsen & Toubro Ltd,Delisted,F ,500000.00,INE018A14HZ9, ,Commercial Papers,-,-,-,-
719703,Infina Finance Private Limited,IFPL111120,Infina Finance Pvt Ltd,Delisted,F ,500000.00,INE879F14CX9, ,Commercial Papers,-,-,-,-
719704,Transport Corporation of India Ltd,TCIL111120,Transport Corporation of India Ltd,Delisted,F ,500000.00,INE688A14KI9, ,Commercial Papers,-,-,-,-
719705,Bharat Heavy Electricals Ltd.,BHEL121120,Bharat Heavy Electricals Ltd,Delisted,F ,500000.00,INE257A14441, ,Commercial Papers,-,-,-,-
719706,ICICI Securities Limited,ISEC121120,ICICI Securities Ltd,Delisted,F ,500000.00,INE763G14JD0, ,Commercial Papers,-,-,-,-
719707,Housing Development Finance Corp.Lt,HDFC121120,Housing Development Finance Corporation Ltd,Delisted,F ,500000.00,INE001A14XA5, ,Commercial Papers,-,-,-,-
719708,CaratLane Trading Private Limited,CLTPL121120,CaratLane Trading Pvt Ltd,Delisted,F ,500000.00,INE015Y14096, ,Commercial Papers,-,-,-,-
719709,Dalmia Cement (Bharat) Limited,DBL121120,Dalmia Cement (Bharat) Ltd,Delisted,F ,500000.00,INE755K14CX1, ,Commercial Papers,-,-,-,-
719710,Kotak Securities Limited,KSL131120,Kotak Securities Ltd,Delisted,F ,500000.00,INE028E14HK2, ,Commercial Papers,-,-,-,-
719711,Steel Authority of India Ltd.,SAIL131120,Steel Authority of India Ltd,Delisted,F ,500000.00,INE114A14JH0, ,Commercial Papers,-,-,-,-
719712,Steel Authority of India Ltd.,SAIL201113,Steel Authority of India Ltd,Delisted,F ,500000.00,INE114A14JI8, ,Commercial Papers,-,-,-,-
719713,Kotak Securities Limited,KSL171120,Kotak Securities Ltd,Delisted,F ,500000.00,INE028E14HL0, ,Commercial Papers,-,-,-,-
719714,MUTHOOT FINANCE LIMITED,MFL171120,Muthoot Finance Ltd,Delisted,F ,500000.00,INE414G14QD5, ,Commercial Papers,-,-,-,-
719715,Network 18 Media & Investments Limited,N18MI171120,Network 18 Media & Investments Ltd,Delisted,F ,500000.00,INE870H14LI6, ,Commercial Papers,-,-,-,-
719716,Housing Development Finance Corp.Lt,HDFC171120,Housing Development Finance Corporation Ltd,Delisted,F ,500000.00,INE001A14XB3, ,Commercial Papers,-,-,-,-
719717,SBI CARDS AND PAYMENT SERVICES LIMITED,SCARDS1711,SBI Cards and Payment Services Ltd,Delisted,F ,500000.00,INE018E14PA7, ,Commercial Papers,-,-,-,-
719718,SBI CARDS AND PAYMENT SERVICES LIMITED,SCARD171120,SBI Cards and Payment Services Ltd,Delisted,F ,500000.00,INE018E14PB5, ,Commercial Papers,-,-,-,-
719719,Mangalore Refinery & Petrochemicals,MRPL181120,Mangalore Refinery and Petrochemicals Ltd,Delisted,F ,500000.00,INE103A14207, ,Commercial Papers,-,-,-,-
719720,Chennai Petroleum Corporation Ltd.,CPCL181120,Chennai Petroleum Corporation Ltd,Delisted,F ,500000.00,INE178A14GB4, ,Commercial Papers,-,-,-,-
719721,birla Group Holdings Private Limited,BGHPL181120,Birla Group Holdings Pvt. Ltd,Delisted,F ,500000.00,INE09OL14490, ,Commercial Papers,-,-,-,-
719722,MUTHOOT FINANCE LIMITED,MFL181120,Muthoot Finance Ltd,Delisted,F ,500000.00,INE414G14QC7, ,Commercial Papers,-,-,-,-
719723,Kotak Securities Limited,KSL181120,Kotak Securities Ltd,Delisted,F ,500000.00,INE028E14HM8, ,Commercial Papers,-,-,-,-
719724,Shree Cements Ltd.,SCL181120,Shree Cements Ltd,Delisted,F ,500000.00,INE070A14430, ,Commercial Papers,-,-,-,-
719725,Larsen & Toubro Limited,LT181120,Larsen & Toubro Ltd,Delisted,F ,500000.00,INE018A14IA0, ,Commercial Papers,-,-,-,-
719726,ICICI Securities Limited,ISEC181120,ICICI Securities Ltd,Delisted,F ,500000.00,INE763G14JF5, ,Commercial Papers,-,-,-,-
719727,ICICI Securities Limited,ISEC1811,ICICI Securities Ltd,Delisted,F ,500000.00,INE763G14JE8, ,Commercial Papers,-,-,-,-
719728,Housing Development Finance Corp.Lt,HDFC191120,Housing Development Finance Corporation Ltd,Delisted,F ,500000.00,INE001A14XC1, ,Commercial Papers,-,-,-,-
719729,Motilal Oswal Finvest Limited,MOFL191120,Motilal Oswal Finvest Ltd,Delisted,F ,500000.00,INE01WN14140, ,Commercial Papers,-,-,-,-
719730,Motilal Oswal Financial Services Limited,MOFS191120,Motilal Oswal Financial Services Ltd,Delisted,F ,500000.00,INE338I14BZ7, ,Commercial Papers,-,-,-,-
719731,Can Fin Homes Ltd.,CFHL191120,Can Fin Homes Ltd,Delisted,F ,500000.00,INE477A14BA3, ,Commercial Papers,-,-,-,-
719732,National Fertilizers Ltd.,NFL191120,National Fertilizers Ltd,Delisted,F ,500000.00,INE870D14DM4, ,Commercial Papers,-,-,-,-
719733,Transport Corporation of India Ltd,TCIL191120,Transport Corporation of India Ltd,Delisted,F ,500000.00,INE688A14KH1, ,Commercial Papers,-,-,-,-
719734,Indian Oil Corporation Ltd.,IOCL201120,Indian Oil Corporation Ltd,Delisted,F ,500000.00,INE242A14SE7, ,Commercial Papers,-,-,-,-
719735,KEC International Ltd.,KEC201120,KEC International Ltd,Delisted,F ,500000.00,INE389H14FQ2, ,Commercial Papers,-,-,-,-
719736,Mangalore Refinery & Petrochemicals,MRPL201120,Mangalore Refinery and Petrochemicals Ltd,Delisted,F ,500000.00,INE103A14215, ,Commercial Papers,-,-,-,-
719737,Manappuram Finance Limited,MFL201120,Manappuram Finance Ltd,Delisted,F ,500000.00,INE522D14NC1, ,Commercial Papers,-,-,-,-
719738,JM FINANCIAL PRODUCTS LIMITED,JMFPL201120,JM Financial Products Ltd,Delisted,F ,500000.00,INE523H14U85, ,Commercial Papers,-,-,-,-
719739,Transport Corporation of India Ltd,TCIL201120,Transport Corporation of India Ltd,Delisted,F ,500000.00,INE688A14KG3, ,Commercial Papers,-,-,-,-
719740,MUTHOOT FINANCE LIMITED,MFL20112020,Muthoot Finance Ltd,Delisted,F ,500000.00,INE414G14QE3, ,Commercial Papers,-,-,-,-
719741,The Ramco Cements Limited,RCL201120,The Ramco Cements Ltd,Delisted,F ,500000.00,INE331A14KM8, ,Commercial Papers,-,-,-,-
719742,Bombay Burmah Trading Corpn. Ltd.,BBTCL201120,Bombay Burmah Trading Corporation Ltd,Delisted,F ,500000.00,INE050A14531, ,Commercial Papers,-,-,-,-
719743,Julius Baer Capital (India) Private Limited,JBCPL201120,Julius Baer Capital (India) Pvt Ltd,Delisted,F ,500000.00,INE824H14DA7, ,Commercial Papers,-,-,-,-
719744,Can Fin Homes Ltd.,CFHL201120,Can Fin Homes Ltd,Delisted,F ,500000.00,INE477A14BB1, ,Commercial Papers,-,-,-,-
719745,HDFC Credila Financial Services Ltd,HCFSL201120,HDFC Credila Financial Services Pvt. Ltd,Delisted,F ,500000.00,INE539K14AJ2, ,Commercial Papers,-,-,-,-
719746,Aditya Birla Fashion and Retail Limited,ABFRL231120,Aditya Birla Fashion and Retail Ltd,Delisted,F ,500000.00,INE647O14EE8, ,Commercial Papers,-,-,-,-
719747,Axis Finance Limited,AFL231120,Axis Finance Ltd,Delisted,F ,500000.00,INE891K14JW1, ,Commercial Papers,-,-,-,-
719748,MUTHOOT FINANCE LIMITED,MFL231120,Muthoot Finance Ltd,Delisted,F ,500000.00,INE414G14QF0, ,Commercial Papers,-,-,-,-
719749,Dalmia Cement (Bharat) Limited,DCL231120,Dalmia Cement (Bharat) Ltd,Delisted,F ,500000.00,INE755K14CY9, ,Commercial Papers,-,-,-,-
719750,Kotak Securities Limited,KSL231120,Kotak Securities Ltd,Delisted,F ,500000.00,INE028E14HN6, ,Commercial Papers,-,-,-,-
719751,Tata Power Co. Ltd,TPCL231120,Tata Power Company Ltd,Delisted,F ,500000.00,INE245A14EC4, ,Commercial Papers,-,-,-,-
719752,KEC International Ltd.,KEC231120,KEC International Ltd,Delisted,F ,500000.00,INE389H14FR0, ,Commercial Papers,-,-,-,-
719753,Transport Corporation of India Ltd,TCIL231120,Transport Corporation of India Ltd,Delisted,F ,500000.00,INE688A14KJ7, ,Commercial Papers,-,-,-,-
719754,ICICI Securities Limited,ISEC231120,ICICI Securities Ltd,Delisted,F ,500000.00,INE763G14JG3, ,Commercial Papers,-,-,-,-
719755,Chennai Petroleum Corporation Ltd.,CPCL231120,Chennai Petroleum Corporation Ltd,Delisted,F ,500000.00,INE178A14GD0, ,Commercial Papers,-,-,-,-
719756,Chennai Petroleum Corporation Ltd.,CPCL2311,Chennai Petroleum Corporation Ltd,Delisted,F ,500000.00,INE178A14GC2, ,Commercial Papers,-,-,-,-
719757,E.I.D. Parry (India) Ltd.,EIDPIL2311,EID Parry (India) Ltd,Delisted,F ,500000.00,INE126A14EC6, ,Commercial Papers,-,-,-,-
719758,SBI CARDS AND PAYMENT SERVICES LIMITED,SCARD2311,SBI Cards and Payment Services Ltd,Delisted,F ,500000.00,INE018E14PC3, ,Commercial Papers,-,-,-,-
719759,BOBCARD LIMITED,BOBFS231120,BOB Financial Solutions Ltd,Delisted,F ,500000.00,INE027214084, ,Commercial Papers,-,-,-,-
719760,birla Group Holdings Private Limited,BGHL241120,Birla Group Holdings Pvt. Ltd,Delisted,F ,500000.00,INE09OL14508, ,Commercial Papers,-,-,-,-
719761,SIKKA PORTS & TERMINALS LTD,SPTL241120,Sikka Ports & Terminals Ltd,Delisted,F ,500000.00,INE941D14055, ,Commercial Papers,-,-,-,-
719762,SIKKA PORTS & TERMINALS LTD,SPTL201124,Sikka Ports & Terminals Ltd,Delisted,F ,500000.00,INE941D14063, ,Commercial Papers,-,-,-,-
719763,Kotak Mahindra Prime Limited,KMPL241120,Kotak Mahindra Prime Ltd,Delisted,F ,500000.00,INE916D14U92, ,Commercial Papers,-,-,-,-
719764,National Bank for Agriculture and Rural Development,NBARD241120,National Bank for Agriculture and Rural Development,Delisted,F ,500000.00,INE261F14GM4, ,Commercial Papers,-,-,-,-
719765,Can Fin Homes Ltd.,CFHL241120,Can Fin Homes Ltd,Delisted,F ,500000.00,INE477A14BC9, ,Commercial Papers,-,-,-,-
719766,Jamnagar Utilities & Power Private Limited,JUPL241120,Jamnagar Utilities & Power Pvt. Ltd,Delisted,F ,500000.00,INE936D14030, ,Commercial Papers,-,-,-,-
719767,Jamnagar Utilities & Power Private Limited,JUPPL241120,Jamnagar Utilities & Power Pvt. Ltd,Delisted,F ,500000.00,INE936D14048, ,Commercial Papers,-,-,-,-
719768,STANDARD CHARTERED CAPITAL LIMITED,SCIL251120,Standard Chartered Investments and Loans (India) Ltd,Delisted,F ,500000.00,INE403G14NI4, ,Commercial Papers,-,-,-,-
719769,Ramco Industries Ltd,RIL251120,Ramco Industries Ltd,Delisted,F ,500000.00,INE614A14260, ,Commercial Papers,-,-,-,-
719770,Manappuram Finance Limited,MFL251120,Manappuram Finance Ltd,Delisted,F ,500000.00,INE522D14ND9, ,Commercial Papers,-,-,-,-
719771,Transport Corporation of India Ltd,TCIL251120,Transport Corporation of India Ltd,Delisted,F ,500000.00,INE688A14KK5, ,Commercial Papers,-,-,-,-
719772,ONGC Petro additions Limited.,OPAL251120,ONGC Petro additions Ltd,Delisted,F ,500000.00,INE163N14121, ,Commercial Papers,-,-,-,-
719773,GIC Housing Finance Ltd.,GIC261120,GIC Housing Finance Ltd,Delisted,F ,500000.00,INE289B14GU7, ,Commercial Papers,-,-,-,-
719774,Network 18 Media & Investments Limited,N18MI2611,Network 18 Media & Investments Ltd,Delisted,F ,500000.00,INE870H14LK2, ,Commercial Papers,-,-,-,-
719775,Bharat Heavy Electricals Ltd.,BHEL261120,Bharat Heavy Electricals Ltd,Delisted,F ,500000.00,INE257A14458, ,Commercial Papers,-,-,-,-
719776,Kotak Mahindra Prime Limited,KMPL261120,Kotak Mahindra Prime Ltd,Delisted,F ,500000.00,INE916D14V00, ,Commercial Papers,-,-,-,-
719777,Kotak Mahindra Prime Limited,KMP26112020,Kotak Mahindra Prime Ltd,Delisted,F ,500000.00,INE916D14V18, ,Commercial Papers,-,-,-,-
719778,Kotak Mahindra Prime Limited,KMP261120,Kotak Mahindra Prime Ltd,Delisted,F ,500000.00,INE916D14V26, ,Commercial Papers,-,-,-,-
719779,ICICI Securities Limited,ISEC261120,ICICI Securities Ltd,Delisted,F ,500000.00,INE763G14JH1, ,Commercial Papers,-,-,-,-
719780,Reliance Industries Ltd,RIL261120,Reliance Industries Ltd,Delisted,F ,500000.00,INE002A14GO9, ,Commercial Papers,-,-,-,-
719781,Larsen & Toubro Limited,LT26112020,Larsen & Toubro Ltd,Delisted,F ,500000.00,INE018A14IB8, ,Commercial Papers,-,-,-,-
719782,360 ONE WAM LIMITED,IIFLWM2611,IIFL Wealth Management Ltd,Delisted,F ,500000.00,INE466L14700, ,Commercial Papers,-,-,-,-
719783,Kotak Mahindra Investments Limited,KMIL261120,Kotak Mahindra Investments Ltd,Delisted,F ,500000.00,INE975F14TK6, ,Commercial Papers,-,-,-,-
719784,Kotak Mahindra Investments Limited,KMI26112020,Kotak Mahindra Investments Ltd,Delisted,F ,500000.00,INE975F14TJ8, ,Commercial Papers,-,-,-,-
719785,Volkswagen Finance Private Limited,VFPL271120,Volkswagen Finance Pvt Ltd,Delisted,F ,500000.00,INE851M14HE3, ,Commercial Papers,-,-,-,-
719786,APL Apollo Tubes Limited,APATL271120,APL Apollo Tubes Ltd,Delisted,F ,500000.00,INE702C14BD4, ,Commercial Papers,-,-,-,-
719787,HDFC Securities Limited,HSEC271120,HDFC Securities Ltd,Delisted,F ,500000.00,INE700G14298, ,Commercial Papers,-,-,-,-
719788,NLC Tamilnadu Power Limited,NLCTPL2711,NLC Tamilnadu Power Ltd,Delisted,F ,500000.00,INE05C614022, ,Commercial Papers,-,-,-,-
719789,Motilal Oswal Finvest Limited,MOFL271120,Motilal Oswal Finvest Ltd,Delisted,F ,500000.00,INE01WN14157, ,Commercial Papers,-,-,-,-
719790,STANDARD CHARTERED CAPITAL LIMITED,SCCL271120,Standard Chartered Investments and Loans (India) Ltd,Delisted,F ,500000.00,INE403G14NJ2, ,Commercial Papers,-,-,-,-
719791,Network 18 Media & Investments Limited,N18MIL2711,Network 18 Media & Investments Ltd,Delisted,F ,500000.00,INE870H14LJ4, ,Commercial Papers,-,-,-,-
719792,Tata Power Co. Ltd,TPCL3184,Tata Power Company Ltd,Delisted,F ,500000.00,INE245A14ED2, ,Commercial Papers,-,-,-,-
719793,birla Group Holdings Private Limited,BGHPL271120,Birla Group Holdings Pvt. Ltd,Delisted,F ,500000.00,INE09OL14516, ,Commercial Papers,-,-,-,-
719794,KEC International Ltd.,KEC271120,KEC International Ltd,Delisted,F ,500000.00,INE389H14FS8, ,Commercial Papers,-,-,-,-
719795,Aditya Birla Fashion and Retail Limited,ABFRL2711,Aditya Birla Fashion and Retail Ltd,Delisted,F ,500000.00,INE647O14EF5, ,Commercial Papers,-,-,-,-
719796,NLC India Limited,NLC271120,NLC India Ltd,Delisted,F ,500000.00,INE589A14173, ,Commercial Papers,-,-,-,-
719797,Axis Finance Limited,AFL271120,Axis Finance Ltd,Delisted,F ,500000.00,INE891K14JX9, ,Commercial Papers,-,-,-,-
719798,Julius Baer Capital (India) Private Limited,JBCPL271120,Julius Baer Capital (India) Pvt Ltd,Delisted,F ,500000.00,INE824H14DD1, ,Commercial Papers,-,-,-,-
719799,SBI CARDS AND PAYMENT SERVICES LIMITED,SCARD271120,SBI Cards and Payment Services Ltd,Delisted,F ,500000.00,INE018E14PD1, ,Commercial Papers,-,-,-,-
719800,Motilal Oswal Home Finance Limited,MOHFL2711,Motilal Oswal Home Finance Ltd,Delisted,F ,500000.00,INE658R14428, ,Commercial Papers,-,-,-,-
719801,Dalmia Cement (Bharat) Limited,DCL271120,Dalmia Cement (Bharat) Ltd,Delisted,F ,500000.00,INE755K14CZ6, ,Commercial Papers,-,-,-,-
719802,Reliance Industries Ltd,RIL271120,Reliance Industries Ltd,Delisted,F ,500000.00,INE002A14GP6, ,Commercial Papers,-,-,-,-
719803,Reliance Industries Ltd,RIL27112020,Reliance Industries Ltd,Delisted,F ,500000.00,INE002A14GQ4, ,Commercial Papers,-,-,-,-
719804,Dalmia Cement (Bharat) Limited,DCL27112020,Dalmia Cement (Bharat) Ltd,Delisted,F ,500000.00,INE755K14DA7, ,Commercial Papers,-,-,-,-
719805,ICICI Securities Limited,ISEC271120,ICICI Securities Ltd,Delisted,F ,500000.00,INE763G14JI9, ,Commercial Papers,-,-,-,-
719806,OBEROI REALTY LIMITED,ORL271120,OBEROI REALTY Ltd,Delisted,F ,500000.00,INE093I14013, ,Commercial Papers,-,-,-,-
719807,Sun Pharmaceutical Industries Ltd.,SPIL11220,Sun Pharmaceutical Industries Ltd,Delisted,F ,500000.00,INE044A14609, ,Commercial Papers,-,-,-,-
719808,STANDARD CHARTERED CAPITAL LIMITED,SCIL11220,Standard Chartered Investments and Loans (India) Ltd,Delisted,F ,500000.00,INE403G14NK0, ,Commercial Papers,-,-,-,-
719809,Reliance Industries Ltd,RIL011220,Reliance Industries Ltd,Delisted,F ,500000.00,INE002A14GR2, ,Commercial Papers,-,-,-,-
719810,Reliance Industries Ltd,RIL11220,Reliance Industries Ltd,Delisted,F ,500000.00,INE002A14GS0, ,Commercial Papers,-,-,-,-
719811,Bharat Oman Refineries Limited,BORL21220,Bharat Oman Refineries Ltd,Delisted,F ,500000.00,INE322J14154, ,Commercial Papers,-,-,-,-
719812,HDFC Securities Limited,HSEC21220,HDFC Securities Ltd,Delisted,F ,500000.00,INE700G14306, ,Commercial Papers,-,-,-,-
719813,Aditya Birla Fashion and Retail Limited,ABFRL21220,Aditya Birla Fashion and Retail Ltd,Delisted,F ,500000.00,INE647O14EG3, ,Commercial Papers,-,-,-,-
719814,TV18 Broadcast Ltd.,TV18B21220,TV18 Broadcast Ltd,Delisted,F ,500000.00,INE886H14FP9, ,Commercial Papers,-,-,-,-
719815,Tata Housing Development Company Limited,THDCL21220,Tata Housing Development Company Ltd,Delisted,F ,500000.00,INE582L14FZ5, ,Commercial Papers,-,-,-,-
719816,Housing Development Finance Corp.Lt,HDFC21220,Housing Development Finance Corporation Ltd,Delisted,F ,500000.00,INE001A14XD9, ,Commercial Papers,-,-,-,-
719817,Trident Ltd,TL21220,Trident Ltd,Delisted,F ,500000.00,INE064C14074, ,Commercial Papers,-,-,-,-
719818,Manappuram Finance Limited,MFL21220,Manappuram Finance Ltd,Delisted,F ,500000.00,INE522D14NE7, ,Commercial Papers,-,-,-,-
719819,National Fertilizers Ltd.,NFL21220,National Fertilizers Ltd,Delisted,F ,500000.00,INE870D14DN2, ,Commercial Papers,-,-,-,-
719820,Julius Baer Capital (India) Private Limited,JBCL31220,Julius Baer Capital (India) Pvt Ltd,Delisted,F ,500000.00,INE824H14DC3, ,Commercial Papers,-,-,-,-
719821,Tata Power Co. Ltd,TPCL31220,Tata Power Company Ltd,Delisted,F ,500000.00,INE245A14EE0, ,Commercial Papers,-,-,-,-
719822,Reliance Retail Ventures Limited,RRL31220,Reliance Retail Ltd,Delisted,F ,500000.00,INE929O14107, ,Commercial Papers,-,-,-,-
719823,Reliance Retail Ventures Limited,RRL3122020,Reliance Retail Ltd,Delisted,F ,500000.00,INE929O14115, ,Commercial Papers,-,-,-,-
719824,Oil And Natural Gas Corporation Ltd,ONGC31220,Oil and Natural Gas Corporation Ltd,Delisted,F ,500000.00,INE213A14261, ,Commercial Papers,-,-,-,-
719825,Jagran Prakashan Limited,JPL41220,Jagran Prakashan Ltd,Delisted,F ,500000.00,INE199G14806, ,Commercial Papers,-,-,-,-
719826,Motilal Oswal Finvest Limited,MOFL41220,Motilal Oswal Finvest Ltd,Delisted,F ,500000.00,INE01WN14165, ,Commercial Papers,-,-,-,-
719827,Steel Authority of India Ltd.,SAIL41220,Steel Authority of India Ltd,Delisted,F ,500000.00,INE114A14JJ6, ,Commercial Papers,-,-,-,-
719828,Steel Authority of India Ltd.,SAIL041220,Steel Authority of India Ltd,Delisted,F ,500000.00,INE114A14JK4, ,Commercial Papers,-,-,-,-
719829,Aditya Birla Fashion and Retail Limited,ABFR41220,Aditya Birla Fashion and Retail Ltd,Delisted,F ,500000.00,INE647O14EH1, ,Commercial Papers,-,-,-,-
719830,Axis Finance Limited,AFL41220,Axis Finance Ltd,Delisted,F ,500000.00,INE891K14JY7, ,Commercial Papers,-,-,-,-
719831,Sharekhan BNP Paribas Financial Services Limited,SBPFSL41220,Sharekhan BNP Paribas Financial Services Ltd,Delisted,F ,500000.00,INE550X14391, ,Commercial Papers,-,-,-,-
719832,Julius Baer Capital (India) Private Limited,JBCPL41220,Julius Baer Capital (India) Pvt Ltd,Delisted,F ,500000.00,INE824H14DB5, ,Commercial Papers,-,-,-,-
719833,Infina Finance Private Limited,IFPL41220,Infina Finance Pvt Ltd,Delisted,F ,500000.00,INE879F14CY7, ,Commercial Papers,-,-,-,-
719834,Adani Ports and Special Economic Zone Ltd,APSEZ41220,Adani Ports and Special Economic Zone Ltd,Delisted,F ,500000.00,INE742F14OE4, ,Commercial Papers,-,-,-,-
719835,360 ONE Prime Limited,IIFLWF41220,IIFL Wealth Finance Ltd,Delisted,F ,500000.00,INE248U14IG8, ,Commercial Papers,-,-,-,-
719836,JM Financial Properties and Holdings Limited,JMFPHL41220,JM Financial Properties and Holdings Ltd,Delisted,F ,500000.00,INE525R14551, ,Commercial Papers,-,-,-,-
719837,Reliance Industries Ltd,RIL41220,Reliance Industries Ltd,Delisted,F ,500000.00,INE002A14GT8, ,Commercial Papers,-,-,-,-
719838,JM FINANCIAL PRODUCTS LIMITED,JMPL41220,JM Financial Products Ltd,Delisted,F ,500000.00,INE523H14U93, ,Commercial Papers,-,-,-,-
719839,JM Financial Capital Limited,JMCL41220,JM Financial Capital Ltd,Delisted,F ,500000.00,INE901W14BJ7, ,Commercial Papers,-,-,-,-
719840,Kotak Mahindra Prime Limited,KMPL41220,Kotak Mahindra Prime Ltd,Delisted,F ,500000.00,INE916D14V34, ,Commercial Papers,-,-,-,-
719841,Nuvama Wealth Finance Limited,EFIL41220,Edelweiss Finance & Investments Ltd,Delisted,F ,500000.00,INE918K14447, ,Commercial Papers,-,-,-,-
719842,ICICI Securities Limited,ISEC41220,ICICI Securities Ltd,Delisted,F ,500000.00,INE763G14JJ7, ,Commercial Papers,-,-,-,-
719843,360 ONE WAM LIMITED,IWML041220,IIFL Wealth Management Ltd,Delisted,F ,500000.00,INE466L14718, ,Commercial Papers,-,-,-,-
719844,Kotak Securities Limited,KSL71220,Kotak Securities Ltd,Delisted,F ,500000.00,INE028E14HO4, ,Commercial Papers,-,-,-,-
719845,Mangalore Refinery & Petrochemicals,MRPL71220,Mangalore Refinery & Petrochemicals,Delisted,F ,500000.00,INE103A14223, ,Commercial Papers,-,-,-,-
719846,Nuvama Wealth Finance Limited,EFIL71220,Edelweiss Finance & Investments Ltd,Delisted,F ,500000.00,INE918K14454, ,Commercial Papers,-,-,-,-
719847,Indian Oil Corporation Ltd.,IOCL71220,Indian Oil Corporation Ltd,Delisted,F ,500000.00,INE242A14SH0, ,Commercial Papers,-,-,-,-
719848,Indian Oil Corporation Ltd.,IOCL071220,Indian Oil Corporation Ltd,Delisted,F ,500000.00,INE242A14SJ6, ,Commercial Papers,-,-,-,-
719849,ONGC Petro additions Limited.,OPAL71220,ONGC Petro additions Ltd,Delisted,F ,500000.00,INE163N14139, ,Commercial Papers,-,-,-,-
719850,Sharekhan BNP Paribas Financial Services Limited,SBPFL81220,Sharekhan BNP Paribas Financial Services Ltd,Delisted,F ,500000.00,INE550X14417, ,Commercial Papers,-,-,-,-
719851,Axis Finance Limited,AFL81220,Axis Finance Ltd,Delisted,F ,500000.00,INE891K14JZ4, ,Commercial Papers,-,-,-,-
719852,KEC International Ltd.,KEC81220,KEC International Ltd (formerly known as KEC Infrastructures Ltd),Delisted,F ,500000.00,INE389H14FT6, ,Commercial Papers,-,-,-,-
719853,CaratLane Trading Private Limited,CTPL81220,CaratLane Trading Pvt Ltd,Delisted,F ,500000.00,INE015Y14104, ,Commercial Papers,-,-,-,-
719854,Hinduja Leyland Finance Limited,HLFL81220,Hinduja Leyland Finance Ltd,Delisted,F ,500000.00,INE146O14AX9, ,Commercial Papers,-,-,-,-
719855,Steel Authority of India Ltd.,SAIL91220,Steel Authority of India Ltd,Delisted,F ,500000.00,INE114A14JL2, ,Commercial Papers,-,-,-,-
719856,National Fertilizers Ltd.,NFL91220,National Fertilizers Ltd,Delisted,F ,500000.00,INE870D14DO0, ,Commercial Papers,-,-,-,-
719857,KRBL Ltd.,KRBL10DEC20,KRBL Ltd,Delisted,F ,500000.00,INE001B14763, ,Commercial Papers,-,-,-,-
719858,STANDARD CHARTERED CAPITAL LIMITED,SCIL10DEC20,STANDARD CHARTERED INVESTMENTS AND LOANS (INDIA) Ltd,Delisted,F ,500000.00,INE403G14NL8, ,Commercial Papers,-,-,-,-
719859,TV18 Broadcast Ltd.,TV1810DEC20,TV18 Broadcast Ltd,Delisted,F ,500000.00,INE886H14FQ7, ,Commercial Papers,-,-,-,-
719860,Axis Securities Limited,ASL10DEC20,Axis Securities Ltd,Delisted,F ,500000.00,INE110O14138, ,Commercial Papers,-,-,-,-
719861,Bharat Heavy Electricals Ltd.,BHEL10DEC20,Bharat Heavy Electricals Ltd,Delisted,F ,500000.00,INE257A14466, ,Commercial Papers,-,-,-,-
719862,Kotak Mahindra Prime Limited,KMPL10DEC20,Kotak Mahindra Prime Ltd,Delisted,F ,500000.00,INE916D14V42, ,Commercial Papers,-,-,-,-
719863,GIC Housing Finance Ltd.,GIC10DEC20,GIC Housing Finance Ltd,Delisted,F ,500000.00,INE289B14GV5, ,Commercial Papers,-,-,-,-
719864,Housing Development Finance Corp.Lt,HDFC10DEC20,Housing Development Finance CorpLt,Delisted,F ,500000.00,INE001A14XE7, ,Commercial Papers,-,-,-,-
719865,NABHA POWER LIMITED,NPL10DEC20,NABHA POWER Ltd,Delisted,F ,500000.00,INE445L14BR1, ,Commercial Papers,-,-,-,-
719866,Reliance Industries Ltd,RIL10DEC20,Reliance Industries Ltd,Delisted,F ,500000.00,INE002A14GU6, ,Commercial Papers,-,-,-,-
719867,Balrampur Chini Mills Ltd.,BCML111220,Balrampur Chini Mills Ltd,Delisted,F ,500000.00,INE119A14674, ,Commercial Papers,-,-,-,-
719868,Shree Cements Ltd.,SCL111220,Shree Cements Ltd,Delisted,F ,500000.00,INE070A14448, ,Commercial Papers,-,-,-,-
719869,NLC India Limited,NLC111220,NLC India Ltd,Delisted,F ,500000.00,INE589A14181, ,Commercial Papers,-,-,-,-
719870,Indian Oil Corporation Ltd.,IOCL111220,Indian Oil Corporation Ltd,Delisted,F ,500000.00,INE242A14SM0, ,Commercial Papers,-,-,-,-
719871,Reliance Retail Ventures Limited,RRVL111220,Reliance Retail Ventures Ltd,Delisted,F ,500000.00,INE929O14123, ,Commercial Papers,-,-,-,-
719872,Reliance Retail Ventures Limited,RRVL1112,Reliance Retail Ventures Ltd,Delisted,F ,500000.00,INE929O14131, ,Commercial Papers,-,-,-,-
719873,KEC International Ltd.,KEC111220,KEC International Ltd (formerly known as KEC Infrastructures Ltd),Delisted,F ,500000.00,INE389H14FU4, ,Commercial Papers,-,-,-,-
719874,Larsen & Toubro Limited,LT111220,Larsen & Toubro Ltd,Delisted,F ,500000.00,INE018A14IC6, ,Commercial Papers,-,-,-,-
719875,MUTHOOT FINANCE LIMITED,MFL111220,MUTHOOT FINANCE Ltd,Delisted,F ,500000.00,INE414G14QI4, ,Commercial Papers,-,-,-,-
719876,Kotak Mahindra Investments Limited,KMIL111220,Kotak Mahindra Investments Ltd,Delisted,F ,500000.00,INE975F14TL4, ,Commercial Papers,-,-,-,-
719877,Hindustan Aeronautics Limited,HAL111220,Hindustan Aeronautics Ltd,Delisted,F ,500000.00,INE066F14056, ,Commercial Papers,-,-,-,-
719878,MUTHOOT FINANCE LIMITED,MFL141220,MUTHOOT FINANCE Ltd,Delisted,F ,500000.00,INE414G14QH6, ,Commercial Papers,-,-,-,-
719879,Aditya Birla Fashion and Retail Limited,ABFRL141220,Aditya Birla Fashion and Retail Ltd,Delisted,F ,500000.00,INE647O14EI9, ,Commercial Papers,-,-,-,-
719880,The Ramco Cements Limited,RCL141220,The Ramco Cements Ltd,Delisted,F ,500000.00,INE331A14KO4, ,Commercial Papers,-,-,-,-
719881,Julius Baer Capital (India) Private Limited,JBCL141220,Julius Baer Capital (India) Pvt Ltd,Delisted,F ,500000.00,INE824H14DE9, ,Commercial Papers,-,-,-,-
719882,Transport Corporation of India Ltd,TCIL141220,Transport Corporation of India Ltd,Delisted,F ,500000.00,INE688A14KL3, ,Commercial Papers,-,-,-,-
719883,Kotak Mahindra Prime Limited,KMPL141220,Kotak Mahindra Prime Ltd,Delisted,F ,500000.00,INE916D14V59, ,Commercial Papers,-,-,-,-
719884,Kotak Mahindra Prime Limited,KMP141220,Kotak Mahindra Prime Ltd,Delisted,F ,500000.00,INE916D14V67, ,Commercial Papers,-,-,-,-
719885,Chennai Petroleum Corporation Ltd.,CPCL151220,Chennai Petroleum Corporation Ltd,Delisted,F ,500000.00,INE178A14GF5, ,Commercial Papers,-,-,-,-
719886,birla Group Holdings Private Limited,BGHPL151220,birla Group Holdings Pvt Ltd,Delisted,F ,500000.00,INE09OL14524, ,Commercial Papers,-,-,-,-
719887,Axis Finance Limited,AFL151220,Axis Finance Ltd,Delisted,F ,500000.00,INE891K14KA5, ,Commercial Papers,-,-,-,-
719888,HDFC Securities Limited,HSEC151220,HDFC Securities Ltd,Delisted,F ,500000.00,INE700G14314, ,Commercial Papers,-,-,-,-
719889,ICICI Securities Limited,ISEC151220,ICICI Securities Ltd,Delisted,F ,500000.00,INE763G14JK5, ,Commercial Papers,-,-,-,-
719890,Larsen & Toubro Limited,LT151220,Larsen & Toubro Ltd,Delisted,F ,500000.00,INE018A14ID4, ,Commercial Papers,-,-,-,-
719891,The Ramco Cements Limited,RCL151220,The Ramco Cements Ltd,Delisted,F ,500000.00,INE331A14KN6, ,Commercial Papers,-,-,-,-
719892,Bombay Burmah Trading Corpn. Ltd.,BBTCL151220,Bombay Burmah Trading Corpn Ltd,Delisted,F ,500000.00,INE050A14549, ,Commercial Papers,-,-,-,-
719893,Housing Development Finance Corp.Lt,HDFC151220,Housing Development Finance CorpLt,Delisted,F ,500000.00,INE001A14XF4, ,Commercial Papers,-,-,-,-
719894,Tata Housing Development Company Limited,THDCL151220,Tata Housing Development Company Ltd,Delisted,F ,500000.00,INE582L14GA6, ,Commercial Papers,-,-,-,-
719895,STANDARD CHARTERED CAPITAL LIMITED,SCIL151220,STANDARD CHARTERED INVESTMENTS AND LOANS (INDIA) Ltd,Delisted,F ,500000.00,INE403G14NM6, ,Commercial Papers,-,-,-,-
719896,MUTHOOT FINANCE LIMITED,MFL16DEC20,MUTHOOT FINANCE Ltd,Delisted,F ,500000.00,INE414G14QG8, ,Commercial Papers,-,-,-,-
719897,Julius Baer Capital (India) Private Limited,JBCP16DEC20,Julius Baer Capital (India) Pvt Ltd,Delisted,F ,500000.00,INE824H14DI0, ,Commercial Papers,-,-,-,-
719898,Julius Baer Capital (India) Private Limited,JBCL16DEC20,Julius Baer Capital (India) Pvt Ltd,Delisted,F ,500000.00,INE824H14DG4, ,Commercial Papers,-,-,-,-
719899,Kotak Mahindra Investments Limited,KMIL16DEC20,Kotak Mahindra Investments Ltd,Delisted,F ,500000.00,INE975F14TM2, ,Commercial Papers,-,-,-,-
719900,Kotak Mahindra Investments Limited,KMI16DEC20,Kotak Mahindra Investments Ltd,Delisted,F ,500000.00,INE975F14TN0, ,Commercial Papers,-,-,-,-
719901,POWER GRID CORPORATION OF INDIA LIMITED,PGCI16DEC20,POWER GRID CORPORATION OF INDIA Ltd,Delisted,F ,500000.00,INE752E14484, ,Commercial Papers,-,-,-,-
719902,Volkswagen Finance Private Limited,VFPL171220,Volkswagen Finance Pvt Ltd,Delisted,F ,500000.00,INE851M14HF0, ,Commercial Papers,-,-,-,-
719903,Network 18 Media & Investments Limited,N18MI171220,Network 18 Media & Investments Ltd,Delisted,F ,500000.00,INE870H14LL0, ,Commercial Papers,-,-,-,-
719904,Bajaj Finance Limited,BFL171220,Bajaj Finance Ltd,Delisted,F ,500000.00,INE296A14RC9, ,Commercial Papers,-,-,-,-
719905,Motilal Oswal Finvest Limited,MOFL171220,Motilal Oswal Finvest Ltd,Delisted,F ,500000.00,INE01WN14173, ,Commercial Papers,-,-,-,-
719906,GIC Housing Finance Ltd.,GICHF171220,GIC Housing Finance Ltd,Delisted,F ,500000.00,INE289B14GW3, ,Commercial Papers,-,-,-,-
719907,Sharekhan BNP Paribas Financial Services Limited,SBPFS171220,Sharekhan BNP Paribas Financial Services Ltd,Delisted,F ,500000.00,INE550X14425, ,Commercial Papers,-,-,-,-
719908,Nuvama Wealth Finance Limited,EFIL171220,Edelweiss Finance & Investments Ltd,Delisted,F ,500000.00,INE918K14462, ,Commercial Papers,-,-,-,-
719909,Infina Finance Private Limited,IFPL171220,Infina Finance Pvt Ltd,Delisted,F ,500000.00,INE879F14CZ4, ,Commercial Papers,-,-,-,-
719910,JM Financial Properties and Holdings Limited,JMFPHL1712,JM Financial Properties and Holdings Ltd,Delisted,F ,500000.00,INE525R14569, ,Commercial Papers,-,-,-,-
719911,MUTHOOT FINANCE LIMITED,MFL171220,MUTHOOT FINANCE Ltd,Delisted,F ,500000.00,INE414G14QJ2, ,Commercial Papers,-,-,-,-
719912,Julius Baer Capital (India) Private Limited,JBCL171220,Julius Baer Capital (India) Pvt Ltd,Delisted,F ,500000.00,INE824H14DF6, ,Commercial Papers,-,-,-,-
719913,Julius Baer Capital (India) Private Limited,JBCPL171220,Julius Baer Capital (India) Pvt Ltd,Delisted,F ,500000.00,INE824H14DJ8, ,Commercial Papers,-,-,-,-
719914,JM FINANCIAL PRODUCTS LIMITED,JMFPL171220,JM FINANCIAL PRODUCTS Ltd,Delisted,F ,500000.00,INE523H14V01, ,Commercial Papers,-,-,-,-
719915,Adani Ports and Special Economic Zone Ltd,ADSEZ171220,Adani Ports and Special Economic Zone Ltd,Delisted,F ,500000.00,INE742F14OF1, ,Commercial Papers,-,-,-,-
719916,JM Financial Capital Limited,JMFCL171220,JM Financial Capital Ltd,Delisted,F ,500000.00,INE901W14BK5, ,Commercial Papers,-,-,-,-
719917,Fedbank Financial Services Limited,FFSL171220,Fedbank Financial Services Ltd,Delisted,F ,500000.00,INE007N14CU7, ,Commercial Papers,-,-,-,-
719918,Sterlite Technologies Limited.,STL171220,Sterlite Technologies Ltd,Delisted,F ,500000.00,INE089C14AP2, ,Commercial Papers,-,-,-,-
719919,Kotak Mahindra Prime Limited,KMPL171220,Kotak Mahindra Prime Ltd,Delisted,F ,500000.00,INE916D14V75, ,Commercial Papers,-,-,-,-
719920,Kotak Mahindra Prime Limited,KMP171220,Kotak Mahindra Prime Ltd,Delisted,F ,500000.00,INE916D14V83, ,Commercial Papers,-,-,-,-
719921,Housing Development Finance Corp.Lt,HDFC171220,Housing Development Finance CorpLt,Delisted,F ,500000.00,INE001A14XG2, ,Commercial Papers,-,-,-,-
719922,360 ONE WAM LIMITED,IIFLWM1712,IIFL Wealth Management Ltd,Delisted,F ,500000.00,INE466L14726, ,Commercial Papers,-,-,-,-
719923,360 ONE Prime Limited,IIFL17DEC20,IIFL Wealth Finance Ltd,Delisted,F ,500000.00,INE248U14IH6, ,Commercial Papers,-,-,-,-
719924,Dalmia Cement (Bharat) Limited,DCL171220,Dalmia Cement (Bharat) Ltd,Delisted,F ,500000.00,INE755K14DB5, ,Commercial Papers,-,-,-,-
719925,STANDARD CHARTERED CAPITAL LIMITED,SCIL181220,STANDARD CHARTERED INVESTMENTS AND LOANS (INDIA) Ltd,Delisted,F ,500000.00,INE403G14NN4, ,Commercial Papers,-,-,-,-
719926,Kotak Securities Limited,KSL181220,Kotak Securities Ltd,Delisted,F ,500000.00,INE028E14HP1, ,Commercial Papers,-,-,-,-
719927,Chennai Petroleum Corporation Ltd.,CPCL181220,Chennai Petroleum Corporation Ltd,Delisted,F ,500000.00,INE178A14GG3, ,Commercial Papers,-,-,-,-
719928,HDFC Securities Limited,HSEC181220,HDFC Securities Ltd,Delisted,F ,500000.00,INE700G14322, ,Commercial Papers,-,-,-,-
719929,Network 18 Media & Investments Limited,N18MI181220,Network 18 Media & Investments Ltd,Delisted,F ,500000.00,INE870H14LN6, ,Commercial Papers,-,-,-,-
719930,birla Group Holdings Private Limited,BGHP181220,birla Group Holdings Pvt Ltd,Delisted,F ,500000.00,INE09OL14532, ,Commercial Papers,-,-,-,-
719931,Adani Ports and Special Economic Zone Ltd,APSEZ181220,Adani Ports and Special Economic Zone Ltd,Delisted,F ,500000.00,INE742F14OG9, ,Commercial Papers,-,-,-,-
719932,Mangalore Refinery & Petrochemicals,MRPL181220,Mangalore Refinery & Petrochemicals,Delisted,F ,500000.00,INE103A14231, ,Commercial Papers,-,-,-,-
719933,Vardhman Special Steels Ltd,VSSL181220,Vardhman Special Steels Ltd,Delisted,F ,500000.00,INE050M14718, ,Commercial Papers,-,-,-,-
719934,Kotak Mahindra Prime Limited,KMPL181220,Kotak Mahindra Prime Ltd,Delisted,F ,500000.00,INE916D14V91, ,Commercial Papers,-,-,-,-
719935,KEC International Ltd.,KEC181220,KEC International Ltd (formerly known as KEC Infrastructures Ltd),Delisted,F ,500000.00,INE389H14FW0, ,Commercial Papers,-,-,-,-
719936,KEC International Ltd.,KEC18122020,KEC International Ltd (formerly known as KEC Infrastructures Ltd),Delisted,F ,500000.00,INE389H14FV2, ,Commercial Papers,-,-,-,-
719937,The Ramco Cements Limited,RCL181220,The Ramco Cements Ltd,Delisted,F ,500000.00,INE331A14KP1, ,Commercial Papers,-,-,-,-
719938,Shree Cements Ltd.,SCL181220,Shree Cements Ltd,Delisted,F ,500000.00,INE070A14463, ,Commercial Papers,-,-,-,-
719939,Shree Cements Ltd.,SCL18122020,Shree Cements Ltd,Delisted,F ,500000.00,INE070A14455, ,Commercial Papers,-,-,-,-
719940,Motilal Oswal Financial Services Limited,MOFL181220,Motilal Oswal Financial Services Ltd,Delisted,F ,500000.00,INE338I14CA8, ,Commercial Papers,-,-,-,-
719941,Kotak Securities Limited,KSL211220,KSL-22-3-21-CP,Delisted,F ,500000.00,INE028E14HQ9, ,Commercial Papers,-,-,-,-
719942,STANDARD CHARTERED CAPITAL LIMITED,SCIL211220,SCIL-21-6-21-CP,Delisted,F ,500000.00,INE403G14NO2, ,Commercial Papers,-,-,-,-
719943,Dalmia Cement (Bharat) Limited,DCL211220,DCL-22-3-21-CP,Delisted,F ,500000.00,INE755K14DC3, ,Commercial Papers,-,-,-,-
719944,Tata Housing Development Company Limited,THDCL211220,THDCL-20-12-21-CP,Delisted,F ,500000.00,INE582L14GB4, ,Commercial Papers,-,-,-,-
719945,CaratLane Trading Private Limited,CTPL211220,CTPL-18-6-21-CP,Delisted,F ,500000.00,INE015Y14112, ,Commercial Papers,-,-,-,-
719946,Network 18 Media & Investments Limited,N18MI211220,N18MI-5-3-21-CP,Delisted,F ,500000.00,INE870H14LM8, ,Commercial Papers,-,-,-,-
719947,TV18 Broadcast Ltd.,TV18211220,TV18BL-23-3-21-CP,Delisted,F ,500000.00,INE886H14FR5, ,Commercial Papers,-,-,-,-
719948,Adani Ports and Special Economic Zone Ltd,APSEZ211220,APSEZL-10-2-21-CP,Delisted,F ,500000.00,INE742F14OK1, ,Commercial Papers,-,-,-,-
719949,Adani Ports and Special Economic Zone Ltd,APSEZL2112,APSEZL-11-2-21-CP,Delisted,F ,500000.00,INE742F14OH7, ,Commercial Papers,-,-,-,-
719950,Adani Ports and Special Economic Zone Ltd,APSEZ2112,APSEZL-12-2-21-CP,Delisted,F ,500000.00,INE742F14OI5, ,Commercial Papers,-,-,-,-
719951,Adani Ports and Special Economic Zone Ltd,APSEZL1221,APSEZL-24-2-21-CP,Delisted,F ,500000.00,INE742F14OL9, ,Commercial Papers,-,-,-,-
719952,Grasim Industries Ltd,GIL221220,GIL-23-3-21-CP,Delisted,F ,500000.00,INE047A14735, ,Commercial Papers,-,-,-,-
719953,Daimler Financial Services India Private Limited,DFSI221220,DFSIPL-16-3-21-CP,Delisted,F ,500000.00,INE094O14CG2, ,Commercial Papers,-,-,-,-
719954,Daimler Financial Services India Private Limited,DFSIP221220,DFSIPL-16-12-21-CP,Delisted,F ,500000.00,INE094O14CH0, ,Commercial Papers,-,-,-,-
719955,Fedbank Financial Services Limited,FFSL221220,FFSL22-3-21-CP,Delisted,F ,500000.00,INE007N14CV5, ,Commercial Papers,-,-,-,-
719956,Reliance Industries Ltd,RIL221220,RIL-16-02-21-CP,Delisted,F ,500000.00,INE002A14GV4, ,Commercial Papers,-,-,-,-
719957,Tata Housing Development Company Limited,THDCL201222,THDCL-22-12-21-CP,Delisted,F ,500000.00,INE582L14GC2, ,Commercial Papers,-,-,-,-
719958,Reliance Industries Ltd,RIL22122020,RIL-18-02-21-CP,Delisted,F ,500000.00,INE002A14GX0, ,Commercial Papers,-,-,-,-
719959,NLC Tamilnadu Power Limited,NLCTP231220,NLCTP-23-3-21-CP,Delisted,F ,500000.00,INE05C614030, ,Commercial Papers,-,-,-,-
719960,Solar Industries India Limited,SIIL231220,SIIL-23-3-21-CP,Delisted,F ,500000.00,INE343H14113, ,Commercial Papers,-,-,-,-
719961,Adani Ports and Special Economic Zone Ltd,APSEZ231220,APSEZL-15-2-21-CP,Delisted,F ,500000.00,INE742F14OJ3, ,Commercial Papers,-,-,-,-
719962,KEC International Ltd.,KEC231220,KEC-23-12-20-CP,Delisted,F ,500000.00,INE389H14FY6, ,Commercial Papers,-,-,-,-
719963,Julius Baer Capital (India) Private Limited,JBC231220,JBC-23-12-20-CP,Delisted,F ,500000.00,INE824H14DK6, ,Commercial Papers,-,-,-,-
719964,West Coast Paper Mills Limited,WCPML231220,WCPML-23-3-21-CP,Delisted,F ,500000.00,INE976A14149, ,Commercial Papers,-,-,-,-
719965,BEML Ltd,BEML231220,BEML-23-3-21-CP,Delisted,F ,500000.00,INE258A14035, ,Commercial Papers,-,-,-,-
719966,Mangalore Refinery & Petrochemicals,MRPL241220,MRPL-24-3-21-CP,Delisted,F ,500000.00,INE103A14249, ,Commercial Papers,-,-,-,-
719967,Bajaj Financial Securities Limited,BFSL241220,BFSL-15-3-21-CP,Delisted,F ,500000.00,INE01C314049, ,Commercial Papers,-,-,-,-
719968,Century Textiles & Industries Ltd.,CTIL241220,CTIL-24-3-21-CP,Delisted,F ,500000.00,INE055A14IK1, ,Commercial Papers,-,-,-,-
719969,Housing Development Finance Corp.Lt,HDFC241220,HDFC-21-6-21-CP,Delisted,F ,500000.00,INE001A14XH0, ,Commercial Papers,-,-,-,-
719970,Axis Securities Limited,ASL241220,ASL-26-4-21-CP,Delisted,F ,500000.00,INE110O14146, ,Commercial Papers,-,-,-,-
719971,HDFC Securities Limited,HSEC241220,HSEC-24-3-21-CP,Delisted,F ,500000.00,INE700G14330, ,Commercial Papers,-,-,-,-
719972,MUTHOOT FINANCE LIMITED,MFL2412020,MFL-25-3-21-CP,Delisted,F ,500000.00,INE414G14QK0, ,Commercial Papers,-,-,-,-
719973,Kribhco Fertilizers Limited,KFL241220,KFL-22-1-21-CP,Delisted,F ,500000.00,INE486H14AY1, ,Commercial Papers,-,-,-,-
719974,Adani Ports and Special Economic Zone Ltd,APSEZ241220,APSEZL-25-2-21-CP,Delisted,F ,500000.00,INE742F14OM7, ,Commercial Papers,-,-,-,-
719975,Steel Authority of India Ltd.,SAIL241220,SAIL-23-3-21-CP,Delisted,F ,500000.00,INE114A14JM0, ,Commercial Papers,-,-,-,-
719976,Steel Authority of India Ltd.,SAIL201224,SAIL-25-3-21-CP,Delisted,F ,500000.00,INE114A14JN8, ,Commercial Papers,-,-,-,-
719977,ICICI Securities Limited,ISEC241220,ISEC-15-3-21-CP,Delisted,F ,500000.00,INE763G14JL3, ,Commercial Papers,-,-,-,-
719978,Reliance Industries Ltd,RIL241220,RIL-17-2-21-CP,Delisted,F ,500000.00,INE002A14GW2, ,Commercial Papers,-,-,-,-
719979,Reliance Industries Ltd,RIL24122020,RIL-24-3-21-CP,Delisted,F ,500000.00,INE002A14GY8, ,Commercial Papers,-,-,-,-
719980,Kotak Mahindra Investments Limited,KMIL241220,KMIL-15-11-20-CP,Delisted,F ,500000.00,INE975F14TO8, ,Commercial Papers,-,-,-,-
719981,Sterlite Technologies Limited.,STL281220,Sterlite Technologies Ltd,Delisted,F ,500000.00,INE089C14AQ0, ,Commercial Papers,-,-,-,-
719982,NABHA POWER LIMITED,NBL281220,NABHA POWER Ltd,Delisted,F ,500000.00,INE445L14BS9, ,Commercial Papers,-,-,-,-
719983,KEC International Ltd.,KEC281220,KEC International Ltd (formerly known as KEC Infrastructures Ltd),Delisted,F ,500000.00,INE389H14FX8, ,Commercial Papers,-,-,-,-
719984,MUTHOOT FINANCE LIMITED,MFL281220,MUTHOOT FINANCE Ltd,Delisted,F ,500000.00,INE414G14QM6, ,Commercial Papers,-,-,-,-
719985,Julius Baer Capital (India) Private Limited,JBC281220,Julius Baer Capital (India) Pvt Ltd,Delisted,F ,500000.00,INE824H14DL4, ,Commercial Papers,-,-,-,-
719986,Kotak Mahindra Investments Limited,KMIL281220,Kotak Mahindra Investments Ltd,Delisted,F ,500000.00,INE975F14TQ3, ,Commercial Papers,-,-,-,-
719987,Kotak Mahindra Investments Limited,KMI281220,Kotak Mahindra Investments Ltd,Delisted,F ,500000.00,INE975F14TP5, ,Commercial Papers,-,-,-,-
719988,Dalmia Cement (Bharat) Limited,DCL281220,Dalmia Cement (Bharat) Ltd,Delisted,F ,500000.00,INE755K14DD1, ,Commercial Papers,-,-,-,-
719989,Adani Ports and Special Economic Zone Ltd,APSEZ281220,Adani Ports and Special Economic Zone Ltd,Delisted,F ,500000.00,INE742F14ON5, ,Commercial Papers,-,-,-,-
719990,Reliance Industries Ltd,RIL281220,Reliance Industries Ltd,Delisted,F ,500000.00,INE002A14GZ5, ,Commercial Papers,-,-,-,-
719991,Reliance Industries Ltd,RIL28122020,Reliance Industries Ltd,Delisted,F ,500000.00,INE002A14HA6, ,Commercial Papers,-,-,-,-
719992,birla Group Holdings Private Limited,BGHPL291220,birla Group Holdings Pvt Ltd,Delisted,F ,500000.00,INE09OL14540, ,Commercial Papers,-,-,-,-
719993,GIC Housing Finance Ltd.,GHFL291220,GIC Housing Finance Ltd,Delisted,F ,500000.00,INE289B14GX1, ,Commercial Papers,-,-,-,-
719994,Housing Development Finance Corp.Lt,HDFC291220,Housing Development Finance CorpLt,Delisted,F ,500000.00,INE001A14XI8, ,Commercial Papers,-,-,-,-
719995,MUTHOOT FINANCE LIMITED,MFL291220,MUTHOOT FINANCE Ltd,Delisted,F ,500000.00,INE414G14QL8, ,Commercial Papers,-,-,-,-
719996,NLC India Limited,NLC291220,NLC India Ltd,Delisted,F ,500000.00,INE589A14199, ,Commercial Papers,-,-,-,-
719997,Reliance Industries Ltd,RIL291220,Reliance Industries Ltd,Delisted,F ,500000.00,INE002A14HB4, ,Commercial Papers,-,-,-,-
719998,KEC International Ltd.,KEC301220,KEC International Ltd (formerly known as KEC Infrastructures Ltd),Delisted,F ,500000.00,INE389H14FZ3, ,Commercial Papers,-,-,-,-
719999,Sterlite Technologies Limited.,STL301220,Sterlite Technologies Ltd,Delisted,F ,500000.00,INE089C14AR8, ,Commercial Papers,-,-,-,-
720000,Fedbank Financial Services Limited,FFSL301220,Fedbank Financial Services Ltd,Delisted,F ,500000.00,INE007N14CW3, ,Commercial Papers,-,-,-,-
720001,Jhajjar Power Limited,JPL301220,Jhajjar Power Ltd,Delisted,F ,500000.00,INE165K14791, ,Commercial Papers,-,-,-,-
720002,Chennai Petroleum Corporation Ltd.,CPCL311220,Chennai Petroleum Corporation Ltd,Delisted,F ,500000.00,INE178A14GH1, ,Commercial Papers,-,-,-,-
720003,Kribhco Fertilizers Limited,KFL311220,Kribhco Fertilizers Ltd,Delisted,F ,500000.00,INE486H14AZ8, ,Commercial Papers,-,-,-,-
720004,Axis Finance Limited,AFL311220,Axis Finance Ltd,Delisted,F ,500000.00,INE891K14KB3, ,Commercial Papers,-,-,-,-
720005,Motilal Oswal Financial Services Limited,MOFSL311220,Motilal Oswal Financial Services Ltd,Delisted,F ,500000.00,INE338I14CB6, ,Commercial Papers,-,-,-,-
720006,NLC India Limited,NLCIL311220,NLC India Ltd,Delisted,F ,500000.00,INE589A14207, ,Commercial Papers,-,-,-,-
720007,HDFC Credila Financial Services Ltd,HDFC311220,HDFC Credila Financial Services Ltd,Delisted,F ,500000.00,INE539K14AK0, ,Commercial Papers,-,-,-,-
720008,Dalmia Cement (Bharat) Limited,DCL311220,Dalmia Cement (Bharat) Ltd,Delisted,F ,500000.00,INE755K14DF6, ,Commercial Papers,-,-,-,-
720009,National Fertilizers Ltd.,NFL311220,National Fertilizers Ltd,Delisted,F ,500000.00,INE870D14DP7, ,Commercial Papers,-,-,-,-
720010,Motilal Oswal Home Finance Limited,MOHFL311220,Motilal Oswal Home Finance Ltd,Delisted,F ,500000.00,INE658R14436, ,Commercial Papers,-,-,-,-
720011,National Bank for Agriculture and Rural Development,NABA1121,National Bank for Agriculture and Rural Development,Delisted,F ,500000.00,INE261F14HH2, ,Commercial Papers,-,-,-,-
720012,Bharat Heavy Electricals Ltd.,BHEL1121,Bharat Heavy Electricals Ltd,Delisted,F ,500000.00,INE257A14474, ,Commercial Papers,-,-,-,-
720013,Dalmia Cement (Bharat) Limited,DCL1121,Dalmia Cement (Bharat) Ltd,Delisted,F ,500000.00,INE755K14DE9, ,Commercial Papers,-,-,-,-
720014,Bharat Oman Refineries Limited,BORL4121,Bharat Oman Refineries Ltd,Delisted,F ,500000.00,INE322J14162, ,Commercial Papers,-,-,-,-
720015,Can Fin Homes Ltd.,CFHL4121,Can Fin Homes Ltd,Delisted,F ,500000.00,INE477A14BD7, ,Commercial Papers,-,-,-,-
720016,Vardhman Textiles Limted,VTL5121,Vardhman Textiles Limted,Delisted,F ,500000.00,INE825A14908, ,Commercial Papers,-,-,-,-
720017,BOBCARD LIMITED,BOBFSL5121,BOB Financial Solutions Ltd,Delisted,F ,500000.00,INE027214092, ,Commercial Papers,-,-,-,-
720018,Sterlite Technologies Limited.,STL5121,Sterlite Technologies Ltd,Delisted,F ,500000.00,INE089C14AS6, ,Commercial Papers,-,-,-,-
720019,Indian Oil Corporation Ltd.,IOCL6121,Indian Oil Corporation Ltd,Delisted,F ,500000.00,INE242A14SR9, ,Commercial Papers,-,-,-,-
720020,Indian Oil Corporation Ltd.,IOCL06121,Indian Oil Corporation Ltd,Delisted,F ,500000.00,INE242A14SP3, ,Commercial Papers,-,-,-,-
720021,Indian Oil Corporation Ltd.,IOCL60121,Indian Oil Corporation Ltd,Delisted,F ,500000.00,INE242A14SQ1, ,Commercial Papers,-,-,-,-
720022,Indian Oil Corporation Ltd.,IOCL060121,Indian Oil Corporation Ltd,Delisted,F ,500000.00,INE242A14SN8, ,Commercial Papers,-,-,-,-
720023,Indian Oil Corporation Ltd.,IOCL612021,Indian Oil Corporation Ltd,Delisted,F ,500000.00,INE242A14SO6, ,Commercial Papers,-,-,-,-
720024,Network 18 Media & Investments Limited,N18MI6121,Network 18 Media & Investments Ltd,Delisted,F ,500000.00,INE870H14LP1, ,Commercial Papers,-,-,-,-
720025,APL Apollo Tubes Limited,ATL060121,APL Apollo Tubes Ltd,Delisted,F ,500000.00,INE702C14BE2, ,Commercial Papers,-,-,-,-
720026,Bharat Petroleum Corpn. Ltd.,BPCL6121,Bharat Petroleum Corpn Ltd,Delisted,F ,500000.00,INE029A14AY4, ,Commercial Papers,-,-,-,-
720027,Pilani Investment And Industries Corporation Limited,PIICL7121,Pilani Investment And Industries Corporation Ltd,Delisted,F ,500000.00,INE417C14108, ,Commercial Papers,-,-,-,-
720028,SEIL Energy India Limited,SEIL7121,Sembcorp Energy India Ltd,Delisted,F ,500000.00,INE460M14099, ,Commercial Papers,-,-,-,-
720029,KALPATARU PROJECTS INTERNATIONAL LIMITED,KPTL070121,Kalpataru Power Transmission Ltd,Delisted,F ,500000.00,INE220B14AV3, ,Commercial Papers,-,-,-,-
720030,Network 18 Media & Investments Limited,N18MIL7121,Network 18 Media & Investments Ltd,Delisted,F ,500000.00,INE870H14LO4, ,Commercial Papers,-,-,-,-
720031,Kotak Mahindra Prime Limited,KMPL070121,Kotak Mahindra Prime Ltd,Delisted,F ,500000.00,INE916D14W17, ,Commercial Papers,-,-,-,-
720032,The Ramco Cements Limited,RCL070121,The Ramco Cements Ltd,Delisted,F ,500000.00,INE331A14KQ9, ,Commercial Papers,-,-,-,-
720033,Bajaj Housing Finance Limited,BHFL80121,Bajaj Housing Finance Ltd,Delisted,F ,500000.00,INE377Y14751, ,Commercial Papers,-,-,-,-
720034,Steel Authority of India Ltd.,SAIL080121,Steel Authority of India Ltd,Delisted,F ,500000.00,INE114A14JO6, ,Commercial Papers,-,-,-,-
720035,Steel Authority of India Ltd.,SAIL08121,Steel Authority of India Ltd,Delisted,F ,500000.00,INE114A14JP3, ,Commercial Papers,-,-,-,-
720036,Bharat Heavy Electricals Ltd.,BHEL08121,Bharat Heavy Electricals Ltd,Delisted,F ,500000.00,INE257A14482, ,Commercial Papers,-,-,-,-
720037,APL Apollo Tubes Limited,ATL080121,APL Apollo Tubes Ltd,Delisted,F ,500000.00,INE702C14BF9, ,Commercial Papers,-,-,-,-
720038,TV18 Broadcast Ltd.,TV18BL8121,TV18 Broadcast Ltd,Delisted,F ,500000.00,INE886H14FS3, ,Commercial Papers,-,-,-,-
720039,Kotak Mahindra Prime Limited,KMPL08121,Kotak Mahindra Prime Ltd,Delisted,F ,500000.00,INE916D14W09, ,Commercial Papers,-,-,-,-
720040,Tata Power Co. Ltd,TPCL08121,Tata Power Co Ltd,Delisted,F ,500000.00,INE245A14EF7, ,Commercial Papers,-,-,-,-
720041,Bajaj Housing Finance Limited,BHFL110121,Bajaj Housing Finance Ltd,Delisted,F ,500000.00,INE377Y14769, ,Commercial Papers,-,-,-,-
720042,Bharat Oman Refineries Limited,BORL110121,Bharat Oman Refineries Ltd,Delisted,F ,500000.00,INE322J14170, ,Commercial Papers,-,-,-,-
720043,Steel Authority of India Ltd.,SAIL110121,Steel Authority of India Ltd,Delisted,F ,500000.00,INE114A14JQ1, ,Commercial Papers,-,-,-,-
720044,Mangalore Refinery & Petrochemicals,MRPL110121,Mangalore Refinery & Petrochemicals,Delisted,F ,500000.00,INE103A14256, ,Commercial Papers,-,-,-,-
720045,Aditya Birla Fashion and Retail Limited,ABFRL11121,Aditya Birla Fashion and Retail Ltd,Delisted,F ,500000.00,INE647O14EJ7, ,Commercial Papers,-,-,-,-
720046,ICICI Securities Limited,ISEC11121,ICICI Securities Ltd,Delisted,F ,500000.00,INE763G14JM1, ,Commercial Papers,-,-,-,-
720047,ICICI Securities Limited,ISEC110121,ICICI Securities Ltd,Delisted,F ,500000.00,INE763G14JN9, ,Commercial Papers,-,-,-,-
720048,Kotak Mahindra Prime Limited,KMPL11121,Kotak Mahindra Prime Ltd,Delisted,F ,500000.00,INE916D14W25, ,Commercial Papers,-,-,-,-
720049,Sterlite Technologies Limited.,STL11121,Sterlite Technologies Ltd,Delisted,F ,500000.00,INE089C14AT4, ,Commercial Papers,-,-,-,-
720050,Reliance Retail Ventures Limited,RRVL11121,Reliance Retail Ventures Ltd,Delisted,F ,500000.00,INE929O14149, ,Commercial Papers,-,-,-,-
720051,National Bank for Agriculture and Rural Development,NABARD12121,National Bank for Agriculture and Rural Development,Delisted,F ,500000.00,INE261F14HI0, ,Commercial Papers,-,-,-,-
720052,NTT Global Data Centers & Cloud Infrastructure India Private Limited,NTTGDC12121,NTT Global Data Centers & Cloud Infrastructure India Private Ltd,Delisted,F ,500000.00,INE613R14050, ,Commercial Papers,-,-,-,-
720053,NTT Global Data Centers & Cloud Infrastructure India Private Limited,NTTGD120121,NTT Global Data Centers & Cloud Infrastructure India Private Ltd,Delisted,F ,500000.00,INE613R14043, ,Commercial Papers,-,-,-,-
720054,HDFC Securities Limited,HDFCSL12121,HDFC Securities Ltd,Delisted,F ,500000.00,INE700G14355, ,Commercial Papers,-,-,-,-
720055,Time Technoplast Limited,TTL120121,Time Technoplast Ltd,Delisted,F ,500000.00,INE508G14AE6, ,Commercial Papers,-,-,-,-
720056,Kotak Mahindra Prime Limited,KMPL120121,Kotak Mahindra Prime Ltd,Delisted,F ,500000.00,INE916D14W33, ,Commercial Papers,-,-,-,-
720057,Manappuram Finance Limited,MFL130121,Manappuram Finance Ltd,Delisted,F ,500000.00,INE522D14NF4, ,Commercial Papers,-,-,-,-
720058,Kotak Mahindra Prime Limited,KMPL13121,Kotak Mahindra Prime Ltd,Delisted,F ,500000.00,INE916D14W41, ,Commercial Papers,-,-,-,-
720059,Tata Power Co. Ltd,TPCL140121,Tata Power Co Ltd,Delisted,F ,500000.00,INE245A14EG5, ,Commercial Papers,-,-,-,-
720060,GIC Housing Finance Ltd.,GICHFL14121,GIC Housing Finance Ltd,Delisted,F ,500000.00,INE289B14GY9, ,Commercial Papers,-,-,-,-
720061,Vardhman Special Steels Ltd,VSSL140121,Vardhman Special Steels Ltd,Delisted,F ,500000.00,INE050M14726, ,Commercial Papers,-,-,-,-
720062,STANDARD CHARTERED CAPITAL LIMITED,SCCL15121,STANDARD CHARTERED INVESTMENTS AND LOANS (INDIA) Ltd,Delisted,F ,500000.00,INE403G14NP9, ,Commercial Papers,-,-,-,-
720063,Network 18 Media & Investments Limited,N18MI15121,Network 18 Media & Investments Ltd,Delisted,F ,500000.00,INE870H14LQ9, ,Commercial Papers,-,-,-,-
720064,National Bank for Agriculture and Rural Development,NBARD15121,National Bank for Agriculture and Rural Development,Delisted,F ,500000.00,INE261F14HJ8, ,Commercial Papers,-,-,-,-
720065,Axis Finance Limited,AFL15121,Axis Finance Ltd,Delisted,F ,500000.00,INE891K14KC1, ,Commercial Papers,-,-,-,-
720066,Time Technoplast Limited,TTL15121,Time Technoplast Ltd,Delisted,F ,500000.00,INE508G14AB2, ,Commercial Papers,-,-,-,-
720067,Time Technoplast Limited,TTL150121,Time Technoplast Ltd,Delisted,F ,500000.00,INE508G14AD8, ,Commercial Papers,-,-,-,-
720068,Reliance Retail Ventures Limited,RRVL15121,Reliance Retail Ventures Ltd,Delisted,F ,500000.00,INE929O14156, ,Commercial Papers,-,-,-,-
720069,Axis Securities Limited,ASL15121,Axis Securities Ltd,Delisted,F ,500000.00,INE110O14153, ,Commercial Papers,-,-,-,-
720070,Indian Railway Finance Corporation,IRFC15121,Indian Railway Finance Corporation,Delisted,F ,500000.00,INE053F14203, ,Commercial Papers,-,-,-,-
720071,Dixon Technologies (India) Limited,DTL15121,Dixon Technologies (India) Ltd,Delisted,F ,500000.00,INE935N14072, ,Commercial Papers,-,-,-,-
720072,TV18 Broadcast Ltd.,TV18BL18121,TV18 Broadcast Ltd,Delisted,F ,500000.00,INE886H14FT1, ,Commercial Papers,-,-,-,-
720073,Kotak Securities Limited,KSL180121,Kotak Securities Ltd,Delisted,F ,500000.00,INE028E14HR7, ,Commercial Papers,-,-,-,-
720074,Tata Power Co. Ltd,TPCL180121,Tata Power Co Ltd,Delisted,F ,500000.00,INE245A14EH3, ,Commercial Papers,-,-,-,-
720075,Adani Ports and Special Economic Zone Ltd,APSEZ180121,Adani Ports and Special Economic Zone Ltd,Delisted,F ,500000.00,INE742F14OO3, ,Commercial Papers,-,-,-,-
720076,Kotak Mahindra Investments Limited,KMIL180121,Kotak Mahindra Investments Ltd,Delisted,F ,500000.00,INE975F14TR1, ,Commercial Papers,-,-,-,-
720077,Kotak Mahindra Investments Limited,KMIL18121,Kotak Mahindra Investments Ltd,Delisted,F ,500000.00,INE975F14TS9, ,Commercial Papers,-,-,-,-
720078,Vardhman Special Steels Ltd,VSSL190121,Vardhman Special Steels Ltd,Delisted,F ,500000.00,INE050M14734, ,Commercial Papers,-,-,-,-
720079,National Bank for Agriculture and Rural Development,NABARD19121,National Bank for Agriculture and Rural Development,Delisted,F ,500000.00,INE261F14HK6, ,Commercial Papers,-,-,-,-
720080,HDFC Securities Limited,HDFCSL19121,HDFC Securities Ltd,Delisted,F ,500000.00,INE700G14363, ,Commercial Papers,-,-,-,-
720081,Sharekhan BNP Paribas Financial Services Limited,SBPFS19121,Sharekhan BNP Paribas Financial Services Ltd,Delisted,F ,500000.00,INE550X14433, ,Commercial Papers,-,-,-,-
720082,STANDARD CHARTERED CAPITAL LIMITED,SCCL190121,STANDARD CHARTERED INVESTMENTS AND LOANS (INDIA) Ltd,Delisted,F ,500000.00,INE403G14NQ7, ,Commercial Papers,-,-,-,-
720083,Axis Finance Limited,AFL190121,Axis Finance Ltd,Delisted,F ,500000.00,INE891K14KD9, ,Commercial Papers,-,-,-,-
720084,JM Financial Properties and Holdings Limited,JPH29121,JM Financial Properties and Holdings Ltd,Delisted,F ,500000.00,INE525R14577, ,Commercial Papers,-,-,-,-
720085,JM Financial Properties and Holdings Limited,JPH28121,JM Financial Properties and Holdings Ltd,Delisted,F ,500000.00,INE525R14585, ,Commercial Papers,-,-,-,-
720086,HDFC Securities Limited,HSEC20121,HDFC Securities Ltd,Delisted,F ,500000.00,INE700G14371, ,Commercial Papers,-,-,-,-
720087,HDFC Securities Limited,HSEC200121,HDFC Securities Ltd,Delisted,F ,500000.00,INE700G14389, ,Commercial Papers,-,-,-,-
720088,Grasim Industries Ltd,GIL200121,Grasim Industries Ltd,Delisted,F ,500000.00,INE047A14743, ,Commercial Papers,-,-,-,-
720089,The Ramco Cements Limited,RCL200121,The Ramco Cements Ltd,Delisted,F ,500000.00,INE331A14KR7, ,Commercial Papers,-,-,-,-
720090,Infina Finance Private Limited,IFPL20121,Infina Finance Pvt Ltd,Delisted,F ,500000.00,INE879F14DA5, ,Commercial Papers,-,-,-,-
720091,DALMIA BHARAT LIMITED,DBL20121,DALMIA BHARAT Ltd,Delisted,F ,500000.00,INE00R714051, ,Commercial Papers,-,-,-,-
720092,DALMIA BHARAT LIMITED,DBL200121,DALMIA BHARAT Ltd,Delisted,F ,500000.00,INE00R714069, ,Commercial Papers,-,-,-,-
720093,Kotak Securities Limited,KSL21121,Kotak Securities Ltd,Delisted,F ,500000.00,INE028E14HT3, ,Commercial Papers,-,-,-,-
720094,Kotak Securities Limited,KSL210121,Kotak Securities Ltd,Delisted,F ,500000.00,INE028E14HS5, ,Commercial Papers,-,-,-,-
720095,Bajaj Finance Limited,BFL210121,Bajaj Finance Ltd,Delisted,F ,500000.00,INE296A14RD7, ,Commercial Papers,-,-,-,-
720096,GIC Housing Finance Ltd.,GICHFL21121,GIC Housing Finance Ltd,Delisted,F ,500000.00,INE289B14GZ6, ,Commercial Papers,-,-,-,-
720097,birla Group Holdings Private Limited,BGHPL21121,birla Group Holdings Pvt Ltd,Delisted,F ,500000.00,INE09OL14557, ,Commercial Papers,-,-,-,-
720098,Pilani Investment And Industries Corporation Limited,PIICL21121,Pilani Investment And Industries Corporation Ltd,Delisted,F ,500000.00,INE417C14116, ,Commercial Papers,-,-,-,-
720099,National Bank for Agriculture and Rural Development,NABARD21121,National Bank for Agriculture and Rural Development,Delisted,F ,500000.00,INE261F14HL4, ,Commercial Papers,-,-,-,-
720100,Kotak Mahindra Prime Limited,KMPL210121,Kotak Mahindra Prime Ltd,Delisted,F ,500000.00,INE916D14W58, ,Commercial Papers,-,-,-,-
720101,Kotak Mahindra Prime Limited,KMPL21121,Kotak Mahindra Prime Ltd,Delisted,F ,500000.00,INE916D14W66, ,Commercial Papers,-,-,-,-
720102,Reliance Industries Ltd,RIL210121,Reliance Industries Ltd,Delisted,F ,500000.00,INE002A14HC2, ,Commercial Papers,-,-,-,-
720103,Reliance Industries Ltd,RIL21121,Reliance Industries Ltd,Delisted,F ,500000.00,INE002A14HD0, ,Commercial Papers,-,-,-,-
720104,NLC Tamilnadu Power Limited,NLCTPL22121,NLC Tamilnadu Power Ltd,Delisted,F ,500000.00,INE05C614048, ,Commercial Papers,-,-,-,-
720105,Bharat Heavy Electricals Ltd.,BHEL22121,Bharat Heavy Electricals Ltd,Delisted,F ,500000.00,INE257A14490, ,Commercial Papers,-,-,-,-
720106,Network 18 Media & Investments Limited,N18MIL22121,Network 18 Media & Investments Ltd,Delisted,F ,500000.00,INE870H14LS5, ,Commercial Papers,-,-,-,-
720107,Motilal Oswal Finvest Limited,MOFL22121,Motilal Oswal Finvest Ltd,Delisted,F ,500000.00,INE01WN14122, ,Commercial Papers,-,-,-,-
720108,Kotak Mahindra Prime Limited,KMPL22121,Kotak Mahindra Prime Ltd,Delisted,F ,500000.00,INE916D14W74, ,Commercial Papers,-,-,-,-
720109,Axis Finance Limited,AFL220121,Axis Finance Ltd,Delisted,F ,500000.00,INE891K14KE7, ,Commercial Papers,-,-,-,-
720110,Reliance Industries Ltd,RIL220121,Reliance Industries Ltd,Delisted,F ,500000.00,INE002A14HE8, ,Commercial Papers,-,-,-,-
720111,Bajaj Finance Limited,BFL220121,Bajaj Finance Ltd,Delisted,F ,500000.00,INE296A14RE5, ,Commercial Papers,-,-,-,-
720112,Bajaj Housing Finance Limited,BHFL22121,Bajaj Housing Finance Ltd,Delisted,F ,500000.00,INE377Y14777, ,Commercial Papers,-,-,-,-
720113,360 ONE Prime Limited,IIFLWF22121,IIFL Wealth Finance Ltd,Delisted,F ,500000.00,INE248U14IJ2, ,Commercial Papers,-,-,-,-
720114,360 ONE WAM LIMITED,IIFLWM22121,IIFL Wealth Management Ltd,Delisted,F ,500000.00,INE466L14742, ,Commercial Papers,-,-,-,-
720115,Kotak Mahindra Investments Limited,KMIL22121,Kotak Mahindra Investments Ltd,Delisted,F ,500000.00,INE975F14TT7, ,Commercial Papers,-,-,-,-
720116,Aditya Birla Finance Limited,ABFL220121,Aditya Birla Finance Ltd,Delisted,F ,500000.00,INE860H14S15, ,Commercial Papers,-,-,-,-
720117,Bajaj Finance Limited,BFL25121,Bajaj Finance Ltd,Delisted,F ,500000.00,INE296A14RF2, ,Commercial Papers,-,-,-,-
720118,Sharekhan BNP Paribas Financial Services Limited,SBFSL25121,Sharekhan BNP Paribas Financial Services Ltd,Delisted,F ,500000.00,INE550X14441, ,Commercial Papers,-,-,-,-
720119,Bajaj Housing Finance Limited,BHFL25121,Bajaj Housing Finance Ltd,Delisted,F ,500000.00,INE377Y14785, ,Commercial Papers,-,-,-,-
720120,Motilal Oswal Finvest Limited,MOFL25121,Motilal Oswal Finvest Ltd,Delisted,F ,500000.00,INE01WN14181, ,Commercial Papers,-,-,-,-
720121,Infina Finance Private Limited,IFPL25121,Infina Finance Pvt Ltd,Delisted,F ,500000.00,INE879F14DB3, ,Commercial Papers,-,-,-,-
720122,SIKKA PORTS & TERMINALS LTD,SPTL25121,SIKKA PORTS & TERMINALS LTD,Delisted,F ,500000.00,INE941D14071, ,Commercial Papers,-,-,-,-
720123,STANDARD CHARTERED CAPITAL LIMITED,SCCL25121,STANDARD CHARTERED INVESTMENTS AND LOANS (INDIA) Ltd,Delisted,F ,500000.00,INE403G14NR5, ,Commercial Papers,-,-,-,-
720124,TV18 Broadcast Ltd.,TV18B25121,TV18 Broadcast Ltd,Delisted,F ,500000.00,INE886H14FU9, ,Commercial Papers,-,-,-,-
720125,Kotak Mahindra Prime Limited,KMPL25121,Kotak Mahindra Prime Ltd,Delisted,F ,500000.00,INE916D14W82, ,Commercial Papers,-,-,-,-
720126,Jamnagar Utilities & Power Private Limited,JUPL25121,Jamnagar Utilities & Power Pvt Ltd,Delisted,F ,500000.00,INE936D14055, ,Commercial Papers,-,-,-,-
720127,Kotak Mahindra Investments Limited,KMIL25121,Kotak Mahindra Investments Ltd,Delisted,F ,500000.00,INE975F14TU5, ,Commercial Papers,-,-,-,-
720128,Fedbank Financial Services Limited,FFSL25121,Fedbank Financial Services Ltd,Delisted,F ,500000.00,INE007N14CX1, ,Commercial Papers,-,-,-,-
720129,Aditya Birla Finance Limited,ABFL25121,Aditya Birla Finance Ltd,Delisted,F ,500000.00,INE860H14S07, ,Commercial Papers,-,-,-,-
720130,Bajaj Finance Limited,BFL270121,Bajaj Finance Ltd,Delisted,F ,500000.00,INE296A14RG0, ,Commercial Papers,-,-,-,-
720131,Kribhco Fertilizers Limited,KFL270121,Kribhco Fertilizers Ltd,Delisted,F ,500000.00,INE486H14BC5, ,Commercial Papers,-,-,-,-
720132,Network 18 Media & Investments Limited,N18MIL27121,Network 18 Media & Investments Ltd,Delisted,F ,500000.00,INE870H14LR7, ,Commercial Papers,-,-,-,-
720133,Kotak Mahindra Investments Limited,KMIL270121,Kotak Mahindra Investments Ltd,Delisted,F ,500000.00,INE975F14TV3, ,Commercial Papers,-,-,-,-
720134,Axis Securities Limited,ASL270121,Axis Securities Ltd,Delisted,F ,500000.00,INE110O14161, ,Commercial Papers,-,-,-,-
720135,Reliance Industries Ltd,RIL27121,Reliance Industries Ltd,Delisted,F ,500000.00,INE002A14HF5, ,Commercial Papers,-,-,-,-
720136,Aditya Birla Finance Limited,ABFL27120,Aditya Birla Finance Ltd,Delisted,F ,500000.00,INE860H14S23, ,Commercial Papers,-,-,-,-
720137,Balrampur Chini Mills Ltd.,BCML27121,Balrampur Chini Mills Ltd,Delisted,F ,500000.00,INE119A14682, ,Commercial Papers,-,-,-,-
720138,Sterlite Technologies Limited.,STL28121,Sterlite Technologies Ltd,Delisted,F ,500000.00,INE089C14AU2, ,Commercial Papers,-,-,-,-
720139,HDFC Securities Limited,HSEC28121,HDFC Securities Ltd,Delisted,F ,500000.00,INE700G14397, ,Commercial Papers,-,-,-,-
720140,Motilal Oswal Finvest Limited,MOFL28121,Motilal Oswal Finvest Ltd,Delisted,F ,500000.00,INE01WN14207, ,Commercial Papers,-,-,-,-
720141,Bharat Oman Refineries Limited,BORL28121,Bharat Oman Refineries Ltd,Delisted,F ,500000.00,INE322J14188, ,Commercial Papers,-,-,-,-
720142,ICICI Securities Limited,ISECL280121,ICICI Securities Ltd,Delisted,F ,500000.00,INE763G14JO7, ,Commercial Papers,-,-,-,-
720143,Volkswagen Finance Private Limited,VFPL29121,Volkswagen Finance Pvt Ltd,Delisted,F ,500000.00,INE851M14HG8, ,Commercial Papers,-,-,-,-
720144,Sun Pharmaceutical Industries Ltd.,SPIL29121,Sun Pharmaceutical Industries Ltd,Delisted,F ,500000.00,INE044A14617, ,Commercial Papers,-,-,-,-
720145,Adani Ports and Special Economic Zone Ltd,APSEL29121,Adani Ports and Special Economic Zone Ltd,Delisted,F ,500000.00,INE742F14OP0, ,Commercial Papers,-,-,-,-
720146,TV18 Broadcast Ltd.,TV18BL29121,TV18 Broadcast Ltd,Delisted,F ,500000.00,INE886H14FV7, ,Commercial Papers,-,-,-,-
720147,Kotak Mahindra Prime Limited,KMPL29121,Kotak Mahindra Prime Ltd,Delisted,F ,500000.00,INE916D14W90, ,Commercial Papers,-,-,-,-
720148,Reliance Industries Ltd,RIL29121,Reliance Industries Ltd,Delisted,F ,500000.00,INE002A14HG3, ,Commercial Papers,-,-,-,-
720149,NABHA POWER LIMITED,NBL29121,NABHA POWER Ltd,Delisted,F ,500000.00,INE445L14BT7, ,Commercial Papers,-,-,-,-
720150,Axis Securities Limited,ASL29121,Axis Securities Ltd,Delisted,F ,500000.00,INE110O14179, ,Commercial Papers,-,-,-,-
720152,Kotak Mahindra Investments Limited,KMIL29121,Kotak Mahindra Investments Ltd,Delisted,F ,500000.00,INE975F14TW1, ,Commercial Papers,-,-,-,-
720153,Kotak Mahindra Investments Limited,KMIL290121,Kotak Mahindra Investments Ltd,Delisted,F ,500000.00,INE975F14TX9, ,Commercial Papers,-,-,-,-
720154,360 ONE Prime Limited,IIFLWF29121,IIFL Wealth Finance Ltd,Delisted,F ,500000.00,INE248U14IK0, ,Commercial Papers,-,-,-,-
720155,360 ONE WAM LIMITED,IIFLWM29121,IIFL Wealth Management Ltd,Delisted,F ,500000.00,INE466L14759, ,Commercial Papers,-,-,-,-
720156,Oil And Natural Gas Corporation Ltd,ONGC1221,Oil And Natural Gas Corporation Ltd,Delisted,F ,500000.00,INE213A14279, ,Commercial Papers,-,-,-,-
720157,Julius Baer Capital (India) Private Limited,JBCPL1221,Julius Baer Capital (India) Pvt Ltd,Delisted,F ,500000.00,INE824H14DM2, ,Commercial Papers,-,-,-,-
720158,The Ramco Cements Limited,RCL1221,The Ramco Cements Ltd,Delisted,F ,500000.00,INE331A14KS5, ,Commercial Papers,-,-,-,-
720159,ONGC Petro additions Limited.,OPAL1221,ONGC Petro additions Ltd,Delisted,F ,500000.00,INE163N14147, ,Commercial Papers,-,-,-,-
720160,ICICI Securities Limited,ISEC2221,ICICI Securities Ltd,Delisted,F ,500000.00,INE763G14JP4, ,Commercial Papers,-,-,-,-
720161,HDFC Securities Limited,HSEC2221,HDFC Securities Ltd,Delisted,F ,500000.00,INE700G14405, ,Commercial Papers,-,-,-,-
720162,Sun Pharmaceutical Industries Ltd.,SPIL2221,Sun Pharmaceutical Industries Ltd,Delisted,F ,500000.00,INE044A14625, ,Commercial Papers,-,-,-,-
720163,Sun Pharmaceutical Industries Ltd.,SPIL20221,Sun Pharmaceutical Industries Ltd,Delisted,F ,500000.00,INE044A14633, ,Commercial Papers,-,-,-,-
720164,Julius Baer Capital (India) Private Limited,JBCPL2221,Julius Baer Capital (India) Pvt Ltd,Delisted,F ,500000.00,INE824H14DN0, ,Commercial Papers,-,-,-,-
720165,NLC India Limited,NLC3221,NLC India Ltd,Delisted,F ,500000.00,INE589A14215, ,Commercial Papers,-,-,-,-
720166,HDFC Securities Limited,HSEC241221,HDFC Securities Ltd,Delisted,F ,500000.00,INE700G14348, ,Commercial Papers,-,-,-,-
720167,HDFC Securities Limited,HSEC03221,HDFC Securities Ltd,Delisted,F ,500000.00,INE700G14413, ,Commercial Papers,-,-,-,-
720168,Chennai Petroleum Corporation Ltd.,CPCL3221,Chennai Petroleum Corporation Ltd,Delisted,F ,500000.00,INE178A14GI9, ,Commercial Papers,-,-,-,-
720169,Kotak Mahindra Prime Limited,KMPL3221,Kotak Mahindra Prime Ltd,Delisted,F ,500000.00,INE916D14X08, ,Commercial Papers,-,-,-,-
720170,Indian Oil Corporation Ltd.,IOCL3221,Indian Oil Corporation Ltd,Delisted,F ,500000.00,INE242A14SW9, ,Commercial Papers,-,-,-,-
720171,Indian Oil Corporation Ltd.,IOCL03221,Indian Oil Corporation Ltd,Delisted,F ,500000.00,INE242A14SX7, ,Commercial Papers,-,-,-,-
720172,Indian Oil Corporation Ltd.,IOCL30221,Indian Oil Corporation Ltd,Delisted,F ,500000.00,INE242A14SU3, ,Commercial Papers,-,-,-,-
720173,Indian Oil Corporation Ltd.,IOCL322021,Indian Oil Corporation Ltd,Delisted,F ,500000.00,INE242A14ST5, ,Commercial Papers,-,-,-,-
720174,Kotak Mahindra Prime Limited,KMPL04221,Kotak Mahindra Prime Ltd,Delisted,F ,500000.00,INE916D14X16, ,Commercial Papers,-,-,-,-
720175,Kotak Mahindra Prime Limited,KMPL040221,Kotak Mahindra Prime Ltd,Delisted,F ,500000.00,INE916D14X24, ,Commercial Papers,-,-,-,-
720176,Mangalore Refinery & Petrochemicals,MRP040221,Mangalore Refinery & Petrochemicals,Delisted,F ,500000.00,INE103A14264, ,Commercial Papers,-,-,-,-
720177,GIC Housing Finance Ltd.,GICHF04221,GIC Housing Finance Ltd,Delisted,F ,500000.00,INE289B14HA7, ,Commercial Papers,-,-,-,-
720178,TV18 Broadcast Ltd.,TV18BL05221,TV18 Broadcast Ltd,Delisted,F ,500000.00,INE886H14FW5, ,Commercial Papers,-,-,-,-
720179,Kotak Mahindra Investments Limited,KMIL05221,Kotak Mahindra Investments Ltd,Delisted,F ,500000.00,INE975F14TY7, ,Commercial Papers,-,-,-,-
720180,Kotak Mahindra Investments Limited,KMIL5221,Kotak Mahindra Investments Ltd,Delisted,F ,500000.00,INE975F14TZ4, ,Commercial Papers,-,-,-,-
720181,Kotak Mahindra Investments Limited,KMIL050221,Kotak Mahindra Investments Ltd,Delisted,F ,500000.00,INE975F14UA5, ,Commercial Papers,-,-,-,-
720182,Reliance Industries Ltd,RIL050221,Reliance Industries Ltd,Delisted,F ,500000.00,INE002A14HH1, ,Commercial Papers,-,-,-,-
720183,Reliance Retail Ventures Limited,RRV5221,Reliance Retail Ventures Ltd,Delisted,F ,500000.00,INE929O14164, ,Commercial Papers,-,-,-,-
720184,MUTHOOT FINANCE LIMITED,MFL5221,MUTHOOT FINANCE Ltd,Delisted,F ,500000.00,INE414G14QN4, ,Commercial Papers,-,-,-,-
720185,CaratLane Trading Private Limited,CTPL05221,CaratLane Trading Pvt Ltd,Delisted,F ,500000.00,INE015Y14120, ,Commercial Papers,-,-,-,-
720186,Network 18 Media & Investments Limited,NMI5221,Network 18 Media & Investments Ltd,Delisted,F ,500000.00,INE870H14LT3, ,Commercial Papers,-,-,-,-
720187,360 ONE WAM LIMITED,IIFLWM5221,IIFL Wealth Management Ltd,Delisted,F ,500000.00,INE466L14767, ,Commercial Papers,-,-,-,-
720188,Infina Finance Private Limited,IFPL08221,Infina Finance Pvt Ltd,Delisted,F ,500000.00,INE879F14DC1, ,Commercial Papers,-,-,-,-
720189,Axis Finance Limited,AFL080221,Axis Finance Ltd,Delisted,F ,500000.00,INE891K14KF4, ,Commercial Papers,-,-,-,-
720190,Network 18 Media & Investments Limited,N18MIL8221,Network 18 Media & Investments Ltd,Delisted,F ,500000.00,INE870H14LV9, ,Commercial Papers,-,-,-,-
720191,Steel Authority of India Ltd.,SAIL080221,Steel Authority of India Ltd,Delisted,F ,500000.00,INE114A14JR9, ,Commercial Papers,-,-,-,-
720192,Transport Corporation of India Ltd,TCIL080221,Transport Corporation of India Ltd,Delisted,F ,500000.00,INE688A14KM1, ,Commercial Papers,-,-,-,-
720193,Can Fin Homes Ltd.,CFHL08221,Can Fin Homes Ltd,Delisted,F ,500000.00,INE477A14BE5, ,Commercial Papers,-,-,-,-
720194,Infina Finance Private Limited,IFPL9221,Infina Finance Pvt Ltd,Delisted,F ,500000.00,INE879F14DD9, ,Commercial Papers,-,-,-,-
720195,MUTHOOT FINANCE LIMITED,MFL9221,MUTHOOT FINANCE Ltd,Delisted,F ,500000.00,INE414G14QR5, ,Commercial Papers,-,-,-,-
720196,Kotak Mahindra Prime Limited,KMPL9221,Kotak Mahindra Prime Ltd,Delisted,F ,500000.00,INE916D14X32, ,Commercial Papers,-,-,-,-
720197,Kotak Mahindra Prime Limited,KMPL09221,Kotak Mahindra Prime Ltd,Delisted,F ,500000.00,INE916D14X57, ,Commercial Papers,-,-,-,-
720198,Kotak Mahindra Prime Limited,KMPL902201,Kotak Mahindra Prime Ltd,Delisted,F ,500000.00,INE916D14X40, ,Commercial Papers,-,-,-,-
720199,Julius Baer Capital (India) Private Limited,JBCPL9221,Julius Baer Capital (India) Pvt Ltd,Delisted,F ,500000.00,INE824H14DO8, ,Commercial Papers,-,-,-,-
720200,Housing Development Finance Corp.Lt,HDFC9221,Housing Development Finance CorpLt,Delisted,F ,500000.00,INE001A14XJ6, ,Commercial Papers,-,-,-,-
720201,Tata Power Co. Ltd,TPCL10221,Tata Power Co Ltd,Delisted,F ,500000.00,INE245A14EI1, ,Commercial Papers,-,-,-,-
720202,APL Apollo Tubes Limited,ATL10221,APL Apollo Tubes Ltd,Delisted,F ,500000.00,INE702C14BH5, ,Commercial Papers,-,-,-,-
720203,APL Apollo Tubes Limited,ATL100221,APL Apollo Tubes Ltd,Delisted,F ,500000.00,INE702C14BG7, ,Commercial Papers,-,-,-,-
720204,MUTHOOT FINANCE LIMITED,MFL10221,MUTHOOT FINANCE Ltd,Delisted,F ,500000.00,INE414G14QQ7, ,Commercial Papers,-,-,-,-
720205,Kotak Mahindra Prime Limited,KMPL10221,Kotak Mahindra Prime Ltd,Delisted,F ,500000.00,INE916D14X65, ,Commercial Papers,-,-,-,-
720206,Larsen & Toubro Limited,LT10220,Larsen & Toubro Ltd,Delisted,F ,500000.00,INE018A14IE2, ,Commercial Papers,-,-,-,-
720207,Tata Housing Development Company Limited,THDCL10221,Tata Housing Development Company Ltd,Delisted,F ,500000.00,INE582L14GD0, ,Commercial Papers,-,-,-,-
720208,Reliance Retail Ventures Limited,RRVL10221,Reliance Retail Ventures Ltd,Delisted,F ,500000.00,INE929O14172, ,Commercial Papers,-,-,-,-
720209,Kotak Mahindra Prime Limited,KMPL11221,Kotak Mahindra Prime Ltd,Delisted,F ,500000.00,INE916D14X73, ,Commercial Papers,-,-,-,-
720210,STANDARD CHARTERED CAPITAL LIMITED,SCCL11221,STANDARD CHARTERED INVESTMENTS AND LOANS (INDIA) Ltd,Delisted,F ,500000.00,INE403G14NS3, ,Commercial Papers,-,-,-,-
720211,GIC Housing Finance Ltd.,GICHFL11221,GIC Housing Finance Ltd,Delisted,F ,500000.00,INE289B14HB5, ,Commercial Papers,-,-,-,-
720212,MUTHOOT FINANCE LIMITED,MFL11221,MUTHOOT FINANCE Ltd,Delisted,F ,500000.00,INE414G14QP9, ,Commercial Papers,-,-,-,-
720213,Adani Ports and Special Economic Zone Ltd,APSEZ11221,Adani Ports and Special Economic Zone Ltd,Delisted,F ,500000.00,INE742F14OQ8, ,Commercial Papers,-,-,-,-
720214,Kotak Mahindra Investments Limited,KMIL11221,Kotak Mahindra Investments Ltd,Delisted,F ,500000.00,INE975F14UD9, ,Commercial Papers,-,-,-,-
720215,Kotak Mahindra Investments Limited,KMIL110221,Kotak Mahindra Investments Ltd,Delisted,F ,500000.00,INE975F14UE7, ,Commercial Papers,-,-,-,-
720216,Kotak Mahindra Investments Limited,KMI110221,Kotak Mahindra Investments Ltd,Delisted,F ,500000.00,INE975F14UB3, ,Commercial Papers,-,-,-,-
720217,Kotak Mahindra Investments Limited,KMI11221,Kotak Mahindra Investments Ltd,Delisted,F ,500000.00,INE975F14UC1, ,Commercial Papers,-,-,-,-
720218,Steel Authority of India Ltd.,SAIL12221,Steel Authority of India Ltd,Delisted,F ,500000.00,INE114A14JS7, ,Commercial Papers,-,-,-,-
720219,Steel Authority of India Ltd.,SAIL120221,Steel Authority of India Ltd,Delisted,F ,500000.00,INE114A14JT5, ,Commercial Papers,-,-,-,-
720220,Larsen & Toubro Limited,LT12221,Larsen & Toubro Ltd,Delisted,F ,500000.00,INE018A14IF9, ,Commercial Papers,-,-,-,-
720221,MUTHOOT FINANCE LIMITED,MFL12221,MUTHOOT FINANCE Ltd,Delisted,F ,500000.00,INE414G14QO2, ,Commercial Papers,-,-,-,-
720222,Reliance Retail Ventures Limited,RRVL12221,Reliance Retail Ventures Ltd,Delisted,F ,500000.00,INE929O14180, ,Commercial Papers,-,-,-,-
720223,Dalmia Cement (Bharat) Limited,DCL12221,Dalmia Cement (Bharat) Ltd,Delisted,F ,500000.00,INE755K14DG4, ,Commercial Papers,-,-,-,-
720224,Dalmia Cement (Bharat) Limited,DCL120221,Dalmia Cement (Bharat) Ltd,Delisted,F ,500000.00,INE755K14DH2, ,Commercial Papers,-,-,-,-
720225,The Ramco Cements Limited,RCL12221,The Ramco Cements Ltd,Delisted,F ,500000.00,INE331A14KT3, ,Commercial Papers,-,-,-,-
720226,MUTHOOT FINANCE LIMITED,MFL15221,MUTHOOT FINANCE Ltd,Delisted,F ,500000.00,INE414G14QS3, ,Commercial Papers,-,-,-,-
720227,Axis Finance Limited,AFL15221,Axis Finance Ltd,Delisted,F ,500000.00,INE891K14KG2, ,Commercial Papers,-,-,-,-
720228,Bajaj Finance Limited,BFL15221,Bajaj Finance Ltd,Delisted,F ,500000.00,INE296A14RH8, ,Commercial Papers,-,-,-,-
720229,Infina Finance Private Limited,IFPL15221,Infina Finance Pvt Ltd,Delisted,F ,500000.00,INE879F14DE7, ,Commercial Papers,-,-,-,-
720230,Tata Power Co. Ltd,TPCL15221,Tata Power Co Ltd,Delisted,F ,500000.00,INE245A14EJ9, ,Commercial Papers,-,-,-,-
720231,Reliance Jio Infocomm Limited,RJIL15221,Reliance Jio Infocomm Ltd,Delisted,F ,500000.00,INE110L14OZ7, ,Commercial Papers,-,-,-,-
720232,Transport Corporation of India Ltd,TCIL15221,Transport Corporation of India Ltd,Delisted,F ,500000.00,INE688A14KN9, ,Commercial Papers,-,-,-,-
720233,Kotak Mahindra Investments Limited,KMIL15221,Kotak Mahindra Investments Ltd,Delisted,F ,500000.00,INE975F14UG2, ,Commercial Papers,-,-,-,-
720234,Kotak Mahindra Investments Limited,KMIL1502221,Kotak Mahindra Investments Ltd,Delisted,F ,500000.00,INE975F14UF4, ,Commercial Papers,-,-,-,-
720235,Kotak Mahindra Investments Limited,KMIL015221,Kotak Mahindra Investments Ltd,Delisted,F ,500000.00,INE975F14UH0, ,Commercial Papers,-,-,-,-
720236,Kotak Mahindra Investments Limited,KMIL1522021,Kotak Mahindra Investments Ltd,Delisted,F ,500000.00,INE975F14UI8, ,Commercial Papers,-,-,-,-
720237,Northern Arc Capital Ltd.,NACL15221,Northern Arc Capital Ltd,Delisted,F ,500000.00,INE850M14950, ,Commercial Papers,-,-,-,-
720238,Reliance Industries Ltd,RIL15221,Reliance Industries Ltd,Delisted,F ,500000.00,INE002A14HI9, ,Commercial Papers,-,-,-,-
720239,ICICI Securities Limited,ISEC16221,ICICI Securities Ltd,Delisted,F ,500000.00,INE763G14JS8, ,Commercial Papers,-,-,-,-
720240,ICICI Securities Limited,ISEC160221,ICICI Securities Ltd,Delisted,F ,500000.00,INE763G14JQ2, ,Commercial Papers,-,-,-,-
720241,ICICI Securities Limited,ISEC1622021,ICICI Securities Ltd,Delisted,F ,500000.00,INE763G14JR0, ,Commercial Papers,-,-,-,-
720242,HDFC Securities Limited,HSEC16221,HDFC Securities Ltd,Delisted,F ,500000.00,INE700G14421, ,Commercial Papers,-,-,-,-
720243,Bajaj Finance Limited,BFL16221,Bajaj Finance Ltd,Delisted,F ,500000.00,INE296A14RI6, ,Commercial Papers,-,-,-,-
720244,Network 18 Media & Investments Limited,N18MI16221,Network 18 Media & Investments Ltd,Delisted,F ,500000.00,INE870H14LU1, ,Commercial Papers,-,-,-,-
720245,Kotak Mahindra Prime Limited,KMPL16221,Kotak Mahindra Prime Ltd,Delisted,F ,500000.00,INE916D14X99, ,Commercial Papers,-,-,-,-
720246,Reliance Industries Ltd,RIL16221,Reliance Industries Ltd,Delisted,F ,500000.00,INE002A14HJ7, ,Commercial Papers,-,-,-,-
720247,Kotak Securities Limited,KSL16221,Kotak Securities Ltd,Delisted,F ,500000.00,INE028E14HU1, ,Commercial Papers,-,-,-,-
720248,Kotak Securities Limited,KSL160221,Kotak Securities Ltd,Delisted,F ,500000.00,INE028E14HV9, ,Commercial Papers,-,-,-,-
720249,Aditya Birla Finance Limited,ABFL16221,Aditya Birla Finance Ltd,Delisted,F ,500000.00,INE860H14S31, ,Commercial Papers,-,-,-,-
720250,Oil And Natural Gas Corporation Ltd,ONGC17221,Oil And Natural Gas Corporation Ltd,Delisted,F ,500000.00,INE213A14287, ,Commercial Papers,-,-,-,-
720251,Motilal Oswal Finvest Limited,MOFL17221,Motilal Oswal Finvest Ltd,Delisted,F ,500000.00,INE01WN14215, ,Commercial Papers,-,-,-,-
720252,HDFC Securities Limited,HSEC17221,HDFC Securities Ltd,Delisted,F ,500000.00,INE700G14439, ,Commercial Papers,-,-,-,-
720253,Bajaj Finance Limited,BFL17221,Bajaj Finance Ltd,Delisted,F ,500000.00,INE296A14RJ4, ,Commercial Papers,-,-,-,-
720254,Bajaj Finance Limited,BFL170221,Bajaj Finance Ltd,Delisted,F ,500000.00,INE296A14RK2, ,Commercial Papers,-,-,-,-
720255,birla Group Holdings Private Limited,BGHL17221,birla Group Holdings Pvt Ltd,Delisted,F ,500000.00,INE09OL14565, ,Commercial Papers,-,-,-,-
720256,Motilal Oswal Financial Services Limited,MOFSL17221,Motilal Oswal Financial Services Ltd,Delisted,F ,500000.00,INE338I14CC4, ,Commercial Papers,-,-,-,-
720257,ICICI HOME FINANCE COMPANY LIMITED,IHFC17221,ICICI HOME FINANCE COMPANY Ltd,Delisted,F ,500000.00,INE071G14DH2, ,Commercial Papers,-,-,-,-
720258,Julius Baer Capital (India) Private Limited,JBCPL17221,Julius Baer Capital (India) Pvt Ltd,Delisted,F ,500000.00,INE824H14DQ3, ,Commercial Papers,-,-,-,-
720259,Transport Corporation of India Ltd,TCIL17221,Transport Corporation of India Ltd,Delisted,F ,500000.00,INE688A14K07, ,Commercial Papers,-,-,-,-
720260,Chennai Petroleum Corporation Ltd.,CPCL18221,Chennai Petroleum Corporation Ltd,Delisted,F ,500000.00,INE178A14GJ7, ,Commercial Papers,-,-,-,-
720261,Bajaj Finance Limited,BFL18221,Bajaj Finance Ltd,Delisted,F ,500000.00,INE296A14RL0, ,Commercial Papers,-,-,-,-
720262,Steel Authority of India Ltd.,SAIL18221,Steel Authority of India Ltd,Delisted,F ,500000.00,INE114A14JU3, ,Commercial Papers,-,-,-,-
720263,Tata Power Co. Ltd,TPCL18221,Tata Power Co Ltd,Delisted,F ,500000.00,INE245A14EK7, ,Commercial Papers,-,-,-,-
720264,NLC India Limited,NLC18221,NLC India Ltd,Delisted,F ,500000.00,INE589A14223, ,Commercial Papers,-,-,-,-
720265,Pilani Investment And Industries Corporation Limited,PICL18221,Pilani Investment And Industries Corporation Ltd,Delisted,F ,500000.00,INE417C14124, ,Commercial Papers,-,-,-,-
720266,TV18 Broadcast Ltd.,TV18BL18221,TV18 Broadcast Ltd,Delisted,F ,500000.00,INE886H14FX3, ,Commercial Papers,-,-,-,-
720267,TV18 Broadcast Ltd.,TV18B18221,TV18 Broadcast Ltd,Delisted,F ,500000.00,INE886H14FY1, ,Commercial Papers,-,-,-,-
720268,Infina Finance Private Limited,IFPL18221,Infina Finance Pvt Ltd,Delisted,F ,500000.00,INE879F14DF4, ,Commercial Papers,-,-,-,-
720269,Axis Finance Limited,AFL18221,Axis Finance Ltd,Delisted,F ,500000.00,INE891K14KH0, ,Commercial Papers,-,-,-,-
720270,Can Fin Homes Ltd.,CFHL18221,Can Fin Homes Ltd,Delisted,F ,500000.00,INE477A14BF2, ,Commercial Papers,-,-,-,-
720271,Reliance Industries Ltd,RIL18221,Reliance Industries Ltd,Delisted,F ,500000.00,INE002A14HK5, ,Commercial Papers,-,-,-,-
720272,360 ONE WAM LIMITED,IWML18221,IIFL Wealth Management Ltd,Delisted,F ,500000.00,INE466L14775, ,Commercial Papers,-,-,-,-
720273,Mangalore Refinery & Petrochemicals,MRPL18221,Mangalore Refinery & Petrochemicals,Delisted,F ,500000.00,INE103A14272, ,Commercial Papers,-,-,-,-
720274,Network 18 Media & Investments Limited,N18MIL22221,Network 18 Media & Investments Ltd,Delisted,F ,500000.00,INE870H14LX5, ,Commercial Papers,-,-,-,-
720275,Bajaj Finance Limited,BFL22221,Bajaj Finance Ltd,Delisted,F ,500000.00,INE296A14RM8, ,Commercial Papers,-,-,-,-
720276,APL Apollo Tubes Limited,APLAT22221,APL Apollo Tubes Ltd,Delisted,F ,500000.00,INE702C14BI3, ,Commercial Papers,-,-,-,-
720277,Jamnagar Utilities & Power Private Limited,JUPL22221,Jamnagar Utilities & Power Pvt Ltd,Delisted,F ,500000.00,INE936D14071, ,Commercial Papers,-,-,-,-
720278,Jamnagar Utilities & Power Private Limited,JUPL220221,Jamnagar Utilities & Power Pvt Ltd,Delisted,F ,500000.00,INE936D14063, ,Commercial Papers,-,-,-,-
720279,Bajaj Housing Finance Limited,BHFL22221,Bajaj Housing Finance Ltd,Delisted,F ,500000.00,INE377Y14793, ,Commercial Papers,-,-,-,-
720280,KEC International Ltd.,KEC22221,KEC International Ltd (formerly known as KEC Infrastructures Ltd),Delisted,F ,500000.00,INE389H14GA4, ,Commercial Papers,-,-,-,-
720281,Shree Cements Ltd.,SCL22221,Shree Cements Ltd,Delisted,F ,500000.00,INE070A14471, ,Commercial Papers,-,-,-,-
720282,Julius Baer Capital (India) Private Limited,JBCPL22221,Julius Baer Capital (India) Pvt Ltd,Delisted,F ,500000.00,INE824H14DP5, ,Commercial Papers,-,-,-,-
720283,Kotak Securities Limited,KSL22221,Kotak Securities Ltd,Delisted,F ,500000.00,INE028E14HW7, ,Commercial Papers,-,-,-,-
720284,Dalmia Cement (Bharat) Limited,DCL22221,Dalmia Cement (Bharat) Ltd,Delisted,F ,500000.00,INE755K14DI0, ,Commercial Papers,-,-,-,-
720285,birla Group Holdings Private Limited,BGHPL23221,birla Group Holdings Pvt Ltd,Delisted,F ,500000.00,INE09OL14573, ,Commercial Papers,-,-,-,-
720286,Aditya Birla Finance Limited,ABFL23221,Aditya Birla Finance Ltd,Delisted,F ,500000.00,INE860H14S49, ,Commercial Papers,-,-,-,-
720287,HDFC Securities Limited,HSEC24221,HDFC Securities Ltd,Delisted,F ,500000.00,INE700G14447, ,Commercial Papers,-,-,-,-
720288,STANDARD CHARTERED CAPITAL LIMITED,SCCL24221,STANDARD CHARTERED INVESTMENTS AND LOANS (INDIA) Ltd,Delisted,F ,500000.00,INE403G14NT1, ,Commercial Papers,-,-,-,-
720289,Sharekhan BNP Paribas Financial Services Limited,SBPSL24221,Sharekhan BNP Paribas Financial Services Ltd,Delisted,F ,500000.00,INE550X14458, ,Commercial Papers,-,-,-,-
720290,Sharekhan BNP Paribas Financial Services Limited,SBPFS24221,Sharekhan BNP Paribas Financial Services Ltd,Delisted,F ,500000.00,INE550X14466, ,Commercial Papers,-,-,-,-
720291,Network 18 Media & Investments Limited,N18MIL24221,Network 18 Media & Investments Ltd,Delisted,F ,500000.00,INE870H14LW7, ,Commercial Papers,-,-,-,-
720292,Bajaj Housing Finance Limited,BHFL24221,Bajaj Housing Finance Ltd,Delisted,F ,500000.00,INE377Y14801, ,Commercial Papers,-,-,-,-
720293,Adani Ports and Special Economic Zone Ltd,APSEZ24221,Adani Ports and Special Economic Zone Ltd,Delisted,F ,500000.00,INE742F14OR6, ,Commercial Papers,-,-,-,-
720294,Bombay Burmah Trading Corpn. Ltd.,BBTCL24221,Bombay Burmah Trading Corpn Ltd,Delisted,F ,500000.00,INE050A14580, ,Commercial Papers,-,-,-,-
720295,Jhajjar Power Limited,JPL24221,Jhajjar Power Ltd,Delisted,F ,500000.00,INE165K14809, ,Commercial Papers,-,-,-,-
720296,360 ONE WAM LIMITED,IIFL24221,IIFL Wealth Management Ltd,Delisted,F ,500000.00,INE466L14783, ,Commercial Papers,-,-,-,-
720297,ICICI Securities Limited,ISEC24221,ICICI Securities Ltd,Delisted,F ,500000.00,INE763G14JU4, ,Commercial Papers,-,-,-,-
720298,ICICI Securities Limited,ISEC240221,ICICI Securities Ltd,Delisted,F ,500000.00,INE763G14JT6, ,Commercial Papers,-,-,-,-
720299,Axis Securities Limited,ASL25221,Axis Securities Ltd,Delisted,F ,500000.00,INE110O14187, ,Commercial Papers,-,-,-,-
720300,Julius Baer Capital (India) Private Limited,JBCPL25221,Julius Baer Capital (India) Pvt Ltd,Delisted,F ,500000.00,INE824H14DR1, ,Commercial Papers,-,-,-,-
720301,Motilal Oswal Finvest Limited,MOFL25221,Motilal Oswal Finvest Ltd,Delisted,F ,500000.00,INE01WN14223, ,Commercial Papers,-,-,-,-
720302,KEC International Ltd.,KEC25221,KEC International Ltd (formerly known as KEC Infrastructures Ltd),Delisted,F ,500000.00,INE389H14GB2, ,Commercial Papers,-,-,-,-
720303,Network 18 Media & Investments Limited,N18MI25221,Network 18 Media & Investments Ltd,Delisted,F ,500000.00,INE870H14LY3, ,Commercial Papers,-,-,-,-
720304,MUTHOOT FINANCE LIMITED,MFL25221,MUTHOOT FINANCE Ltd,Delisted,F ,500000.00,INE414G14QV7, ,Commercial Papers,-,-,-,-
720305,Dalmia Cement (Bharat) Limited,DCL25221,Dalmia Cement (Bharat) Ltd,Delisted,F ,500000.00,INE755K14DK6, ,Commercial Papers,-,-,-,-
720306,Sharekhan BNP Paribas Financial Services Limited,SBPFSL25221,Sharekhan BNP Paribas Financial Services Ltd,Delisted,F ,500000.00,INE550X14474, ,Commercial Papers,-,-,-,-
720307,Adani Ports and Special Economic Zone Ltd,APSEZ25221,Adani Ports and Special Economic Zone Ltd,Delisted,F ,500000.00,INE742F14OS4, ,Commercial Papers,-,-,-,-
720308,Reliance Industries Ltd,RIL25221,Reliance Industries Ltd,Delisted,F ,500000.00,INE002A14HL3, ,Commercial Papers,-,-,-,-
720309,Reliance Industries Ltd,RIL25022021,Reliance Industries Ltd,Delisted,F ,500000.00,INE002A14HM1, ,Commercial Papers,-,-,-,-
720310,360 ONE Prime Limited,IIFLWP25221,IIFL Wealth Prime Ltd,Delisted,F ,500000.00,INE248U14IM6, ,Commercial Papers,-,-,-,-
720311,ONGC Petro additions Limited.,OPAL25221,ONGC Petro additions Ltd,Delisted,F ,500000.00,INE163N14154, ,Commercial Papers,-,-,-,-
720312,MUTHOOT FINANCE LIMITED,MFL26221,MUTHOOT FINANCE Ltd,Delisted,F ,500000.00,INE414G14QU9, ,Commercial Papers,-,-,-,-
720313,NLC Tamilnadu Power Limited,NLCTP26221,NLC Tamilnadu Power Ltd,Delisted,F ,500000.00,INE05C614055, ,Commercial Papers,-,-,-,-
720314,Sharekhan BNP Paribas Financial Services Limited,SBFSL26221,Sharekhan BNP Paribas Financial Services Ltd,Delisted,F ,500000.00,INE550X14482, ,Commercial Papers,-,-,-,-
720315,ŠKODA AUTO Volkswagen India Private Limited,SKODA26221,ŠKODA AUTO Volkswagen India Pvt Ltd,Delisted,F ,500000.00,INE04TA14154, ,Commercial Papers,-,-,-,-
720316,Network 18 Media & Investments Limited,N18MI26221,Network 18 Media & Investments Ltd,Delisted,F ,500000.00,INE870H14LZ0, ,Commercial Papers,-,-,-,-
720317,HDFC Securities Limited,HSEC26221,HDFC Securities Ltd,Delisted,F ,500000.00,INE700G14454, ,Commercial Papers,-,-,-,-
720318,Sun Pharmaceutical Industries Ltd.,SPIL26221,Sun Pharmaceutical Industries Ltd,Delisted,F ,500000.00,INE044A14641, ,Commercial Papers,-,-,-,-
720319,Infina Finance Private Limited,IFPL26221,Infina Finance Pvt Ltd,Delisted,F ,500000.00,INE879F14DG2, ,Commercial Papers,-,-,-,-
720320,NABHA POWER LIMITED,NPL26221,NABHA POWER Ltd,Delisted,F ,500000.00,INE445L14BU5, ,Commercial Papers,-,-,-,-
720321,Bajaj Finance Limited,BFL26221,Bajaj Finance Ltd,Delisted,F ,500000.00,INE296A14RN6, ,Commercial Papers,-,-,-,-
720322,NLC India Limited,NLC26221,NLC India Ltd,Delisted,F ,500000.00,INE589A14231, ,Commercial Papers,-,-,-,-
720323,Infina Finance Private Limited,IFPL260221,Infina Finance Pvt Ltd,Delisted,F ,500000.00,INE879F14DH0, ,Commercial Papers,-,-,-,-
720324,Oil And Natural Gas Corporation Ltd,ONGC26221,Oil And Natural Gas Corporation Ltd,Delisted,F ,500000.00,INE213A14295, ,Commercial Papers,-,-,-,-
720325,Kotak Securities Limited,KSL26221,Kotak Securities Ltd,Delisted,F ,500000.00,INE028E14HX5, ,Commercial Papers,-,-,-,-
720326,Dalmia Cement (Bharat) Limited,DCL26221,Dalmia Cement (Bharat) Ltd,Delisted,F ,500000.00,INE755K14DJ8, ,Commercial Papers,-,-,-,-
720327,BOBCARD LIMITED,BOBFS26221,BOB Financial Solutions Ltd,Delisted,F ,500000.00,INE027214100, ,Commercial Papers,-,-,-,-
720328,MUTHOOT FINANCE LIMITED,MFL1321,MUTHOOT FINANCE Ltd,Delisted,F ,500000.00,INE414G14QT1, ,Commercial Papers,-,-,-,-
720329,Kotak Mahindra Investments Limited,KMIL1321,Kotak Mahindra Investments Ltd,Delisted,F ,500000.00,INE975F14UJ6, ,Commercial Papers,-,-,-,-
720330,Kotak Mahindra Investments Limited,KMIL01321,Kotak Mahindra Investments Ltd,Delisted,F ,500000.00,INE975F14UK4, ,Commercial Papers,-,-,-,-
720331,ICICI Securities Limited,ISEC132021,ICICI Securities Ltd,Delisted,F ,500000.00,INE763G14JV2, ,Commercial Papers,-,-,-,-
720332,Adani Ports and Special Economic Zone Ltd,APSEZ2321,Adani Ports and Special Economic Zone Ltd,Delisted,F ,500000.00,INE742F14OT2, ,Commercial Papers,-,-,-,-
720333,Bharat Oman Refineries Limited,BORL2321,Bharat Oman Refineries Ltd,Delisted,F ,500000.00,INE322J14196, ,Commercial Papers,-,-,-,-
720334,HDFC Securities Limited,HSEC2321,HDFC Securities Ltd,Delisted,F ,500000.00,INE700G14462, ,Commercial Papers,-,-,-,-
720335,Steel Authority of India Ltd.,SAIL02321,Steel Authority of India Ltd,Delisted,F ,500000.00,INE114A14JV1, ,Commercial Papers,-,-,-,-
720336,Steel Authority of India Ltd.,SAIL2321,Steel Authority of India Ltd,Delisted,F ,500000.00,INE114A14JW9, ,Commercial Papers,-,-,-,-
720337,India Grid Trust,IGT2321,India Grid Trust,Delisted,F ,500000.00,INE219X14013, ,Commercial Papers,-,-,-,-
720338,Kotak Securities Limited,KSL2321,Kotak Securities Ltd,Delisted,F ,500000.00,INE028E14HY3, ,Commercial Papers,-,-,-,-
720339,Avendus Finance Private Limited,AFPL2321,Avendus Finance Pvt Ltd,Delisted,F ,500000.00,INE177R14064, ,Commercial Papers,-,-,-,-
720340,360 ONE WAM LIMITED,IIFLWM3321,IIFL Wealth Management Ltd,Delisted,F ,500000.00,INE466L14791, ,Commercial Papers,-,-,-,-
720341,ICICI Securities Limited,ISEC3321,ICICI Securities Ltd,Delisted,F ,500000.00,INE763G14JW0, ,Commercial Papers,-,-,-,-
720342,ICICI Securities Limited,ISEC30321,ICICI Securities Ltd,Delisted,F ,500000.00,INE763G14JX8, ,Commercial Papers,-,-,-,-
720343,TV18 Broadcast Ltd.,TV18B3321,TV18 Broadcast Ltd,Delisted,F ,500000.00,INE886H14FZ8, ,Commercial Papers,-,-,-,-
720344,360 ONE Prime Limited,IIFLWP3321,IIFL Wealth Prime Ltd,Delisted,F ,500000.00,INE248U14IN4, ,Commercial Papers,-,-,-,-
720345,Ramco Industries Ltd,RIL3321,Ramco Industries Ltd,Delisted,F ,500000.00,INE614A14278, ,Commercial Papers,-,-,-,-
720346,ICICI Securities Primary Dealership Limited,ISECPD3321,ICICI Securities Primary Dealership Ltd,Delisted,F ,500000.00,INE849D14GP4, ,Commercial Papers,-,-,-,-
720347,Reliance Industries Ltd,RIL030321,Reliance Industries Ltd,Delisted,F ,500000.00,INE002A14HN9, ,Commercial Papers,-,-,-,-
720348,Network 18 Media & Investments Limited,N18MI4321,Network 18 Media & Investments Ltd,Delisted,F ,500000.00,INE870H14MB9, ,Commercial Papers,-,-,-,-
720349,GIC Housing Finance Ltd.,GICHF4321,GIC Housing Finance Ltd,Delisted,F ,500000.00,INE289B14HC3, ,Commercial Papers,-,-,-,-
720350,Julius Baer Capital (India) Private Limited,JBCL4321,Julius Baer Capital (India) Pvt Ltd,Delisted,F ,500000.00,INE824H14DT7, ,Commercial Papers,-,-,-,-
720351,Sterlite Technologies Limited.,STL4321,Sterlite Technologies Ltd,Delisted,F ,500000.00,INE089C14AV0, ,Commercial Papers,-,-,-,-
720352,Reliance Retail Ventures Limited,RRVL4321,Reliance Retail Ventures Ltd,Delisted,F ,500000.00,INE929O14198, ,Commercial Papers,-,-,-,-
720353,Kribhco Fertilizers Limited,KFL5321,Kribhco Fertilizers Ltd,Delisted,F ,500000.00,INE486H14BD3, ,Commercial Papers,-,-,-,-
720354,Sharekhan BNP Paribas Financial Services Limited,SBPFSL5321,Sharekhan BNP Paribas Financial Services Ltd,Delisted,F ,500000.00,INE550X14508, ,Commercial Papers,-,-,-,-
720355,Adani Ports and Special Economic Zone Ltd,APSEZL5321,Adani Ports and Special Economic Zone Ltd,Delisted,F ,500000.00,INE742F14OU0, ,Commercial Papers,-,-,-,-
720356,Axis Finance Limited,AFL5321,Axis Finance Ltd,Delisted,F ,500000.00,INE891K14KI8, ,Commercial Papers,-,-,-,-
720357,Can Fin Homes Ltd.,CFL050321,Can Fin Homes Ltd,Delisted,F ,500000.00,INE477A14BG0, ,Commercial Papers,-,-,-,-
720358,birla Group Holdings Private Limited,BGHPL5321,birla Group Holdings Pvt Ltd,Delisted,F ,500000.00,INE09OL14581, ,Commercial Papers,-,-,-,-
720359,Indian Oil Corporation Ltd.,IOCL050321,Indian Oil Corporation Ltd,Delisted,F ,500000.00,INE242A14TB1, ,Commercial Papers,-,-,-,-
720360,Sharekhan Limited,SL05321,Sharekhan Ltd,Delisted,F ,500000.00,INE211H14047, ,Commercial Papers,-,-,-,-
720361,Tata Realty and Infrastructure Limited,TRIL050321,Tata Realty and Infrastructure Ltd,Delisted,F ,500000.00,INE371K14AO0, ,Commercial Papers,-,-,-,-
720362,Julius Baer Capital (India) Private Limited,JBCPL5321,Julius Baer Capital (India) Pvt Ltd,Delisted,F ,500000.00,INE824H14DS9, ,Commercial Papers,-,-,-,-
720363,National Bank for Agriculture and Rural Development,NBARD5321,National Bank for Agriculture and Rural Development,Delisted,F ,500000.00,INE261F14HT7, ,Commercial Papers,-,-,-,-
720364,NLC Tamilnadu Power Limited,NLCTL5321,NLC Tamilnadu Power Ltd,Delisted,F ,500000.00,INE05C614063, ,Commercial Papers,-,-,-,-
720365,Bharat Petroleum Corpn. Ltd.,BPCL5321,Bharat Petroleum Corpn Ltd,Delisted,F ,500000.00,INE029A14BF1, ,Commercial Papers,-,-,-,-
720366,Motilal Oswal Finvest Limited,MOFL050321,Motilal Oswal Finvest Ltd,Delisted,F ,500000.00,INE01WN14249, ,Commercial Papers,-,-,-,-
720367,Bharat Petroleum Corpn. Ltd.,BPCL5321A,Bharat Petroleum Corpn Ltd,Delisted,F ,500000.00,INE029A14BE4, ,Commercial Papers,-,-,-,-
720368,Kotak Mahindra Investments Limited,KMIL5321,Kotak Mahindra Investments Ltd,Delisted,F ,500000.00,INE975F14UL2, ,Commercial Papers,-,-,-,-
720369,Bharat Petroleum Corpn. Ltd.,BPCL5321B,Bharat Petroleum Corpn Ltd,Delisted,F ,500000.00,INE029A14BD6, ,Commercial Papers,-,-,-,-
720370,Motilal Oswal Finvest Limited,MOFL5321,Motilal Oswal Finvest Ltd,Delisted,F ,500000.00,INE01WN14231, ,Commercial Papers,-,-,-,-
720371,Network 18 Media & Investments Limited,N18MI050321,Network 18 Media & Investments Ltd,Delisted,F ,500000.00,INE870H14MA1, ,Commercial Papers,-,-,-,-
720372,Reliance Industries Ltd,RIL5321,Reliance Industries Ltd,Delisted,F ,500000.00,INE002A14HO7, ,Commercial Papers,-,-,-,-
720373,Kotak Mahindra Prime Limited,KMPL050321,Kotak Mahindra Prime Ltd,Delisted,F ,500000.00,INE916D14Y07, ,Commercial Papers,-,-,-,-
720374,Mishra Dhatu Nigam Limited,MDNL5321,Mishra Dhatu Nigam Ltd,Delisted,F ,500000.00,INE099Z14014, ,Commercial Papers,-,-,-,-
720375,360 ONE Prime Limited,IIFLWP5321,IIFL Wealth Prime Ltd,Delisted,F ,500000.00,INE248U14IO2, ,Commercial Papers,-,-,-,-
720376,POWER GRID CORPORATION OF INDIA LIMITED,PGCIL5321,POWER GRID CORPORATION OF INDIA Ltd,Delisted,F ,500000.00,INE752E14492, ,Commercial Papers,-,-,-,-
720377,360 ONE WAM LIMITED,IIFLWM5321,IIFL Wealth Management Ltd,Delisted,F ,500000.00,INE466L14809, ,Commercial Papers,-,-,-,-
720378,Sharekhan BNP Paribas Financial Services Limited,SBNPFS8321,Sharekhan BNP Paribas Financial Services Ltd,Delisted,F ,500000.00,INE550X14490, ,Commercial Papers,-,-,-,-
720379,Infina Finance Private Limited,IFPL8321,Infina Finance Pvt Ltd,Delisted,F ,500000.00,INE879F14DI8, ,Commercial Papers,-,-,-,-
720380,Bajaj Financial Securities Limited,BFSL080321,Bajaj Financial Securities Ltd,Delisted,F ,500000.00,INE01C314056, ,Commercial Papers,-,-,-,-
720381,Indian Oil Corporation Ltd.,IOCL8321,Indian Oil Corporation Ltd,Delisted,F ,500000.00,INE242A14TD7, ,Commercial Papers,-,-,-,-
720382,Indian Oil Corporation Ltd.,IOCL08321,Indian Oil Corporation Ltd,Delisted,F ,500000.00,INE242A14TC9, ,Commercial Papers,-,-,-,-
720383,Indian Oil Corporation Ltd.,IOCL80321,Indian Oil Corporation Ltd,Delisted,F ,500000.00,INE242A14TE5, ,Commercial Papers,-,-,-,-
720384,Mangalore Refinery & Petrochemicals,MRPL8321,Mangalore Refinery & Petrochemicals,Delisted,F ,500000.00,INE103A14280, ,Commercial Papers,-,-,-,-
720385,CaratLane Trading Private Limited,CTPL8321,CaratLane Trading Pvt Ltd,Delisted,F ,500000.00,INE015Y14138, ,Commercial Papers,-,-,-,-
720386,Reliance Retail Ventures Limited,RRVL8321,Reliance Retail Ventures Ltd,Delisted,F ,500000.00,INE929O14206, ,Commercial Papers,-,-,-,-
720387,Reliance Jio Infocomm Limited,RJIL8321,Reliance Jio Infocomm Ltd,Delisted,F ,500000.00,INE110L14PA7, ,Commercial Papers,-,-,-,-
720388,Nuvama Wealth Finance Limited,EFIL8321,Edelweiss Finance & Investments Ltd,Delisted,F ,500000.00,INE918K14470, ,Commercial Papers,-,-,-,-
720389,E.I.D. Parry (India) Ltd.,EIDPL8321,EID Parry (India) Ltd,Delisted,F ,500000.00,INE126A14ED4, ,Commercial Papers,-,-,-,-
720390,JM Financial Properties and Holdings Limited,JMFPH8321,JM Financial Properties and Holdings Ltd,Delisted,F ,500000.00,INE525R14601, ,Commercial Papers,-,-,-,-
720391,JM Financial Properties and Holdings Limited,JMFPHL08321,JM Financial Properties and Holdings Ltd,Delisted,F ,500000.00,INE525R14593, ,Commercial Papers,-,-,-,-
720392,Reliance Industries Ltd,RIL8321,Reliance Industries Ltd,Delisted,F ,500000.00,INE002A14HP4, ,Commercial Papers,-,-,-,-
720393,Reliance Jio Infocomm Limited,RJIL9321,Reliance Jio Infocomm Ltd,Delisted,F ,500000.00,INE110L14PC3, ,Commercial Papers,-,-,-,-
720394,Reliance Jio Infocomm Limited,RJIL09321,Reliance Jio Infocomm Ltd,Delisted,F ,500000.00,INE110L14PB5, ,Commercial Papers,-,-,-,-
720395,HDFC Securities Limited,HDFCSL9321,HDFC Securities Ltd,Delisted,F ,500000.00,INE700G14470, ,Commercial Papers,-,-,-,-
720396,HT Media Ltd,HTML090321,HT Media Ltd,Delisted,F ,500000.00,INE501G14BW1, ,Commercial Papers,-,-,-,-
720397,NLC India Limited,NLC10321,NLC India Ltd,Delisted,F ,500000.00,INE589A14249, ,Commercial Papers,-,-,-,-
720398,Kotak Mahindra Prime Limited,KMPL10321,Kotak Mahindra Prime Ltd,Delisted,F ,500000.00,INE916D14Y15, ,Commercial Papers,-,-,-,-
720399,Infina Finance Private Limited,IFPL10321,Infina Finance Pvt Ltd,Delisted,F ,500000.00,INE879F14DK4, ,Commercial Papers,-,-,-,-
720400,Infina Finance Private Limited,IFPL100321,Infina Finance Pvt Ltd,Delisted,F ,500000.00,INE879F14DJ6, ,Commercial Papers,-,-,-,-
720401,Infina Finance Private Limited,IFPL1032021,Infina Finance Pvt Ltd,Delisted,F ,500000.00,INE879F14DL2, ,Commercial Papers,-,-,-,-
720402,Aarti Industries Ltd,AIL10321,Aarti Industries Ltd,Delisted,F ,500000.00,INE769A14643, ,Commercial Papers,-,-,-,-
720403,Tata Realty and Infrastructure Limited,TRIL10321,Tata Realty and Infrastructure Ltd,Delisted,F ,500000.00,INE371K14AP7, ,Commercial Papers,-,-,-,-
720404,Kotak Mahindra Investments Limited,KMIL10321,Kotak Mahindra Investments Ltd,Delisted,F ,500000.00,INE975F14UM0, ,Commercial Papers,-,-,-,-
720405,JSW Energy Limited,JSWEL10321,JSW Energy Ltd,Delisted,F ,500000.00,INE121E14136, ,Commercial Papers,-,-,-,-
720406,Grasim Industries Ltd,GIL10321,Grasim Industries Ltd,Delisted,F ,500000.00,INE047A14750, ,Commercial Papers,-,-,-,-
720407,Reliance Industries Ltd,RIL10321,Reliance Industries Ltd,Delisted,F ,500000.00,INE002A14HQ2, ,Commercial Papers,-,-,-,-
720408,Time Technoplast Limited,TTL12321,Time Technoplast Ltd,Delisted,F ,500000.00,INE508G14AH9, ,Commercial Papers,-,-,-,-
720409,Motilal Oswal Finvest Limited,MOFL12321,Motilal Oswal Finvest Ltd,Delisted,F ,500000.00,INE01WN14256, ,Commercial Papers,-,-,-,-
720410,Network 18 Media & Investments Limited,N18MI12321,Network 18 Media & Investments Ltd,Delisted,F ,500000.00,INE870H14MC7, ,Commercial Papers,-,-,-,-
720411,Daimler Financial Services India Private Limited,DFSIL12321,Daimler Financial Services India Pvt Ltd,Delisted,F ,500000.00,INE094O14CI8, ,Commercial Papers,-,-,-,-
720412,Indian Oil Corporation Ltd.,IOCL12321,Indian Oil Corporation Ltd,Delisted,F ,500000.00,INE242A14TG0, ,Commercial Papers,-,-,-,-
720413,Reliance Jio Infocomm Limited,RJIL12321,Reliance Jio Infocomm Ltd,Delisted,F ,500000.00,INE110L14PD1, ,Commercial Papers,-,-,-,-
720414,Can Fin Homes Ltd.,CFHL12321,Can Fin Homes Ltd,Delisted,F ,500000.00,INE477A14BH8, ,Commercial Papers,-,-,-,-
720415,Mangalore Refinery & Petrochemicals,MRPL12321,Mangalore Refinery & Petrochemicals,Delisted,F ,500000.00,INE103A14298, ,Commercial Papers,-,-,-,-
720416,Transport Corporation of India Ltd,TCIL12321,Transport Corporation of India Ltd,Delisted,F ,500000.00,INE688A14KP4, ,Commercial Papers,-,-,-,-
720417,Chennai Petroleum Corporation Ltd.,CPCL15321,Chennai Petroleum Corporation Ltd,Delisted,F ,500000.00,INE178A14GK5, ,Commercial Papers,-,-,-,-
720418,Tata Power Co. Ltd,TPCL15321,Tata Power Co Ltd,Delisted,F ,500000.00,INE245A14EL5, ,Commercial Papers,-,-,-,-
720419,Indian Oil Corporation Ltd.,IOCL15321,Indian Oil Corporation Ltd,Delisted,F ,500000.00,INE242A14TF2, ,Commercial Papers,-,-,-,-
720420,Network 18 Media & Investments Limited,N18MIL15321,Network 18 Media & Investments Ltd,Delisted,F ,500000.00,INE870H14ME3, ,Commercial Papers,-,-,-,-
720421,Network 18 Media & Investments Limited,N18MI150321,Network 18 Media & Investments Ltd,Delisted,F ,500000.00,INE870H14MF0, ,Commercial Papers,-,-,-,-
720422,Reliance Retail Ventures Limited,RRVL15321,Reliance Retail Ventures Ltd,Delisted,F ,500000.00,INE929O14214, ,Commercial Papers,-,-,-,-
720423,ICICI Securities Limited,ISEC15321,ICICI Securities Ltd,Delisted,F ,500000.00,INE763G14JY6, ,Commercial Papers,-,-,-,-
720424,birla Group Holdings Private Limited,BGHPL15321,birla Group Holdings Pvt Ltd,Delisted,F ,500000.00,INE09OL14599, ,Commercial Papers,-,-,-,-
720425,ICICI Securities Primary Dealership Limited,ISPDL15321,ICICI Securities Primary Dealership Ltd,Delisted,F ,500000.00,INE849D14GQ2, ,Commercial Papers,-,-,-,-
720426,Dalmia Bharat Sugar and Industries Ltd,DBSIL120321,Dalmia Bharat Sugar and Industries Ltd,Delisted,F ,500000.00,INE495A14850, ,Commercial Papers,-,-,-,-
720427,HDFC Securities Limited,HDFCL150321,HDFC Securities Ltd,Delisted,F ,500000.00,INE700G14488, ,Commercial Papers,-,-,-,-
720428,Kotak Securities Limited,KSL15321,Kotak Securities Ltd,Delisted,F ,500000.00,INE028E14HZ0, ,Commercial Papers,-,-,-,-
720429,MUTHOOT FINANCE LIMITED,MFL16MAR21,MUTHOOT FINANCE Ltd,Delisted,F ,500000.00,INE414G14QX3, ,Commercial Papers,-,-,-,-
720430,Kotak Mahindra Investments Limited,KMIL160321,Kotak Mahindra Investments Ltd,Delisted,F ,500000.00,INE975F14UN8, ,Commercial Papers,-,-,-,-
720431,Network 18 Media & Investments Limited,N18MIL16321,Network 18 Media & Investments Ltd,Delisted,F ,500000.00,INE870H14MG8, ,Commercial Papers,-,-,-,-
720432,Can Fin Homes Ltd.,CFHL16MAR21,Can Fin Homes Ltd,Delisted,F ,500000.00,INE477A14BI6, ,Commercial Papers,-,-,-,-
720433,360 ONE Prime Limited,IIFL16MAR21,IIFL Wealth Prime Ltd,Delisted,F ,500000.00,INE248U14IQ7, ,Commercial Papers,-,-,-,-
720434,Julius Baer Capital (India) Private Limited,JBC16MAR21,Julius Baer Capital (India) Pvt Ltd,Delisted,F ,500000.00,INE824H14DU5, ,Commercial Papers,-,-,-,-
720435,Network 18 Media & Investments Limited,N18MIL17321,Network 18 Media & Investments Ltd,Delisted,F ,500000.00,INE870H14MH6, ,Commercial Papers,-,-,-,-
720436,Sharekhan BNP Paribas Financial Services Limited,SBPFL17321,Sharekhan BNP Paribas Financial Services Ltd,Delisted,F ,500000.00,INE550X14524, ,Commercial Papers,-,-,-,-
720437,MUTHOOT FINANCE LIMITED,MFL17321,MUTHOOT FINANCE Ltd,Delisted,F ,500000.00,INE414G14QW5, ,Commercial Papers,-,-,-,-
720438,ECL Finance Limited,ECL17MAR21,ECL Finance Ltd,Delisted,F ,500000.00,INE804I14UM6, ,Commercial Papers,-,-,-,-
720439,Motilal Oswal Finvest Limited,MOFL17MAR21,Motilal Oswal Finvest Ltd,Delisted,F ,500000.00,INE01WN14264, ,Commercial Papers,-,-,-,-
720440,Nuvama Wealth Finance Limited,EFIL17MAR21,Edelweiss Finance & Investments Ltd,Delisted,F ,500000.00,INE918K14496, ,Commercial Papers,-,-,-,-
720441,Julius Baer Capital (India) Private Limited,JBC17MAR21,Julius Baer Capital (India) Pvt Ltd,Delisted,F ,500000.00,INE824H14DV3, ,Commercial Papers,-,-,-,-
720442,Motilal Oswal Financial Services Limited,MOFSL17321,Motilal Oswal Financial Services Ltd,Delisted,F ,500000.00,INE338I14CD2, ,Commercial Papers,-,-,-,-
720443,Infina Finance Private Limited,IFPL170321,Infina Finance Pvt Ltd,Delisted,F ,500000.00,INE879F14DM0, ,Commercial Papers,-,-,-,-
720444,JM Financial Properties and Holdings Limited,JMFPHL17321,JM Financial Properties and Holdings Ltd,Delisted,F ,500000.00,INE525R14619, ,Commercial Papers,-,-,-,-
720445,Bajaj Finance Limited,BFL18321,Bajaj Finance Ltd,Delisted,F ,500000.00,INE296A14RO4, ,Commercial Papers,-,-,-,-
720446,Mangalore Refinery & Petrochemicals,MRPL18321,Mangalore Refinery & Petrochemicals,Delisted,F ,500000.00,INE103A14306, ,Commercial Papers,-,-,-,-
720447,Sharekhan BNP Paribas Financial Services Limited,SBPFSL18321,Sharekhan BNP Paribas Financial Services Ltd,Delisted,F ,500000.00,INE550X14532, ,Commercial Papers,-,-,-,-
720448,360 ONE Prime Limited,IIFLWP18321,IIFL Wealth Prime Ltd,Delisted,F ,500000.00,INE248U14IR5, ,Commercial Papers,-,-,-,-
720449,ICICI Securities Limited,ISEC18321,ICICI Securities Ltd,Delisted,F ,500000.00,INE763G14JZ3, ,Commercial Papers,-,-,-,-
720450,GIC Housing Finance Ltd.,GHFL180321,GIC Housing Finance Ltd,Delisted,F ,500000.00,INE289B14HD1, ,Commercial Papers,-,-,-,-
720451,Motilal Oswal Financial Services Limited,MOFSL18321,Motilal Oswal Financial Services Ltd,Delisted,F ,500000.00,INE338I14CE0, ,Commercial Papers,-,-,-,-
720452,ŠKODA AUTO Volkswagen India Private Limited,SKODA18321,ŠKODA AUTO Volkswagen India Pvt Ltd,Delisted,F ,500000.00,INE04TA14162, ,Commercial Papers,-,-,-,-
720453,Julius Baer Capital (India) Private Limited,JBCPL18321,Julius Baer Capital (India) Pvt Ltd,Delisted,F ,500000.00,INE824H14DW1, ,Commercial Papers,-,-,-,-
720454,Motilal Oswal Financial Services Limited,MOFSL180321,Motilal Oswal Financial Services Ltd,Delisted,F ,500000.00,INE338I14CF7, ,Commercial Papers,-,-,-,-
720455,Axis Securities Limited,ASL18321,Axis Securities Ltd,Delisted,F ,500000.00,INE110O14195, ,Commercial Papers,-,-,-,-
720456,Housing Development Finance Corp.Lt,HDFC18321,Housing Development Finance CorpLt,Delisted,F ,500000.00,INE001A14XK4, ,Commercial Papers,-,-,-,-
720457,Infina Finance Private Limited,IFPL18321,Infina Finance Pvt Ltd,Delisted,F ,500000.00,INE879F14DN8, ,Commercial Papers,-,-,-,-
720458,Nuvama Wealth Finance Limited,EFIL18321,Edelweiss Finance & Investments Ltd,Delisted,F ,500000.00,INE918K14488, ,Commercial Papers,-,-,-,-
720459,Bajaj Finance Limited,BFL190321,Bajaj Finance Ltd,Delisted,F ,500000.00,INE296A14RP1, ,Commercial Papers,-,-,-,-
720460,Infina Finance Private Limited,IFPL19321,Infina Finance Pvt Ltd,Delisted,F ,500000.00,INE879F14DO6, ,Commercial Papers,-,-,-,-
720461,Motilal Oswal Financial Services Limited,MOFSL19321,Motilal Oswal Financial Services Ltd,Delisted,F ,500000.00,INE338I14CG5, ,Commercial Papers,-,-,-,-
720462,Indian Oil Corporation Ltd.,IOCL19321,Indian Oil Corporation Ltd,Delisted,F ,500000.00,INE242A14TH8, ,Commercial Papers,-,-,-,-
720463,Northern Arc Capital Ltd.,NACL19321,Northern Arc Capital Ltd,Delisted,F ,500000.00,INE850M14968, ,Commercial Papers,-,-,-,-
720464,Kotak Securities Limited,KSL190321,Kotak Securities Ltd,Delisted,F ,500000.00,INE028E14IA1, ,Commercial Papers,-,-,-,-
720465,Pilani Investment And Industries Corporation Limited,PIICL19321,Pilani Investment And Industries Corporation Ltd,Delisted,F ,500000.00,INE417C14132, ,Commercial Papers,-,-,-,-
720466,Network 18 Media & Investments Limited,N18MIL19321,Network 18 Media & Investments Ltd,Delisted,F ,500000.00,INE870H14MD5, ,Commercial Papers,-,-,-,-
720467,SBI DFHI Limited,SBIDL19321,SBI DFHI Ltd,Delisted,F ,500000.00,INE669F14016, ,Commercial Papers,-,-,-,-
720468,Shree Cements Ltd.,SCL19321,Shree Cements Ltd,Delisted,F ,500000.00,INE070A14489, ,Commercial Papers,-,-,-,-
720469,Julius Baer Capital (India) Private Limited,JBCPL19321,Julius Baer Capital (India) Pvt Ltd,Delisted,F ,500000.00,INE824H14DX9, ,Commercial Papers,-,-,-,-
720470,Axis Finance Limited,AFL22321,Axis Finance Ltd,Delisted,F ,500000.00,INE891K14KJ6, ,Commercial Papers,-,-,-,-
720471,Kotak Securities Limited,KSL22321,Kotak Securities Ltd,Delisted,F ,500000.00,INE028E14IB9, ,Commercial Papers,-,-,-,-
720472,Housing Development Finance Corp.Lt,HDFC22321,Housing Development Finance CorpLt,Delisted,F ,500000.00,INE001A14XL2, ,Commercial Papers,-,-,-,-
720473,Bharat Heavy Electricals Ltd.,BHEL22321,Bharat Heavy Electricals Ltd,Delisted,F ,500000.00,INE257A14508, ,Commercial Papers,-,-,-,-
720474,Indian Oil Corporation Ltd.,IOCL27321,Indian Oil Corporation Ltd,Delisted,F ,500000.00,INE242A14TI6, ,Commercial Papers,-,-,-,-
720475,Julius Baer Capital (India) Private Limited,JBCPL22321,Julius Baer Capital (India) Pvt Ltd,Delisted,F ,500000.00,INE824H14DY7, ,Commercial Papers,-,-,-,-
720476,Britannia Industries Ltd.,BIL19032021,Britannia Industries Ltd,Delisted,F ,500000.00,INE216A14173, ,Commercial Papers,-,-,-,-
720477,Dalmia Cement (Bharat) Limited,DCL22321,Dalmia Cement (Bharat) Ltd,Delisted,F ,500000.00,INE755K14DL4, ,Commercial Papers,-,-,-,-
720478,Britannia Industries Ltd.,BIL1932021,Britannia Industries Ltd,Delisted,F ,500000.00,INE216A14181, ,Commercial Papers,-,-,-,-
720479,TV18 Broadcast Ltd.,TV18BL22321,TV18 Broadcast Ltd,Delisted,F ,500000.00,INE886H14GA9, ,Commercial Papers,-,-,-,-
720480,Infina Finance Private Limited,IFPL23321,Infina Finance Pvt Ltd,Delisted,F ,500000.00,INE879F14DP3, ,Commercial Papers,-,-,-,-
720481,MUTHOOT FINANCE LIMITED,MFL23321,MUTHOOT FINANCE Ltd,Delisted,F ,500000.00,INE414G14QY1, ,Commercial Papers,-,-,-,-
720482,TRUST INVESTMENT ADVISORS PRIVATE LIMITED,TIAPL23321,TRUST INVESTMENT ADVISORS Pvt Ltd,Delisted,F ,500000.00,INE723X14873, ,Commercial Papers,-,-,-,-
720483,birla Group Holdings Private Limited,BGHPL23321,birla Group Holdings Pvt Ltd,Delisted,F ,500000.00,INE09OL14615, ,Commercial Papers,-,-,-,-
720484,ŠKODA AUTO Volkswagen India Private Limited,SAVIPL23321,ŠKODA AUTO Volkswagen India Pvt Ltd,Delisted,F ,500000.00,INE04TA14170, ,Commercial Papers,-,-,-,-
720485,Housing Development Finance Corp.Lt,HDFC23321,Housing Development Finance CorpLt,Delisted,F ,500000.00,INE001A14XM0, ,Commercial Papers,-,-,-,-
720486,birla Group Holdings Private Limited,BGHPL24321,birla Group Holdings Pvt Ltd,Delisted,F ,500000.00,INE09OL14607, ,Commercial Papers,-,-,-,-
720487,NLC India Limited,NLC24321,NLC India Ltd,Delisted,F ,500000.00,INE589A14256, ,Commercial Papers,-,-,-,-
720488,Kotak Securities Limited,KSL24321,Kotak Securities Ltd,Delisted,F ,500000.00,INE028E14IC7, ,Commercial Papers,-,-,-,-
720489,HDFC Securities Limited,HSEC24321,HDFC Securities Ltd,Delisted,F ,500000.00,INE700G14496, ,Commercial Papers,-,-,-,-
720490,MUTHOOT FINANCE LIMITED,MFL24321,MUTHOOT FINANCE Ltd,Delisted,F ,500000.00,INE414G14QZ8, ,Commercial Papers,-,-,-,-
720491,Housing Development Finance Corp.Lt,HDFC25321,Housing Development Finance CorpLt,Delisted,F ,500000.00,INE001A14XN8, ,Commercial Papers,-,-,-,-
720492,Bharat Oman Refineries Limited,BORL25321,Bharat Oman Refineries Ltd,Delisted,F ,500000.00,INE322J14204, ,Commercial Papers,-,-,-,-
720493,MUTHOOT FINANCE LIMITED,MFL25321,MUTHOOT FINANCE Ltd,Delisted,F ,500000.00,INE414G14RA9, ,Commercial Papers,-,-,-,-
720494,Transport Corporation of India Ltd,TCIL25321,Transport Corporation of India Ltd,Delisted,F ,500000.00,INE688A14KQ2, ,Commercial Papers,-,-,-,-
720495,GIC Housing Finance Ltd.,GICHFL25321,GIC Housing Finance Ltd,Delisted,F ,500000.00,INE289B14HE9, ,Commercial Papers,-,-,-,-
720496,National Bank for Agriculture and Rural Development,NBARD25321,National Bank for Agriculture and Rural Development,Delisted,F ,500000.00,INE261F14HU5, ,Commercial Papers,-,-,-,-
720497,Reliance Retail Ventures Limited,RRVL25321,Reliance Retail Ventures Ltd,Delisted,F ,500000.00,INE929O14222, ,Commercial Papers,-,-,-,-
720498,DALMIA BHARAT LIMITED,DBL250321,DALMIA BHARAT Ltd,Delisted,F ,500000.00,INE00R714085, ,Commercial Papers,-,-,-,-
720499,NLC India Limited,NLCIL26321,NLC India Ltd,Delisted,F ,500000.00,INE589A14264, ,Commercial Papers,-,-,-,-
720500,Axis Securities Limited,ASL26321,Axis Securities Ltd,Delisted,F ,500000.00,INE110O14203, ,Commercial Papers,-,-,-,-
720501,Bharat Heavy Electricals Ltd.,BHEL26321,Bharat Heavy Electricals Ltd,Delisted,F ,500000.00,INE257A14516, ,Commercial Papers,-,-,-,-
720502,HDFC Securities Limited,HSEC26321,HDFC Securities Ltd,Delisted,F ,500000.00,INE700G14504, ,Commercial Papers,-,-,-,-
720503,Aarti Industries Ltd,AIL26321,Aarti Industries Ltd,Delisted,F ,500000.00,INE769A14650, ,Commercial Papers,-,-,-,-
720504,Motilal Oswal Finvest Limited,MOFL26321,Motilal Oswal Finvest Ltd,Delisted,F ,500000.00,INE01WN14272, ,Commercial Papers,-,-,-,-
720505,MUTHOOT FINANCE LIMITED,MFL26321,MUTHOOT FINANCE Ltd,Delisted,F ,500000.00,INE414G14RC5, ,Commercial Papers,-,-,-,-
720506,Julius Baer Capital (India) Private Limited,JBCPL26321,Julius Baer Capital (India) Pvt Ltd,Delisted,F ,500000.00,INE824H14DZ4, ,Commercial Papers,-,-,-,-
720507,E.I.D. Parry (India) Ltd.,EIDP26321,EID Parry (India) Ltd,Delisted,F ,500000.00,INE126A14EE2, ,Commercial Papers,-,-,-,-
720508,birla Group Holdings Private Limited,BGHPL26321,birla Group Holdings Pvt Ltd,Delisted,F ,500000.00,INE09OL14623, ,Commercial Papers,-,-,-,-
720509,DALMIA BHARAT LIMITED,DBL260321,DALMIA BHARAT Ltd,Delisted,F ,500000.00,INE00R714077, ,Commercial Papers,-,-,-,-
720510,DALMIA BHARAT LIMITED,DBL26321,DALMIA BHARAT Ltd,Delisted,F ,500000.00,INE00R714101, ,Commercial Papers,-,-,-,-
720511,DALMIA BHARAT LIMITED,DBL2632021,DALMIA BHARAT Ltd,Delisted,F ,500000.00,INE00R714093, ,Commercial Papers,-,-,-,-
720512,ICICI Securities Limited,ISL260321,ICICI Securities Ltd,Delisted,F ,500000.00,INE763G14KA4, ,Commercial Papers,-,-,-,-
720513,MUTHOOT FINANCE LIMITED,MFL30321,MUTHOOT FINANCE Ltd,Delisted,F ,500000.00,INE414G14RB7, ,Commercial Papers,-,-,-,-
720514,Kotak Mahindra Investments Limited,KMIL30321,Kotak Mahindra Investments Ltd,Delisted,F ,500000.00,INE975F14UP3, ,Commercial Papers,-,-,-,-
720515,Kotak Mahindra Investments Limited,KMIL300321,Kotak Mahindra Investments Ltd,Delisted,F ,500000.00,INE975F14UO6, ,Commercial Papers,-,-,-,-
720516,Kotak Mahindra Investments Limited,KMIL3032021,Kotak Mahindra Investments Ltd,Delisted,F ,500000.00,INE975F14UQ1, ,Commercial Papers,-,-,-,-
720517,Bajaj Housing Finance Limited,BHFL30321,Bajaj Housing Finance Ltd,Delisted,F ,500000.00,INE377Y14819, ,Commercial Papers,-,-,-,-
720518,Bharat Heavy Electricals Ltd.,BHEL30321,Bharat Heavy Electricals Ltd,Delisted,F ,500000.00,INE257A14524, ,Commercial Papers,-,-,-,-
720519,STANDARD CHARTERED CAPITAL LIMITED,SCCL30321,STANDARD CHARTERED INVESTMENTS AND LOANS (INDIA) Ltd,Delisted,F ,500000.00,INE403G14NU9, ,Commercial Papers,-,-,-,-
720520,JM Financial Asset Reconstruction Company Ltd,JFARCL30321,JM Financial Asset Reconstruction Company Ltd,Delisted,F ,500000.00,INE265J14AZ2, ,Commercial Papers,-,-,-,-
720521,Axis Finance Limited,AFL300321,Axis Finance Ltd,Delisted,F ,500000.00,INE891K14KK4, ,Commercial Papers,-,-,-,-
720522,Chennai Petroleum Corporation Ltd.,CPCL30321,Chennai Petroleum Corporation Ltd,Delisted,F ,500000.00,INE178A14GN9, ,Commercial Papers,-,-,-,-
720523,BOBCARD LIMITED,BOBFSL30321,BOB Financial Solutions Ltd,Delisted,F ,500000.00,INE027214118, ,Commercial Papers,-,-,-,-
720524,Transport Corporation of India Ltd,TCIL30321,Transport Corporation of India Ltd,Delisted,F ,500000.00,INE688A14KR0, ,Commercial Papers,-,-,-,-
720525,Bombay Burmah Trading Corpn. Ltd.,BBTCL30321,Bombay Burmah Trading Corpn Ltd,Delisted,F ,500000.00,INE050A14598, ,Commercial Papers,-,-,-,-
720526,Infina Finance Private Limited,IFPL31321,Infina Finance Pvt Ltd,Delisted,F ,500000.00,INE879F14DQ1, ,Commercial Papers,-,-,-,-
720527,Julius Baer Capital (India) Private Limited,JBCPL31321,Julius Baer Capital (India) Pvt Ltd,Delisted,F ,500000.00,INE824H14EA5, ,Commercial Papers,-,-,-,-
720528,STERLING AND WILSON RENEWABLE ENERGY LIMITED,SWSL31321,Sterling and Wilson Solar Ltd,Delisted,F ,500000.00,INE00M214172, ,Commercial Papers,-,-,-,-
720529,Bharat Oman Refineries Limited,BORL5421,Bharat Oman Refineries Ltd,Delisted,F ,500000.00,INE322J14212, ,Commercial Papers,-,-,-,-
720530,Chennai Petroleum Corporation Ltd.,CPCL5421,Chennai Petroleum Corporation Ltd,Delisted,F ,500000.00,INE178A14GM1, ,Commercial Papers,-,-,-,-
720531,KEC International Ltd.,KEC5421,KEC International Ltd (formerly known as KEC Infrastructures Ltd),Delisted,F ,500000.00,INE389H14GC0, ,Commercial Papers,-,-,-,-
720532,Reliance Industries Ltd,RIL5421,Reliance Industries Ltd,Delisted,F ,500000.00,INE002A14HR0, ,Commercial Papers,-,-,-,-
720533,Reliance Industries Ltd,RIL05421,Reliance Industries Ltd,Delisted,F ,500000.00,INE002A14HS8, ,Commercial Papers,-,-,-,-
720534,Fedbank Financial Services Limited,FFSL050421,Fedbank Financial Services Ltd,Delisted,F ,500000.00,INE007N14CY9, ,Commercial Papers,-,-,-,-
720535,Adani Ports and Special Economic Zone Ltd,APSEZ6421,Adani Ports and Special Economic Zone Ltd,Delisted,F ,500000.00,INE742F14OW6, ,Commercial Papers,-,-,-,-
720536,Can Fin Homes Ltd.,CFHL06APR21,Can Fin Homes Ltd,Delisted,F ,500000.00,INE477A14BJ4, ,Commercial Papers,-,-,-,-
720537,Steel Authority of India Ltd.,SAIL7APR21,Steel Authority of India Ltd,Delisted,F ,500000.00,INE114A14JX7, ,Commercial Papers,-,-,-,-
720538,Oil And Natural Gas Corporation Ltd,ONGC7APR21,Oil And Natural Gas Corporation Ltd,Delisted,F ,500000.00,INE213A14303, ,Commercial Papers,-,-,-,-
720539,KALPATARU PROJECTS INTERNATIONAL LIMITED,KPTL7421,Kalpataru Power Transmission Ltd,Delisted,F ,500000.00,INE220B14AW1, ,Commercial Papers,-,-,-,-
720540,NLC Tamilnadu Power Limited,NTPL7APR21,NLC Tamilnadu Power Ltd,Delisted,F ,500000.00,INE05C614071, ,Commercial Papers,-,-,-,-
720541,Kotak Mahindra Investments Limited,KMIL07APR21,Kotak Mahindra Investments Ltd,Delisted,F ,500000.00,INE975F14UR9, ,Commercial Papers,-,-,-,-
720542,Kotak Mahindra Investments Limited,KMIL7APR21,Kotak Mahindra Investments Ltd,Delisted,F ,500000.00,INE975F14US7, ,Commercial Papers,-,-,-,-
720543,Adani Ports and Special Economic Zone Ltd,APSEZ7421,Adani Ports and Special Economic Zone Ltd,Delisted,F ,500000.00,INE742F14OX4, ,Commercial Papers,-,-,-,-
720544,Adani Ports and Special Economic Zone Ltd,APSEZ7421A,Adani Ports and Special Economic Zone Ltd,Delisted,F ,500000.00,INE742F14PA9, ,Commercial Papers,-,-,-,-
720545,Adani Ports and Special Economic Zone Ltd,APSEZ7421B,Adani Ports and Special Economic Zone Ltd,Delisted,F ,500000.00,INE742F14OZ9, ,Commercial Papers,-,-,-,-
720546,Adani Ports and Special Economic Zone Ltd,APSEZ7421C,Adani Ports and Special Economic Zone Ltd,Delisted,F ,500000.00,INE742F14OY2, ,Commercial Papers,-,-,-,-
720547,SEIL Energy India Limited,SEIL7421,Sembcorp Energy India Ltd,Delisted,F ,500000.00,INE460M14107, ,Commercial Papers,-,-,-,-
720548,APL Apollo Tubes Limited,APLATL8421,APL Apollo Tubes Ltd,Delisted,F ,500000.00,INE702C14BK9, ,Commercial Papers,-,-,-,-
720549,GIC Housing Finance Ltd.,GICHF8421,GIC Housing Finance Ltd,Delisted,F ,500000.00,INE289B14HF6, ,Commercial Papers,-,-,-,-
720550,360 ONE WAM LIMITED,IIFLW8APR21,IIFL Wealth Management Ltd,Delisted,F ,500000.00,INE466L14841, ,Commercial Papers,-,-,-,-
720551,360 ONE WAM LIMITED,IIFLW08AP21,IIFL Wealth Management Ltd,Delisted,F ,500000.00,INE466L14858, ,Commercial Papers,-,-,-,-
720552,360 ONE WAM LIMITED,IILWM8APR21,IIFL Wealth Management Ltd,Delisted,F ,500000.00,INE466L14866, ,Commercial Papers,-,-,-,-
720553,Kotak Securities Limited,KSL090421,Kotak Securities Ltd,Delisted,F ,500000.00,INE028E14ID5, ,Commercial Papers,-,-,-,-
720554,Kotak Mahindra Investments Limited,KMIL090421,Kotak Mahindra Investments Ltd,Delisted,F ,500000.00,INE975F14UT5, ,Commercial Papers,-,-,-,-
720555,Adani Ports and Special Economic Zone Ltd,APSEZ9421,Adani Ports and Special Economic Zone Ltd,Delisted,F ,500000.00,INE742F14PB7, ,Commercial Papers,-,-,-,-
720556,Adani Ports and Special Economic Zone Ltd,APSEZ9AP21,Adani Ports and Special Economic Zone Ltd,Delisted,F ,500000.00,INE742F14PC5, ,Commercial Papers,-,-,-,-
720557,Adani Ports and Special Economic Zone Ltd,APSEZ9621,Adani Ports and Special Economic Zone Ltd,Delisted,F ,500000.00,INE742F14PD3, ,Commercial Papers,-,-,-,-
720558,Reliance Industries Ltd,RIL090421,Reliance Industries Ltd,Delisted,F ,500000.00,INE002A14HT6, ,Commercial Papers,-,-,-,-
720559,Vardhman Special Steels Ltd,VSSL12421,Vardhman Special Steels Ltd,Delisted,F ,500000.00,INE050M14742, ,Commercial Papers,-,-,-,-
720560,Vardhman Textiles Limted,VTL12421,Vardhman Textiles Limted,Delisted,F ,500000.00,INE825A14916, ,Commercial Papers,-,-,-,-
720561,Time Technoplast Limited,TTL12421,Time Technoplast Ltd,Delisted,F ,500000.00,INE508G14AP2, ,Commercial Papers,-,-,-,-
720562,The Ramco Cements Limited,RCL12421,The Ramco Cements Ltd,Delisted,F ,500000.00,INE331A14KU1, ,Commercial Papers,-,-,-,-
720563,360 ONE WAM LIMITED,IIFLWM13421,IIFL Wealth Management Ltd,Delisted,F ,500000.00,INE466L14874, ,Commercial Papers,-,-,-,-
720564,360 ONE Prime Limited,IIFLWP13421,IIFL Wealth Prime Ltd,Delisted,F ,500000.00,INE248U14IT1, ,Commercial Papers,-,-,-,-
720565,Kotak Mahindra Prime Limited,KMPL15APR21,Kotak Mahindra Prime Ltd,Delisted,F ,500000.00,INE916D14Y23, ,Commercial Papers,-,-,-,-
720566,Reliance Jio Infocomm Limited,RJIL15APR21,Reliance Jio Infocomm Ltd,Delisted,F ,500000.00,INE110L14PE9, ,Commercial Papers,-,-,-,-
720567,Julius Baer Capital (India) Private Limited,JBC15APR21,Julius Baer Capital (India) Pvt Ltd,Delisted,F ,500000.00,INE824H14EB3, ,Commercial Papers,-,-,-,-
720568,Bajaj Financial Securities Limited,BFSL15421,Bajaj Financial Securities Ltd,Delisted,F ,500000.00,INE01C314064, ,Commercial Papers,-,-,-,-
720569,SEIL Energy India Limited,SEIL150421,Sembcorp Energy India Ltd,Delisted,F ,500000.00,INE460M14115, ,Commercial Papers,-,-,-,-
720570,Nuvama Wealth Finance Limited,EFIL150421,Edelweiss Finance & Investments Ltd,Delisted,F ,500000.00,INE918K14504, ,Commercial Papers,-,-,-,-
720571,Adani Enterprises Ltd.,AEL15421,Adani Enterprises Ltd,Delisted,F ,500000.00,INE423A14MN7, ,Commercial Papers,-,-,-,-
720572,Tata Power Co. Ltd,TPCL16APR21,Tata Power Co Ltd,Delisted,F ,500000.00,INE245A14EM3, ,Commercial Papers,-,-,-,-
720573,Vardhman Special Steels Ltd,VSSL16421,Vardhman Special Steels Ltd,Delisted,F ,500000.00,INE050M14759, ,Commercial Papers,-,-,-,-
720574,STANDARD CHARTERED CAPITAL LIMITED,SCCL16APR21,STANDARD CHARTERED INVESTMENTS AND LOANS (INDIA) Ltd,Delisted,F ,500000.00,INE403G14NV7, ,Commercial Papers,-,-,-,-
720575,HDFC Securities Limited,HSL16APR21,HDFC Securities Ltd,Delisted,F ,500000.00,INE700G14512, ,Commercial Papers,-,-,-,-
720576,Chennai Petroleum Corporation Ltd.,CPCL19421,Chennai Petroleum Corporation Ltd,Delisted,F ,500000.00,INE178A14GO7, ,Commercial Papers,-,-,-,-
720577,TV18 Broadcast Ltd.,TV18BL19421,TV18BL-19-7-21-CP,Delisted,F ,500000.00,INE886H14GB7, ,Commercial Papers,-,-,-,-
720578,TATA STEEL LIMITED,TSL19APR21,TATA STEEL Ltd,Delisted,F ,500000.00,INE081A14AV1, ,Commercial Papers,-,-,-,-
720579,Reliance Jio Infocomm Limited,RJIL19421,RJIL-19-7-21-CP,Delisted,F ,500000.00,INE110L14PF6, ,Commercial Papers,-,-,-,-
720580,National Housing Bank,NHB190421,NHB-11-5-21-CP,Delisted,F ,500000.00,INE557F14FC8, ,Commercial Papers,-,-,-,-
720581,Balrampur Chini Mills Ltd.,BCML19APR21,BCML-18-6-21-CP,Delisted,F ,500000.00,INE119A14690, ,Commercial Papers,-,-,-,-
720582,KEC International Ltd.,KECIL200421,KECIL-19-7-21-CP,Delisted,F ,500000.00,INE389H14GE6, ,Commercial Papers,-,-,-,-
720583,HDFC Securities Limited,HDFC20APR21,HDFCSEC-23-6-21-CP,Delisted,F ,500000.00,INE700G14520, ,Commercial Papers,-,-,-,-
720584,Infina Finance Private Limited,IFPL20421,IFPL-19-7-21-CP,Delisted,F ,500000.00,INE879F14DR9, ,Commercial Papers,-,-,-,-
720585,Tata Power Co. Ltd,TPCL20APR21,TPCL-20-7-21-CP,Delisted,F ,500000.00,INE245A14EN1, ,Commercial Papers,-,-,-,-
720586,KEC International Ltd.,KEC200421,KEC-25-6-21-CP,Delisted,F ,500000.00,INE389H14GD8, ,Commercial Papers,-,-,-,-
720587,Axis Finance Limited,AFL20APR21,AFL-10-12-21-CP,Delisted,F ,500000.00,INE891K14KL2, ,Commercial Papers,-,-,-,-
720588,The Ramco Cements Limited,TRCL20421,TRCL-28-6-21-CP,Delisted,F ,500000.00,INE331A14KW7, ,Commercial Papers,-,-,-,-
720589,The Ramco Cements Limited,TRCL20421A,TRCL-19-7-21-CP,Delisted,F ,500000.00,INE331A14KV9, ,Commercial Papers,-,-,-,-
720590,Sterlite Technologies Limited.,STL220421,Sterlite Technologies Ltd,Delisted,F ,500000.00,INE089C14AW8, ,Commercial Papers,-,-,-,-
720591,MUTHOOT FINANCE LIMITED,MFL22APR21,MUTHOOT FINANCE Ltd,Delisted,F ,500000.00,INE414G14RF8, ,Commercial Papers,-,-,-,-
720592,Axis Securities Limited,ASL22421,Axis Securities Ltd,Delisted,F ,500000.00,INE110O14229, ,Commercial Papers,-,-,-,-
720593,Kotak Mahindra Prime Limited,KMPL220421,Kotak Mahindra Prime Ltd,Delisted,F ,500000.00,INE916D14Y31, ,Commercial Papers,-,-,-,-
720594,Kotak Mahindra Prime Limited,KMP220421,Kotak Mahindra Prime Ltd,Delisted,F ,500000.00,INE916D14Y49, ,Commercial Papers,-,-,-,-
720595,Kotak Mahindra Investments Limited,KMIL220421,Kotak Mahindra Investments Ltd,Delisted,F ,500000.00,INE975F14UU3, ,Commercial Papers,-,-,-,-
720596,Tata Power Co. Ltd,TPCL23APR21,Tata Power Co Ltd,Delisted,F ,500000.00,INE245A14EO9, ,Commercial Papers,-,-,-,-
720597,Pilani Investment And Industries Corporation Limited,PIICL23421,Pilani Investment And Industries Corporation Ltd,Delisted,F ,500000.00,INE417C14140, ,Commercial Papers,-,-,-,-
720598,Network 18 Media & Investments Limited,NMIL23421,Network 18 Media & Investments Ltd,Delisted,F ,500000.00,INE870H14MK0, ,Commercial Papers,-,-,-,-
720599,Network 18 Media & Investments Limited,NMI230421,Network 18 Media & Investments Ltd,Delisted,F ,500000.00,INE870H14MI4, ,Commercial Papers,-,-,-,-
720600,MUTHOOT FINANCE LIMITED,MFL23APR21,MUTHOOT FINANCE Ltd,Delisted,F ,500000.00,INE414G14RE1, ,Commercial Papers,-,-,-,-
720601,KEC International Ltd.,KIL23421,KEC International Ltd (formerly known as KEC Infrastructures Ltd),Delisted,F ,500000.00,INE389H14GF3, ,Commercial Papers,-,-,-,-
720602,Balrampur Chini Mills Ltd.,BCML23421,Balrampur Chini Mills Ltd,Delisted,F ,500000.00,INE119A14708, ,Commercial Papers,-,-,-,-
720603,MUTHOOT FINANCE LIMITED,MFL26APR21,MUTHOOT FINANCE Ltd,Delisted,F ,500000.00,INE414G14RD3, ,Commercial Papers,-,-,-,-
720604,SIKKA PORTS & TERMINALS LTD,SPTL26421,SIKKA PORTS & TERMINALS LTD,Delisted,F ,500000.00,INE941D14089, ,Commercial Papers,-,-,-,-
720605,Hinduja Leyland Finance Limited,HLFL23APR21,Hinduja Leyland Finance Ltd,Delisted,F ,500000.00,INE146O14AZ4, ,Commercial Papers,-,-,-,-
720606,birla Group Holdings Private Limited,BGHPL260421,birla Group Holdings Pvt Ltd,Delisted,F ,500000.00,INE09OL14631, ,Commercial Papers,-,-,-,-
720607,Pilani Investment And Industries Corporation Limited,PIICL260421,Pilani Investment And Industries Corporation Ltd,Delisted,F ,500000.00,INE417C14157, ,Commercial Papers,-,-,-,-
720608,Balrampur Chini Mills Ltd.,BCML26421,Balrampur Chini Mills Ltd,Delisted,F ,500000.00,INE119A14716, ,Commercial Papers,-,-,-,-
720609,Chennai Petroleum Corporation Ltd.,CPCL26421,Chennai Petroleum Corporation Ltd,Delisted,F ,500000.00,INE178A14GL3, ,Commercial Papers,-,-,-,-
720610,SEIL Energy India Limited,SEIL26421,Sembcorp Energy India Ltd,Delisted,F ,500000.00,INE460M14123, ,Commercial Papers,-,-,-,-
720611,Axis Securities Limited,ASL26APR21,Axis Securities Ltd,Delisted,F ,500000.00,INE110O14211, ,Commercial Papers,-,-,-,-
720612,Axis Finance Limited,AFL27APR21,Axis Finance Ltd,Delisted,F ,500000.00,INE891K14KM0, ,Commercial Papers,-,-,-,-
720613,360 ONE Prime Limited,IIFLW270421,IIFL Wealth Prime Ltd,Delisted,F ,500000.00,INE248U14IS3, ,Commercial Papers,-,-,-,-
720614,E.I.D. Parry (India) Ltd.,EPIL27421,EID Parry (India) Ltd,Delisted,F ,500000.00,INE126A14EF9, ,Commercial Papers,-,-,-,-
720615,Infina Finance Private Limited,IFPL270421,Infina Finance Pvt Ltd,Delisted,F ,500000.00,INE879F14DS7, ,Commercial Papers,-,-,-,-
720616,Sterlite Technologies Limited.,STL28042021,Sterlite Technologies Ltd,Delisted,F ,500000.00,INE089C14AX6, ,Commercial Papers,-,-,-,-
720617,HDFC Securities Limited,HDFCS280421,HDFC Securities Ltd,Delisted,F ,500000.00,INE700G14538, ,Commercial Papers,-,-,-,-
720618,Bharat Oman Refineries Limited,BORL280421,Bharat Oman Refineries Ltd,Delisted,F ,500000.00,INE322J14220, ,Commercial Papers,-,-,-,-
720619,Bajaj Housing Finance Limited,BHFL28421,Bajaj Housing Finance Ltd,Delisted,F ,500000.00,INE377Y14827, ,Commercial Papers,-,-,-,-
720620,GIC Housing Finance Ltd.,GHFL28421,GIC Housing Finance Ltd,Delisted,F ,500000.00,INE289B14HG4, ,Commercial Papers,-,-,-,-
720621,Network 18 Media & Investments Limited,NMIL28421,Network 18 Media & Investments Ltd,Delisted,F ,500000.00,INE870H14MJ2, ,Commercial Papers,-,-,-,-
720622,Trident Ltd,TL28APR21,Trident Ltd,Delisted,F ,500000.00,INE064C14082, ,Commercial Papers,-,-,-,-
720623,Tata Power Co. Ltd,TPCL29APR21,Tata Power Co Ltd,Delisted,F ,500000.00,INE245A14EQ4, ,Commercial Papers,-,-,-,-
720624,The Ramco Cements Limited,TRCL29APR21,The Ramco Cements Ltd,Delisted,F ,500000.00,INE331A14KY3, ,Commercial Papers,-,-,-,-
720625,NABHA POWER LIMITED,NPL29APR21,NABHA POWER Ltd,Delisted,F ,500000.00,INE445L14BV3, ,Commercial Papers,-,-,-,-
720626,Bajaj Housing Finance Limited,BHFL290421,Bajaj Housing Finance Ltd,Delisted,F ,500000.00,INE377Y14835, ,Commercial Papers,-,-,-,-
720627,Sterlite Technologies Limited.,STL290421,Sterlite Technologies Ltd,Delisted,F ,500000.00,INE089C14AY4, ,Commercial Papers,-,-,-,-
720628,Redington Limited,RIL290421,Redington (India) ltd,Delisted,F ,500000.00,INE891D14VH2, ,Commercial Papers,-,-,-,-
720629,Oil And Natural Gas Corporation Ltd,ONGC300421,Oil And Natural Gas Corporation Ltd,Delisted,F ,500000.00,INE213A14311, ,Commercial Papers,-,-,-,-
720630,ICICI Securities Primary Dealership Limited,ISPDL290421,ICICI Securities Primary Dealership Ltd,Delisted,F ,500000.00,INE849D14GR0, ,Commercial Papers,-,-,-,-
720631,Balrampur Chini Mills Ltd.,BCML29421,Balrampur Chini Mills Ltd,Delisted,F ,500000.00,INE119A14724, ,Commercial Papers,-,-,-,-
720632,TV18 Broadcast Ltd.,TVBL300421,TV18 Broadcast Ltd,Delisted,F ,500000.00,INE886H14GD3, ,Commercial Papers,-,-,-,-
720633,TV18 Broadcast Ltd.,TVB300421,TV18 Broadcast Ltd,Delisted,F ,500000.00,INE886H14GC5, ,Commercial Papers,-,-,-,-
720634,Bajaj Housing Finance Limited,BHFL30421,Bajaj Housing Finance Ltd,Delisted,F ,500000.00,INE377Y14843, ,Commercial Papers,-,-,-,-
720635,The Ramco Cements Limited,RCL30421,The Ramco Cements Ltd,Delisted,F ,500000.00,INE331A14KX5, ,Commercial Papers,-,-,-,-
720636,Tata Power Co. Ltd,TPCL30421,Tata Power Co Ltd,Delisted,F ,500000.00,INE245A14EP6, ,Commercial Papers,-,-,-,-
720637,KEC International Ltd.,KEC300421,KEC International Ltd (formerly known as KEC Infrastructures Ltd),Delisted,F ,500000.00,INE389H14GG1, ,Commercial Papers,-,-,-,-
720638,National Fertilizers Ltd.,NFL30421,National Fertilizers Ltd,Delisted,F ,500000.00,INE870D14DQ5, ,Commercial Papers,-,-,-,-
720639,Indian Oil Corporation Ltd.,IOCL300421,Indian Oil Corporation Ltd,Delisted,F ,500000.00,INE242A14TK2, ,Commercial Papers,-,-,-,-
720640,Balrampur Chini Mills Ltd.,BCML29421A,Balrampur Chini Mills Ltd,Delisted,F ,500000.00,INE119A14732, ,Commercial Papers,-,-,-,-
720641,Himadri Speciality Chemical Ltd.,HSCL300421,Himadri Speciality Chemical Ltd,Delisted,F ,500000.00,INE019C14557, ,Commercial Papers,-,-,-,-
720642,ICICI Securities Limited,ISL30APR21,ICICI Securities Ltd,Delisted,F ,500000.00,INE763G14KB2, ,Commercial Papers,-,-,-,-
720643,ICICI Securities Limited,ISL30APR21A,ICICI Securities Ltd,Delisted,F ,500000.00,INE763G14KC0, ,Commercial Papers,-,-,-,-
720644,TV18 Broadcast Ltd.,TVBL3521,TV18 Broadcast Ltd,Delisted,F ,500000.00,INE886H14GE1, ,Commercial Papers,-,-,-,-
720645,Kotak Mahindra Investments Limited,KMIL4521,Kotak Mahindra Investments Ltd,Delisted,F ,500000.00,INE975F14UV1, ,Commercial Papers,-,-,-,-
720646,Tata Power Co. Ltd,TPCL4521,Tata Power Co Ltd,Delisted,F ,500000.00,INE245A14ER2, ,Commercial Papers,-,-,-,-
720647,HDFC Securities Limited,HSEC4521,HDFC Securities Ltd,Delisted,F ,500000.00,INE700G14546, ,Commercial Papers,-,-,-,-
720648,Nuvama Wealth Finance Limited,EFIL4521,Edelweiss Finance & Investments Ltd,Delisted,F ,500000.00,INE918K14512, ,Commercial Papers,-,-,-,-
720649,ICICI Securities Primary Dealership Limited,ISECPD4521,ICICI Securities Primary Dealership Ltd,Delisted,F ,500000.00,INE849D14GS8, ,Commercial Papers,-,-,-,-
720650,360 ONE WAM LIMITED,IIFL030521,IIFL Wealth Management Ltd,Delisted,F ,500000.00,INE466L14908, ,Commercial Papers,-,-,-,-
720651,Chennai Petroleum Corporation Ltd.,CPCL030521,Chennai Petroleum Corporation Ltd,Delisted,F ,500000.00,INE178A14GP4, ,Commercial Papers,-,-,-,-
720652,360 ONE Prime Limited,IIFL030521A,IIFL Wealth Prime Ltd,Delisted,F ,500000.00,INE248U14IU9, ,Commercial Papers,-,-,-,-
720653,Housing Development Finance Corp.Lt,HDFC5521,Housing Development Finance CorpLt,Delisted,F ,500000.00,INE001A14XO6, ,Commercial Papers,-,-,-,-
720654,NLC India Limited,NLC5521,NLC India Ltd,Delisted,F ,500000.00,INE589A14272, ,Commercial Papers,-,-,-,-
720655,The Ramco Cements Limited,RCL5521,The Ramco Cements Ltd,Delisted,F ,500000.00,INE331A14KZ0, ,Commercial Papers,-,-,-,-
720656,Reliance Retail Ventures Limited,RRVL5521,Reliance Retail Ventures Ltd,Delisted,F ,500000.00,INE929O14230, ,Commercial Papers,-,-,-,-
720657,National Fertilizers Ltd.,NFL5521,National Fertilizers Ltd,Delisted,F ,500000.00,INE870D14DR3, ,Commercial Papers,-,-,-,-
720658,GIC Housing Finance Ltd.,GIC6521,GIC Housing Finance Ltd,Delisted,F ,500000.00,INE289B14HH2, ,Commercial Papers,-,-,-,-
720659,TV18 Broadcast Ltd.,TV18B6521,TV18 Broadcast Ltd,Delisted,F ,500000.00,INE886H14GF8, ,Commercial Papers,-,-,-,-
720660,Network 18 Media & Investments Limited,N18MI6521,Network 18 Media & Investments Ltd,Delisted,F ,500000.00,INE870H14ML8, ,Commercial Papers,-,-,-,-
720661,Julius Baer Capital (India) Private Limited,JBCPL6521,Julius Baer Capital (India) Pvt Ltd,Delisted,F ,500000.00,INE824H14EC1, ,Commercial Papers,-,-,-,-
720662,APL Apollo Tubes Limited,APOLLO5521,APL Apollo Tubes Ltd,Delisted,F ,500000.00,INE702C14BL7, ,Commercial Papers,-,-,-,-
720663,Indian Oil Corporation Ltd.,IOCL6521,Indian Oil Corporation Ltd,Delisted,F ,500000.00,INE242A14TR7, ,Commercial Papers,-,-,-,-
720664,Indian Oil Corporation Ltd.,IOCL06521,Indian Oil Corporation Ltd,Delisted,F ,500000.00,INE242A14TO4, ,Commercial Papers,-,-,-,-
720665,Indian Oil Corporation Ltd.,IOCL60521,Indian Oil Corporation Ltd,Delisted,F ,500000.00,INE242A14TP1, ,Commercial Papers,-,-,-,-
720666,Indian Oil Corporation Ltd.,IOCL060521,Indian Oil Corporation Ltd,Delisted,F ,500000.00,INE242A14TQ9, ,Commercial Papers,-,-,-,-
720667,Axis Finance Limited,AFL060521,Axis Finance Ltd,Delisted,F ,500000.00,INE891K14KN8, ,Commercial Papers,-,-,-,-
720668,Indian Oil Corporation Ltd.,IOCL652021,Indian Oil Corporation Ltd,Delisted,F ,500000.00,INE242A14TM8, ,Commercial Papers,-,-,-,-
720669,Indian Oil Corporation Ltd.,IOCL202156,Indian Oil Corporation Ltd,Delisted,F ,500000.00,INE242A14TN6, ,Commercial Papers,-,-,-,-
720670,Indian Oil Corporation Ltd.,IOCL2021056,Indian Oil Corporation Ltd,Delisted,F ,500000.00,INE242A14TL0, ,Commercial Papers,-,-,-,-
720671,Dixon Technologies (India) Limited,DTIL6521,Dixon Technologies (India) Ltd,Delisted,F ,500000.00,INE935N14098, ,Commercial Papers,-,-,-,-
720672,Steel Authority of India Ltd.,SAIL070521,Steel Authority of India Ltd,Delisted,F ,500000.00,INE114A14JY5, ,Commercial Papers,-,-,-,-
720673,STANDARD CHARTERED CAPITAL LIMITED,SCCLI070521,STANDARD CHARTERED INVESTMENTS AND LOANS (INDIA) Ltd,Delisted,F ,500000.00,INE403G14NW5, ,Commercial Papers,-,-,-,-
720674,NLC Tamilnadu Power Limited,NLC070521,NLC Tamilnadu Power Ltd,Delisted,F ,500000.00,INE05C614089, ,Commercial Papers,-,-,-,-
720675,APL Apollo Tubes Limited,AATL7MAY21,APL Apollo Tubes Ltd,Delisted,F ,500000.00,INE702C14BM5, ,Commercial Papers,-,-,-,-
720676,Kotak Securities Limited,KSL7MAY21,Kotak Securities Ltd,Delisted,F ,500000.00,INE028E14IE3, ,Commercial Papers,-,-,-,-
720677,Reliance Jio Infocomm Limited,RJIL7MAY21,Reliance Jio Infocomm Ltd,Delisted,F ,500000.00,INE110L14PG4, ,Commercial Papers,-,-,-,-
720678,CaratLane Trading Private Limited,CTPL070521,CaratLane Trading Pvt Ltd,Delisted,F ,500000.00,INE015Y14146, ,Commercial Papers,-,-,-,-
720679,Steel Authority of India Ltd.,SAIL10MAY21,Steel Authority of India Ltd,Delisted,F ,500000.00,INE114A14JZ2, ,Commercial Papers,-,-,-,-
720680,APL Apollo Tubes Limited,APLATL10521,APL Apollo Tubes Ltd,Delisted,F ,500000.00,INE702C14BN3, ,Commercial Papers,-,-,-,-
720681,STANDARD CHARTERED CAPITAL LIMITED,SCCL100521,STANDARD CHARTERED INVESTMENTS AND LOANS (INDIA) Ltd,Delisted,F ,500000.00,INE403G14NX3, ,Commercial Papers,-,-,-,-
720682,MUTHOOT FINANCE LIMITED,MFL100521,MUTHOOT FINANCE Ltd,Delisted,F ,500000.00,INE414G14RI2, ,Commercial Papers,-,-,-,-
720683,Julius Baer Capital (India) Private Limited,JBCPL10521,Julius Baer Capital (India) Pvt Ltd,Delisted,F ,500000.00,INE824H14EE7, ,Commercial Papers,-,-,-,-
720684,Reliance Retail Ventures Limited,RRVL100521,Reliance Retail Ventures Ltd,Delisted,F ,500000.00,INE929O14248, ,Commercial Papers,-,-,-,-
720685,Himadri Speciality Chemical Ltd.,HSCL10MAY21,Himadri Speciality Chemical Ltd,Delisted,F ,500000.00,INE019C14565, ,Commercial Papers,-,-,-,-
720686,Steel Authority of India Ltd.,SAIL11MAY21,Steel Authority of India Ltd,Delisted,F ,500000.00,INE114A14KA3, ,Commercial Papers,-,-,-,-
720687,MUTHOOT FINANCE LIMITED,MFL110521,MUTHOOT FINANCE Ltd,Delisted,F ,500000.00,INE414G14RH4, ,Commercial Papers,-,-,-,-
720688,360 ONE Prime Limited,IIFL10521,IIFL Wealth Prime Ltd,Delisted,F ,500000.00,INE248U14IV7, ,Commercial Papers,-,-,-,-
720689,Kotak Mahindra Investments Limited,KMIL11521,Kotak Mahindra Investments Ltd,Delisted,F ,500000.00,INE975F14UW9, ,Commercial Papers,-,-,-,-
720690,Julius Baer Capital (India) Private Limited,JBC11MAY21,Julius Baer Capital (India) Pvt Ltd,Delisted,F ,500000.00,INE824H14ED9, ,Commercial Papers,-,-,-,-
720691,Reliance Industries Ltd,RIL11521,Reliance Industries Ltd,Delisted,F ,500000.00,INE002A14HV2, ,Commercial Papers,-,-,-,-
720692,Reliance Industries Ltd,RIL110521,Reliance Industries Ltd,Delisted,F ,500000.00,INE002A14HU4, ,Commercial Papers,-,-,-,-
720693,Sterlite Technologies Limited.,STL12MAY21,Sterlite Technologies Ltd,Delisted,F ,500000.00,INE089C14AZ1, ,Commercial Papers,-,-,-,-
720694,MUTHOOT FINANCE LIMITED,MFL12521,MUTHOOT FINANCE Ltd,Delisted,F ,500000.00,INE414G14RG6, ,Commercial Papers,-,-,-,-
720695,Redington Limited,RIL12521,Redington (India) ltd,Delisted,F ,500000.00,INE891D14VI0, ,Commercial Papers,-,-,-,-
720696,SEIL Energy India Limited,SEIL120521,Sembcorp Energy India Ltd,Delisted,F ,500000.00,INE460M14131, ,Commercial Papers,-,-,-,-
720697,Reliance Retail Ventures Limited,RRVL12MAY21,Reliance Retail Ventures Ltd,Delisted,F ,500000.00,INE929O14255, ,Commercial Papers,-,-,-,-
720698,Reliance Jio Infocomm Limited,RJIL120521,Reliance Jio Infocomm Ltd,Delisted,F ,500000.00,INE110L14PI0, ,Commercial Papers,-,-,-,-
720699,Reliance Jio Infocomm Limited,RJIL1205021,Reliance Jio Infocomm Ltd,Delisted,F ,500000.00,INE110L14PJ8, ,Commercial Papers,-,-,-,-
720700,Reliance Jio Infocomm Limited,RJIL12521,Reliance Jio Infocomm Ltd,Delisted,F ,500000.00,INE110L14PH2, ,Commercial Papers,-,-,-,-
720701,Julius Baer Capital (India) Private Limited,JBCPL12521,Julius Baer Capital (India) Pvt Ltd,Delisted,F ,500000.00,INE824H14EF4, ,Commercial Papers,-,-,-,-
720702,Reliance Industries Ltd,RIL12MAY21,Reliance Industries Ltd,Delisted,F ,500000.00,INE002A14HW0, ,Commercial Papers,-,-,-,-
720703,Julius Baer Capital (India) Private Limited,JBCP14MAY21,Julius Baer Capital (India) Pvt Ltd,Delisted,F ,500000.00,INE824H14EG2, ,Commercial Papers,-,-,-,-
720704,Infina Finance Private Limited,IFPL140521,Infina Finance Pvt Ltd,Delisted,F ,500000.00,INE879F14DT5, ,Commercial Papers,-,-,-,-
720705,HDFC Securities Limited,HDFC140521,HDFC Securities Ltd,Delisted,F ,500000.00,INE700G14553, ,Commercial Papers,-,-,-,-
720706,Indian Oil Corporation Ltd.,IOCL170521,Indian Oil Corporation Ltd,Delisted,F ,500000.00,INE242A14TT3, ,Commercial Papers,-,-,-,-
720707,APL Apollo Tubes Limited,APLAT170521,APL Apollo Tubes Ltd,Delisted,F ,500000.00,INE702C14BO1, ,Commercial Papers,-,-,-,-
720708,birla Group Holdings Private Limited,BGHP17MAY21,birla Group Holdings Pvt Ltd,Delisted,F ,500000.00,INE09OL14649, ,Commercial Papers,-,-,-,-
720709,Reliance Industries Ltd,RIL170521,Reliance Industries Ltd,Delisted,F ,500000.00,INE002A14HX8, ,Commercial Papers,-,-,-,-
720710,Chennai Petroleum Corporation Ltd.,CPCL180521,Chennai Petroleum Corporation Ltd,Delisted,F ,500000.00,INE178A14GQ2, ,Commercial Papers,-,-,-,-
720711,Network 18 Media & Investments Limited,N18ML180521,Network 18 Media & Investments Ltd,Delisted,F ,500000.00,INE870H14MM6, ,Commercial Papers,-,-,-,-
720712,Kotak Securities Limited,KSL180521,Kotak Securities Ltd,Delisted,F ,500000.00,INE028E14IF0, ,Commercial Papers,-,-,-,-
720713,Indian Oil Corporation Ltd.,IOCL180521,Indian Oil Corporation Ltd,Delisted,F ,500000.00,INE242A14TS5, ,Commercial Papers,-,-,-,-
720714,HDFC Securities Limited,HSL18521,HDFC Securities Ltd,Delisted,F ,500000.00,INE700G14561, ,Commercial Papers,-,-,-,-
720715,TV18 Broadcast Ltd.,TV18MAY21,TV18 Broadcast Ltd,Delisted,F ,500000.00,INE886H14GG6, ,Commercial Papers,-,-,-,-
720716,Northern Arc Capital Ltd.,NAC180521,Northern Arc Capital Ltd,Delisted,F ,500000.00,INE850M14984, ,Commercial Papers,-,-,-,-
720717,Transport Corporation of India Ltd,TCIL18MAY21,Transport Corporation of India Ltd,Delisted,F ,500000.00,INE688A14KS8, ,Commercial Papers,-,-,-,-
720718,Julius Baer Capital (India) Private Limited,JBCP18MAY21,Julius Baer Capital (India) Pvt Ltd,Delisted,F ,500000.00,INE824H14EH0, ,Commercial Papers,-,-,-,-
720719,Northern Arc Capital Ltd.,NACL180521,Northern Arc Capital Ltd,Delisted,F ,500000.00,INE850M14992, ,Commercial Papers,-,-,-,-
720720,Tata Power Co. Ltd,TPCL18521,Tata Power Co Ltd,Delisted,F ,500000.00,INE245A14EU6, ,Commercial Papers,-,-,-,-
720721,Century Textiles & Industries Ltd.,CTIL18521,Century Textiles & Industries Ltd,Delisted,F ,500000.00,INE055A14IL9, ,Commercial Papers,-,-,-,-
720722,Reliance Retail Ventures Limited,RRVL180521,Reliance Retail Ventures Ltd,Delisted,F ,500000.00,INE929O14263, ,Commercial Papers,-,-,-,-
720723,BEML Ltd,BEML190521,BEML Ltd,Delisted,F ,500000.00,INE258A14043, ,Commercial Papers,-,-,-,-
720724,Axis Finance Limited,AFL19MAY21,Axis Finance Ltd,Delisted,F ,500000.00,INE891K14KO6, ,Commercial Papers,-,-,-,-
720725,John Deere Financial India Private Limited,JDFI20MAY21,John Deere Financial India Pvt Ltd,Delisted,F ,500000.00,INE00V214064, ,Commercial Papers,-,-,-,-
720726,Sharekhan Limited,SL20MAY21,Sharekhan Ltd,Delisted,F ,500000.00,INE211H14054, ,Commercial Papers,-,-,-,-
720727,Sharekhan Limited,SL200521,Sharekhan Ltd,Delisted,F ,500000.00,INE211H14062, ,Commercial Papers,-,-,-,-
720728,Infina Finance Private Limited,IFPL20521,Infina Finance Pvt Ltd,Delisted,F ,500000.00,INE879F14DU3, ,Commercial Papers,-,-,-,-
720729,Indian Oil Corporation Ltd.,IOCL20MAY21,Indian Oil Corporation Ltd,Delisted,F ,500000.00,INE242A14TU1, ,Commercial Papers,-,-,-,-
720730,Bharat Heavy Electricals Ltd.,BHEL20MAY21,Bharat Heavy Electricals Ltd,Delisted,F ,500000.00,INE257A14532, ,Commercial Papers,-,-,-,-
720731,Mangalore Refinery & Petrochemicals,MRPL190521,Mangalore Refinery & Petrochemicals,Delisted,F ,500000.00,INE103A14314, ,Commercial Papers,-,-,-,-
720732,MUTHOOT FINANCE LIMITED,MFL200521,MUTHOOT FINANCE Ltd,Delisted,F ,500000.00,INE414G14RK8, ,Commercial Papers,-,-,-,-
720733,HDFC Securities Limited,HDFCS200521,HDFC Securities Ltd,Delisted,F ,500000.00,INE700G14579, ,Commercial Papers,-,-,-,-
720734,Reliance Industries Ltd,RIL200521,Reliance Industries Ltd,Delisted,F ,500000.00,INE002A14HY6, ,Commercial Papers,-,-,-,-
720735,NLC India Limited,NLCIL200521,NLC India Ltd,Delisted,F ,500000.00,INE589A14280, ,Commercial Papers,-,-,-,-
720736,GIC Housing Finance Ltd.,GHFL20521,GIC Housing Finance Ltd,Delisted,F ,500000.00,INE289B14HI0, ,Commercial Papers,-,-,-,-
720737,TATA STEEL LIMITED,TSL20521,TATA STEEL Ltd,Delisted,F ,500000.00,INE081A14AW9, ,Commercial Papers,-,-,-,-
720738,Dalmia Cement (Bharat) Limited,DCBL200521,Dalmia Cement (Bharat) Ltd,Delisted,F ,500000.00,INE755K14DN0, ,Commercial Papers,-,-,-,-
720739,birla Group Holdings Private Limited,BGHPL210521,birla Group Holdings Pvt Ltd,Delisted,F ,500000.00,INE09OL14656, ,Commercial Papers,-,-,-,-
720740,Tata Power Co. Ltd,TPCL210521,Tata Power Co Ltd,Delisted,F ,500000.00,INE245A14EV4, ,Commercial Papers,-,-,-,-
720741,MUTHOOT FINANCE LIMITED,MFL210521,MUTHOOT FINANCE Ltd,Delisted,F ,500000.00,INE414G14RJ0, ,Commercial Papers,-,-,-,-
720742,Motilal Oswal Financial Services Limited,MOFS21521,Motilal Oswal Financial Services Ltd,Delisted,F ,500000.00,INE338I14CI1, ,Commercial Papers,-,-,-,-
720743,KEC International Ltd.,KECIL210521,KEC International Ltd (formerly known as KEC Infrastructures Ltd),Delisted,F ,500000.00,INE389H14GH9, ,Commercial Papers,-,-,-,-
720744,KEC International Ltd.,KECIL21521,KEC International Ltd (formerly known as KEC Infrastructures Ltd),Delisted,F ,500000.00,INE389H14GI7, ,Commercial Papers,-,-,-,-
720745,Axis Finance Limited,AFL21521,Axis Finance Ltd,Delisted,F ,500000.00,INE891K14KP3, ,Commercial Papers,-,-,-,-
720746,Julius Baer Capital (India) Private Limited,JBC210521,Julius Baer Capital (India) Pvt Ltd,Delisted,F ,500000.00,INE824H14EI8, ,Commercial Papers,-,-,-,-
720747,Kotak Securities Limited,KSL21MAY21,Kotak Securities Ltd,Delisted,F ,500000.00,INE028E14IG8, ,Commercial Papers,-,-,-,-
720748,Bharat Heavy Electricals Ltd.,BHEL21MAY21,Bharat Heavy Electricals Ltd,Delisted,F ,500000.00,INE257A14540, ,Commercial Papers,-,-,-,-
720749,ICICI Securities Limited,ISL21MAY21,ICICI Securities Ltd,Delisted,F ,500000.00,INE763G14KD8, ,Commercial Papers,-,-,-,-
720750,SIKKA PORTS & TERMINALS LTD,SPTL240521,SIKKA PORTS & TERMINALS LTD,Delisted,F ,500000.00,INE941D14097, ,Commercial Papers,-,-,-,-
720751,Steel Authority of India Ltd.,SAIL240521,Steel Authority of India Ltd,Delisted,F ,500000.00,INE114A14KB1, ,Commercial Papers,-,-,-,-
720752,KEC International Ltd.,KECIL240521,KEC International Ltd (formerly known as KEC Infrastructures Ltd),Delisted,F ,500000.00,INE389H14GL1, ,Commercial Papers,-,-,-,-
720753,KEC International Ltd.,KECLI24521,KEC International Ltd (formerly known as KEC Infrastructures Ltd),Delisted,F ,500000.00,INE389H14GK3, ,Commercial Papers,-,-,-,-
720754,Sterlite Technologies Limited.,STL24MAY21,Sterlite Technologies Ltd,Delisted,F ,500000.00,INE089C14BA2, ,Commercial Papers,-,-,-,-
720755,Kotak Mahindra Investments Limited,KMIL24MAY21,Kotak Mahindra Investments Ltd,Delisted,F ,500000.00,INE975F14UX7, ,Commercial Papers,-,-,-,-
720756,Dalmia Cement (Bharat) Limited,DCBL24521,Dalmia Cement (Bharat) Ltd,Delisted,F ,500000.00,INE755K14DM2, ,Commercial Papers,-,-,-,-
720757,Reliance Industries Ltd,RIL24052021,Reliance Industries Ltd,Delisted,F ,500000.00,INE002A14IA4, ,Commercial Papers,-,-,-,-
720758,Axis Securities Limited,ASL240521,Axis Securities Ltd,Delisted,F ,500000.00,INE110O14237, ,Commercial Papers,-,-,-,-
720759,Sharekhan BNP Paribas Financial Services Limited,SBPF25521,Sharekhan BNP Paribas Financial Services Ltd,Delisted,F ,500000.00,INE550X14540, ,Commercial Papers,-,-,-,-
720760,STANDARD CHARTERED CAPITAL LIMITED,SCIL250521,STANDARD CHARTERED INVESTMENTS AND LOANS (INDIA) Ltd,Delisted,F ,500000.00,INE403G14NY1, ,Commercial Papers,-,-,-,-
720761,HDFC Securities Limited,HSL25MAY21,HDFC Securities Ltd,Delisted,F ,500000.00,INE700G14587, ,Commercial Papers,-,-,-,-
720762,Vardhman Special Steels Ltd,VSSL25MAY21,Vardhman Special Steels Ltd,Delisted,F ,500000.00,INE050M14767, ,Commercial Papers,-,-,-,-
720763,ICICI HOME FINANCE COMPANY LIMITED,IHFC250521,ICICI HOME FINANCE COMPANY Ltd,Delisted,F ,500000.00,INE071G14DI0, ,Commercial Papers,-,-,-,-
720764,KEC International Ltd.,KIL25521,KEC International Ltd (formerly known as KEC Infrastructures Ltd),Delisted,F ,500000.00,INE389H14GJ5, ,Commercial Papers,-,-,-,-
720765,Reliance Industries Ltd,RIL250521,Reliance Industries Ltd,Delisted,F ,500000.00,INE002A14HZ3, ,Commercial Papers,-,-,-,-
720766,National Bank for Agriculture and Rural Development,NABAR250521,National Bank for Agriculture and Rural Development,Delisted,F ,500000.00,INE261F14HZ4, ,Commercial Papers,-,-,-,-
720767,Aditya Birla Fashion and Retail Limited,ABFR25MAY21,Aditya Birla Fashion and Retail Ltd,Delisted,F ,500000.00,INE647O14EK5, ,Commercial Papers,-,-,-,-
720768,ICICI Securities Limited,ISL25521,ICICI Securities Ltd,Delisted,F ,500000.00,INE763G14KE6, ,Commercial Papers,-,-,-,-
720769,ARKA FINCAP LIMITED,AFL260521,ARKA FINCAP Ltd,Delisted,F ,500000.00,INE03W114054, ,Commercial Papers,-,-,-,-
720770,ONGC Petro additions Limited.,OPAL250521,ONGC Petro additions Ltd,Delisted,F ,500000.00,INE163N14162, ,Commercial Papers,-,-,-,-
720771,Tata Power Co. Ltd,TPCL270521,Tata Power Co Ltd,Delisted,F ,500000.00,INE245A14EW2, ,Commercial Papers,-,-,-,-
720772,NLC India Limited,NLCIL270521,NLC India Ltd,Delisted,F ,500000.00,INE589A14298, ,Commercial Papers,-,-,-,-
720773,Julius Baer Capital (India) Private Limited,JBC27521,Julius Baer Capital (India) Pvt Ltd,Delisted,F ,500000.00,INE824H14EJ6, ,Commercial Papers,-,-,-,-
720774,Dalmia Cement (Bharat) Limited,DCBL27521,Dalmia Cement (Bharat) Ltd,Delisted,F ,500000.00,INE755K14DO8, ,Commercial Papers,-,-,-,-
720775,Kotak Mahindra Prime Limited,KMPL27MAY21,Kotak Mahindra Prime Ltd,Delisted,F ,500000.00,INE916D14Y56, ,Commercial Papers,-,-,-,-
720776,Vardhman Special Steels Ltd,VSSL270521,Vardhman Special Steels Ltd,Delisted,F ,500000.00,INE050M14775, ,Commercial Papers,-,-,-,-
720777,HDFC Securities Limited,HSL270521,HDFC Securities Ltd,Delisted,F ,500000.00,INE700G14595, ,Commercial Papers,-,-,-,-
720778,STANDARD CHARTERED CAPITAL LIMITED,SCCLL270521,STANDARD CHARTERED INVESTMENTS AND LOANS (INDIA) Ltd,Delisted,F ,500000.00,INE403G14NZ8, ,Commercial Papers,-,-,-,-
720779,Kotak Securities Limited,KSL27MAY21,Kotak Securities Ltd,Delisted,F ,500000.00,INE028E14IH6, ,Commercial Papers,-,-,-,-
720780,Axis Securities Limited,ASL270521,Axis Securities Ltd,Delisted,F ,500000.00,INE110O14245, ,Commercial Papers,-,-,-,-
720781,MUTHOOT FINANCE LIMITED,MFL280521,MUTHOOT FINANCE Ltd,Delisted,F ,500000.00,INE414G14RL6, ,Commercial Papers,-,-,-,-
720782,CaratLane Trading Private Limited,CTPL28MAY21,CaratLane Trading Pvt Ltd,Delisted,F ,500000.00,INE015Y14153, ,Commercial Papers,-,-,-,-
720783,Reliance Industries Ltd,RIL280521,Reliance Industries Ltd,Delisted,F ,500000.00,INE002A14IB2, ,Commercial Papers,-,-,-,-
720784,TATA STEEL LIMITED,TSL280521,TATA STEEL Ltd,Delisted,F ,500000.00,INE081A14AY5, ,Commercial Papers,-,-,-,-
720785,TATA STEEL LIMITED,TSL28MAY21,TATA STEEL Ltd,Delisted,F ,500000.00,INE081A14AX7, ,Commercial Papers,-,-,-,-
720786,Oil And Natural Gas Corporation Ltd,ONGC31521,Oil And Natural Gas Corporation Ltd,Delisted,F ,500000.00,INE213A14329, ,Commercial Papers,-,-,-,-
720787,360 ONE WAM LIMITED,IIFLW280521,IIFL Wealth Management Ltd,Delisted,F ,500000.00,INE466L14916, ,Commercial Papers,-,-,-,-
720788,Steel Authority of India Ltd.,SAIL31521,Steel Authority of India Ltd,Delisted,F ,500000.00,INE114A14KC9, ,Commercial Papers,-,-,-,-
720789,HDFC Securities Limited,HSEC31521,HDFC Securities Ltd,Delisted,F ,500000.00,INE700G14603, ,Commercial Papers,-,-,-,-
720790,Indian Oil Corporation Ltd.,IOCL31521,Indian Oil Corporation Ltd,Delisted,F ,500000.00,INE242A14TW7, ,Commercial Papers,-,-,-,-
720791,Tata Power Solar Systems Limited,TPSSL310521,Tata Power Solar Systems Ltd,Delisted,F ,500000.00,INE962S14737, ,Commercial Papers,-,-,-,-
720792,Kotak Securities Limited,KSL31521,Kotak Securities Ltd,Delisted,F ,500000.00,INE028E14II4, ,Commercial Papers,-,-,-,-
720793,BOBCARD LIMITED,BFSL28521,BOB Financial Solutions Ltd,Delisted,F ,500000.00,INE027214126, ,Commercial Papers,-,-,-,-
720794,Northern Arc Capital Ltd.,NACL31521,Northern Arc Capital Ltd,Delisted,F ,500000.00,INE850M14AA8, ,Commercial Papers,-,-,-,-
720795,Bharat Oman Refineries Limited,BORL1621,Bharat Oman Refineries Ltd,Delisted,F ,500000.00,INE322J14238, ,Commercial Papers,-,-,-,-
720796,MUTHOOT FINANCE LIMITED,MFL1621,MUTHOOT FINANCE Ltd,Delisted,F ,500000.00,INE414G14RM4, ,Commercial Papers,-,-,-,-
720797,HDFC Securities Limited,HSEC1621,HDFC Securities Ltd,Delisted,F ,500000.00,INE700G14611, ,Commercial Papers,-,-,-,-
720798,Indian Oil Corporation Ltd.,IOCL1621,Indian Oil Corporation Ltd,Delisted,F ,500000.00,INE242A14TV9, ,Commercial Papers,-,-,-,-
720799,HT Media Ltd,HTML1621,HT Media Ltd,Delisted,F ,500000.00,INE501G14BX9, ,Commercial Papers,-,-,-,-
720800,Julius Baer Capital (India) Private Limited,JBCPL1621,Julius Baer Capital (India) Pvt Ltd,Delisted,F ,500000.00,INE824H14EM0, ,Commercial Papers,-,-,-,-
720801,Reliance Industries Ltd,RIL1621,Reliance Industries Ltd,Delisted,F ,500000.00,INE002A14IC0, ,Commercial Papers,-,-,-,-
720802,Redington Limited,RIL310521,Redington (India) ltd,Delisted,F ,500000.00,INE891D14VJ8, ,Commercial Papers,-,-,-,-
720803,National Housing Bank,NHB310521,National Housing Bank,Delisted,F ,500000.00,INE557F14FE4, ,Commercial Papers,-,-,-,-
720804,NLC India Limited,NLC2621,NLC India Ltd,Delisted,F ,500000.00,INE589A14306, ,Commercial Papers,-,-,-,-
720805,Axis Finance Limited,AFL2621,Axis Finance Ltd,Delisted,F ,500000.00,INE891K14KQ1, ,Commercial Papers,-,-,-,-
720806,TV18 Broadcast Ltd.,TV18B2621,TV18 Broadcast Ltd,Delisted,F ,500000.00,INE886H14GH4, ,Commercial Papers,-,-,-,-
720807,Reliance Retail Ventures Limited,RRVL2621,Reliance Retail Ventures Ltd,Delisted,F ,500000.00,INE929O14271, ,Commercial Papers,-,-,-,-
720808,Julius Baer Capital (India) Private Limited,JBCPL2JUN21,Julius Baer Capital (India) Pvt Ltd,Delisted,F ,500000.00,INE824H14EL2, ,Commercial Papers,-,-,-,-
720809,Sharekhan BNP Paribas Financial Services Limited,SBPFS020621,Sharekhan BNP Paribas Financial Services Ltd,Delisted,F ,500000.00,INE550X14565, ,Commercial Papers,-,-,-,-
720810,Sharekhan BNP Paribas Financial Services Limited,SBPFS20621,Sharekhan BNP Paribas Financial Services Ltd,Delisted,F ,500000.00,INE550X14557, ,Commercial Papers,-,-,-,-
720811,Sharekhan Limited,SL2621,Sharekhan Ltd,Delisted,F ,500000.00,INE211H14070, ,Commercial Papers,-,-,-,-
720812,Sharekhan Limited,SL2621A,Sharekhan Ltd,Delisted,F ,500000.00,INE211H14088, ,Commercial Papers,-,-,-,-
720813,GIC Housing Finance Ltd.,GHFL3621,GIC Housing Finance Ltd,Delisted,F ,500000.00,INE289B14HJ8, ,Commercial Papers,-,-,-,-
720814,birla Group Holdings Private Limited,BGHPL030621,birla Group Holdings Pvt Ltd,Delisted,F ,500000.00,INE09OL14664, ,Commercial Papers,-,-,-,-
720815,Chennai Petroleum Corporation Ltd.,CPCL3JUN21,Chennai Petroleum Corporation Ltd,Delisted,F ,500000.00,INE178A14GR0, ,Commercial Papers,-,-,-,-
720816,Chennai Petroleum Corporation Ltd.,CPCL3JUN21A,Chennai Petroleum Corporation Ltd,Delisted,F ,500000.00,INE178A14GS8, ,Commercial Papers,-,-,-,-
720817,Kribhco Fertilizers Limited,KFL030621,Kribhco Fertilizers Ltd,Delisted,F ,500000.00,INE486H14BF8, ,Commercial Papers,-,-,-,-
720818,JSW Energy Limited,JSWEL3JUN21,JSW Energy Ltd,Delisted,F ,500000.00,INE121E14144, ,Commercial Papers,-,-,-,-
720819,Network 18 Media & Investments Limited,NMIL030621,Network 18 Media & Investments Ltd,Delisted,F ,500000.00,INE870H14MN4, ,Commercial Papers,-,-,-,-
720820,Tata Realty and Infrastructure Limited,TRIL030621,Tata Realty and Infrastructure Ltd,Delisted,F ,500000.00,INE371K14AQ5, ,Commercial Papers,-,-,-,-
720821,Tata Realty and Infrastructure Limited,TRIL03621,Tata Realty and Infrastructure Ltd,Delisted,F ,500000.00,INE371K14AR3, ,Commercial Papers,-,-,-,-
720822,SEIL Energy India Limited,SEIL3621,Sembcorp Energy India Ltd,Delisted,F ,500000.00,INE460M14149, ,Commercial Papers,-,-,-,-
720823,Indian Oil Corporation Ltd.,IOCL3621,Indian Oil Corporation Ltd,Delisted,F ,500000.00,INE242A14TY3, ,Commercial Papers,-,-,-,-
720824,Axis Finance Limited,AFL03621,Axis Finance Ltd,Delisted,F ,500000.00,INE891K14KR9, ,Commercial Papers,-,-,-,-
720825,Axis Finance Limited,AFL3621,Axis Finance Ltd,Delisted,F ,500000.00,INE891K14KS7, ,Commercial Papers,-,-,-,-
720826,Julius Baer Capital (India) Private Limited,JBCPL3JUN21,Julius Baer Capital (India) Pvt Ltd,Delisted,F ,500000.00,INE824H14EK4, ,Commercial Papers,-,-,-,-
720827,ICICI Securities Limited,ISL3621,ICICI Securities Ltd,Delisted,F ,500000.00,INE763G14KF3, ,Commercial Papers,-,-,-,-
720828,Infina Finance Private Limited,IFPL040621,Infina Finance Pvt Ltd,Delisted,F ,500000.00,INE879F14DV1, ,Commercial Papers,-,-,-,-
720829,Sterlite Technologies Limited.,STL4JUN21,Sterlite Technologies Ltd,Delisted,F ,500000.00,INE089C14BB0, ,Commercial Papers,-,-,-,-
720830,TATA STEEL LIMITED,TSL4JUN21,TATA STEEL Ltd,Delisted,F ,500000.00,INE081A14BB1, ,Commercial Papers,-,-,-,-
720831,TATA STEEL LIMITED,TSL4JUN21A,TATA STEEL Ltd,Delisted,F ,500000.00,INE081A14BA3, ,Commercial Papers,-,-,-,-
720832,TATA STEEL LIMITED,TSL4JUN21B,TATA STEEL Ltd,Delisted,F ,500000.00,INE081A14AZ2, ,Commercial Papers,-,-,-,-
720833,Indian Oil Corporation Ltd.,IOL040621,Indian Oil Corporation Ltd,Delisted,F ,500000.00,INE242A14TX5, ,Commercial Papers,-,-,-,-
720834,Aditya Birla Fashion and Retail Limited,ABFRL4JUN21,Aditya Birla Fashion and Retail Ltd,Delisted,F ,500000.00,INE647O14EL3, ,Commercial Papers,-,-,-,-
720835,Mishra Dhatu Nigam Limited,MDNL040621,Mishra Dhatu Nigam Ltd,Delisted,F ,500000.00,INE099Z14022, ,Commercial Papers,-,-,-,-
720836,Bharat Heavy Electricals Ltd.,BHEL4621,Bharat Heavy Electricals Ltd,Delisted,F ,500000.00,INE257A14557, ,Commercial Papers,-,-,-,-
720837,Network 18 Media & Investments Limited,NMIL4621,Network 18 Media & Investments Ltd,Delisted,F ,500000.00,INE870H14MO2, ,Commercial Papers,-,-,-,-
720838,Reliance Jio Infocomm Limited,RJIL4621,Reliance Jio Infocomm Ltd,Delisted,F ,500000.00,INE110L14PK6, ,Commercial Papers,-,-,-,-
720839,STANDARD CHARTERED CAPITAL LIMITED,SCCL070621,STANDARD CHARTERED INVESTMENTS AND LOANS (INDIA) Ltd,Delisted,F ,500000.00,INE403G14OA9, ,Commercial Papers,-,-,-,-
720840,Reliance Retail Ventures Limited,RRVL070621,Reliance Retail Ventures Ltd,Delisted,F ,500000.00,INE929O14289, ,Commercial Papers,-,-,-,-
720841,Infina Finance Private Limited,IFPL7621,Infina Finance Pvt Ltd,Delisted,F ,500000.00,INE879F14DW9, ,Commercial Papers,-,-,-,-
720842,birla Group Holdings Private Limited,BGH7621,birla Group Holdings Pvt Ltd,Delisted,F ,500000.00,INE09OL14672, ,Commercial Papers,-,-,-,-
720843,Oil And Natural Gas Corporation Ltd,ONGC070621,Oil And Natural Gas Corporation Ltd,Delisted,F ,500000.00,INE213A14337, ,Commercial Papers,-,-,-,-
720844,HDFC Securities Limited,HDFC070621,HDFC Securities Ltd,Delisted,F ,500000.00,INE700G14629, ,Commercial Papers,-,-,-,-
720845,Reliance Jio Infocomm Limited,RJIL070621,Reliance Jio Infocomm Ltd,Delisted,F ,500000.00,INE110L14PL4, ,Commercial Papers,-,-,-,-
720846,Indian Oil Corporation Ltd.,IOCL7621,Indian Oil Corporation Ltd,Delisted,F ,500000.00,INE242A14TZ0, ,Commercial Papers,-,-,-,-
720847,ONGC Petro additions Limited.,OPAL070621,ONGC Petro additions Ltd,Delisted,F ,500000.00,INE163N14170, ,Commercial Papers,-,-,-,-
720848,Indian Oil Corporation Ltd.,IOCL7621A,Indian Oil Corporation Ltd,Delisted,F ,500000.00,INE242A14UE3, ,Commercial Papers,-,-,-,-
720849,Indian Oil Corporation Ltd.,IOCL7621B,Indian Oil Corporation Ltd,Delisted,F ,500000.00,INE242A14UB9, ,Commercial Papers,-,-,-,-
720850,Indian Oil Corporation Ltd.,IOCL7621C,Indian Oil Corporation Ltd,Delisted,F ,500000.00,INE242A14UA1, ,Commercial Papers,-,-,-,-
720851,Indian Oil Corporation Ltd.,IOCL7621D,Indian Oil Corporation Ltd,Delisted,F ,500000.00,INE242A14UD5, ,Commercial Papers,-,-,-,-
720852,JSW Energy Limited,JSWEL080621,JSW Energy Ltd,Delisted,F ,500000.00,INE121E14151, ,Commercial Papers,-,-,-,-
720853,Adani Ports and Special Economic Zone Ltd,APSEZ7621,Adani Ports and Special Economic Zone Ltd,Delisted,F ,500000.00,INE742F14PG6, ,Commercial Papers,-,-,-,-
720854,ICICI Securities Limited,ISEC080621,ICICI Securities Ltd,Delisted,F ,500000.00,INE763G14KG1, ,Commercial Papers,-,-,-,-
720855,Aarti Industries Ltd,AIL8JUNE21,Aarti Industries Ltd,Delisted,F ,500000.00,INE769A14668, ,Commercial Papers,-,-,-,-
720856,Axis Finance Limited,AFL8621,Axis Finance Ltd,Delisted,F ,500000.00,INE891K14KT5, ,Commercial Papers,-,-,-,-
720857,Mangalore Refinery & Petrochemicals,MRPL080621,Mangalore Refinery & Petrochemicals,Delisted,F ,500000.00,INE103A14322, ,Commercial Papers,-,-,-,-
720858,NLC India Limited,NLCIL8JUN21,NLC India Ltd,Delisted,F ,500000.00,INE589A14314, ,Commercial Papers,-,-,-,-
720859,HT Media Ltd,HTML7JUN21,HT Media Ltd,Delisted,F ,500000.00,INE501G14BY7, ,Commercial Papers,-,-,-,-
720860,Adani Ports and Special Economic Zone Ltd,APSEZ8JUN21,Adani Ports and Special Economic Zone Ltd,Delisted,F ,500000.00,INE742F14PH4, ,Commercial Papers,-,-,-,-
720861,Axis Securities Limited,ASL080621,Axis Securities Ltd,Delisted,F ,500000.00,INE110O14252, ,Commercial Papers,-,-,-,-
720862,Grasim Industries Ltd,GIL9621,Grasim Industries Ltd,Delisted,F ,500000.00,INE047A14768, ,Commercial Papers,-,-,-,-
720863,CaratLane Trading Private Limited,CTPL100621,CaratLane Trading Pvt Ltd,Delisted,F ,500000.00,INE015Y14161, ,Commercial Papers,-,-,-,-
720864,GIC Housing Finance Ltd.,GICHF100621,GIC Housing Finance Ltd,Delisted,F ,500000.00,INE289B14HK6, ,Commercial Papers,-,-,-,-
720865,TRUST INVESTMENT ADVISORS PRIVATE LIMITED,TIAPL110621,TRUST INVESTMENT ADVISORS Pvt Ltd,Delisted,F ,500000.00,INE723X14915, ,Commercial Papers,-,-,-,-
720866,NLC Tamilnadu Power Limited,NLCT11JUN21,NLC Tamilnadu Power Ltd,Delisted,F ,500000.00,INE05C614097, ,Commercial Papers,-,-,-,-
720867,TATA STEEL LIMITED,TSL11JUN21,TATA STEEL Ltd,Delisted,F ,500000.00,INE081A14BC9, ,Commercial Papers,-,-,-,-
720868,HDFC Securities Limited,HDFCS110621,HDFC Securities Ltd,Delisted,F ,500000.00,INE700G14637, ,Commercial Papers,-,-,-,-
720869,HDFC Securities Limited,HDFCS11621,HDFC Securities Ltd,Delisted,F ,500000.00,INE700G14645, ,Commercial Papers,-,-,-,-
720870,Motilal Oswal Financial Services Limited,MOFSL90921,Motilal Oswal Financial Services Ltd,Delisted,F ,500000.00,INE338I14CJ9, ,Commercial Papers,-,-,-,-
720871,Network 18 Media & Investments Limited,NMIL11621,Network 18 Media & Investments Ltd,Delisted,F ,500000.00,INE870H14MR5, ,Commercial Papers,-,-,-,-
720872,Tata Power Co. Ltd,TPCL110621,Tata Power Co Ltd,Delisted,F ,500000.00,INE245A14EX0, ,Commercial Papers,-,-,-,-
720873,Julius Baer Capital (India) Private Limited,JBCPL110621,Julius Baer Capital (India) Pvt Ltd,Delisted,F ,500000.00,INE824H14EN8, ,Commercial Papers,-,-,-,-
720874,STANDARD CHARTERED CAPITAL LIMITED,SCCL140621,Standard Chartered Capital Ltd,Delisted,F ,500000.00,INE403G14OB7, ,Commercial Papers,-,-,-,-
720875,Kotak Mahindra Prime Limited,KMPL14621,Kotak Mahindra Prime Ltd,Delisted,F ,500000.00,INE916D14Y64, ,Commercial Papers,-,-,-,-
720876,STANDARD CHARTERED CAPITAL LIMITED,SCCL14621,Standard Chartered Capital Ltd,Delisted,F ,500000.00,INE403G14OC5, ,Commercial Papers,-,-,-,-
720877,birla Group Holdings Private Limited,BGHPL14621,birla Group Holdings Pvt Ltd,Delisted,F ,500000.00,INE09OL14680, ,Commercial Papers,-,-,-,-
720878,Indian Oil Corporation Ltd.,IOCL14621,Indian Oil Corporation Ltd,Delisted,F ,500000.00,INE242A14UF0, ,Commercial Papers,-,-,-,-
720879,Reliance Retail Ventures Limited,RRVL14621,Reliance Retail Ventures Ltd,Delisted,F ,500000.00,INE929O14297, ,Commercial Papers,-,-,-,-
720880,STANDARD CHARTERED CAPITAL LIMITED,SCCL14JUN21,Standard Chartered Capital Ltd,Delisted,F ,500000.00,INE403G14OD3, ,Commercial Papers,-,-,-,-
720881,HDFC Securities Limited,HDFCS140621,HDFC Securities Ltd,Delisted,F ,500000.00,INE700G14652, ,Commercial Papers,-,-,-,-
720882,JM Financial Credit Solutions Limited,JMFCSL14621,JM Financial Credit Solutions Ltd,Delisted,F ,500000.00,INE651J14AV2, ,Commercial Papers,-,-,-,-
720883,Kotak Securities Limited,KSL14621,Kotak Securities Ltd,Delisted,F ,500000.00,INE028E14IJ2, ,Commercial Papers,-,-,-,-
720884,Network 18 Media & Investments Limited,NMIL14621,Network 18 Media & Investments Ltd,Delisted,F ,500000.00,INE870H14MQ7, ,Commercial Papers,-,-,-,-
720885,Tata Power Co. Ltd,TPCL14621,Tata Power Co Ltd,Delisted,F ,500000.00,INE245A14EY8, ,Commercial Papers,-,-,-,-
720886,Tata Power Co. Ltd,TPCL150621,Tata Power Co Ltd,Delisted,F ,500000.00,INE245A14EZ5, ,Commercial Papers,-,-,-,-
720887,Network 18 Media & Investments Limited,N18MI15621,Network 18 Media & Investments Ltd,Delisted,F ,500000.00,INE870H14MP9, ,Commercial Papers,-,-,-,-
720888,Northern Arc Capital Ltd.,NACL15621,Northern Arc Capital Ltd,Delisted,F ,500000.00,INE850M14AC4, ,Commercial Papers,-,-,-,-
720889,Mangalore Refinery & Petrochemicals,MRPL10621,Mangalore Refinery & Petrochemicals,Delisted,F ,500000.00,INE103A14330, ,Commercial Papers,-,-,-,-
720890,Julius Baer Capital (India) Private Limited,JBC15621,Julius Baer Capital (India) Pvt Ltd,Delisted,F ,500000.00,INE824H14EO6, ,Commercial Papers,-,-,-,-
720891,Aarti Industries Ltd,AIL15621,Aarti Industries Ltd,Delisted,F ,500000.00,INE769A14676, ,Commercial Papers,-,-,-,-
720892,Axis Securities Limited,ASL150621,Axis Securities Ltd,Delisted,F ,500000.00,INE110O14260, ,Commercial Papers,-,-,-,-
720893,Network 18 Media & Investments Limited,N18ML16621,Network 18 Media & Investments Ltd,Delisted,F ,500000.00,INE870H14MS3, ,Commercial Papers,-,-,-,-
720894,Kotak Mahindra Prime Limited,KMPL160621,Kotak Mahindra Prime Ltd,Delisted,F ,500000.00,INE916D14Y72, ,Commercial Papers,-,-,-,-
720895,Julius Baer Capital (India) Private Limited,JBCPL160621,Julius Baer Capital (India) Pvt Ltd,Delisted,F ,500000.00,INE824H14EQ1, ,Commercial Papers,-,-,-,-
720896,ECL Finance Limited,EFL160621,ECL Finance Ltd,Delisted,F ,500000.00,INE804I14UN4, ,Commercial Papers,-,-,-,-
720897,Motilal Oswal Financial Services Limited,MOFSL160621,Motilal Oswal Financial Services Ltd,Delisted,F ,500000.00,INE338I14CK7, ,Commercial Papers,-,-,-,-
720898,Sharekhan BNP Paribas Financial Services Limited,SBPF16JUN21,Sharekhan BNP Paribas Financial Services Ltd,Delisted,F ,500000.00,INE550X14573, ,Commercial Papers,-,-,-,-
720899,Sharekhan Limited,SL16JUN21,Sharekhan Ltd,Delisted,F ,500000.00,INE211H14096, ,Commercial Papers,-,-,-,-
720900,Infina Finance Private Limited,IFPL160621,Infina Finance Pvt Ltd,Delisted,F ,500000.00,INE879F14DX7, ,Commercial Papers,-,-,-,-
720901,Mangalore Refinery & Petrochemicals,MRPL160621,Mangalore Refinery & Petrochemicals,Delisted,F ,500000.00,INE103A14348, ,Commercial Papers,-,-,-,-
720902,Motilal Oswal Finvest Limited,MOFL16621,Motilal Oswal Finvest Ltd,Delisted,F ,500000.00,INE01WN14298, ,Commercial Papers,-,-,-,-
720903,HDFC Securities Limited,HSL16621,HDFC Securities Ltd,Delisted,F ,500000.00,INE700G14660, ,Commercial Papers,-,-,-,-
720904,Kotak Mahindra Investments Limited,KMIL1606221,Kotak Mahindra Investments Ltd,Delisted,F ,500000.00,INE975F14UY5, ,Commercial Papers,-,-,-,-
720905,Nuvama Wealth Finance Limited,EFIL160621,Edelweiss Finance & Investments Ltd,Delisted,F ,500000.00,INE918K14538, ,Commercial Papers,-,-,-,-
720906,360 ONE Prime Limited,IIFL16621,IIFL Wealth Prime Ltd,Delisted,F ,500000.00,INE248U14IY1, ,Commercial Papers,-,-,-,-
720907,360 ONE Prime Limited,IWPL160621,IIFL Wealth Prime Ltd,Delisted,F ,500000.00,INE248U14IZ8, ,Commercial Papers,-,-,-,-
720908,360 ONE Prime Limited,IWPL16621,IIFL Wealth Prime Ltd,Delisted,F ,500000.00,INE248U14JA9, ,Commercial Papers,-,-,-,-
720909,360 ONE WAM LIMITED,IWML16621,IIFL Wealth Management Ltd,Delisted,F ,500000.00,INE466L14924, ,Commercial Papers,-,-,-,-
720910,GIC Housing Finance Ltd.,GICHF17621,GIC Housing Finance Ltd,Delisted,F ,500000.00,INE289B14HL4, ,Commercial Papers,-,-,-,-
720911,The Ramco Cements Limited,TRCL170621,The Ramco Cements Ltd,Delisted,F ,500000.00,INE331A14LA1, ,Commercial Papers,-,-,-,-
720912,Nuvama Wealth Finance Limited,EFIL170621,Edelweiss Finance & Investments Ltd,Delisted,F ,500000.00,INE918K14520, ,Commercial Papers,-,-,-,-
720913,JM Financial Properties and Holdings Limited,JMFPH170621,JM Financial Properties and Holdings Ltd,Delisted,F ,500000.00,INE525R14627, ,Commercial Papers,-,-,-,-
720914,STANDARD CHARTERED CAPITAL LIMITED,SCCL17JUN21,Standard Chartered Capital Ltd,Delisted,F ,500000.00,INE403G14OG6, ,Commercial Papers,-,-,-,-
720915,STANDARD CHARTERED CAPITAL LIMITED,SCC17JUN21A,Standard Chartered Capital Ltd,Delisted,F ,500000.00,INE403G14OE1, ,Commercial Papers,-,-,-,-
720916,NABHA POWER LIMITED,NPL17JUN21,NABHA POWER Ltd,Delisted,F ,500000.00,INE445L14BW1, ,Commercial Papers,-,-,-,-
720917,Bajaj Finance Limited,BFL170621,Bajaj Finance Ltd,Delisted,F ,500000.00,INE296A14RQ9, ,Commercial Papers,-,-,-,-
720918,NLC India Limited,NLCIL17621,NLC India Ltd,Delisted,F ,500000.00,INE589A14322, ,Commercial Papers,-,-,-,-
720919,Julius Baer Capital (India) Private Limited,JBCPL17621,Julius Baer Capital (India) Pvt Ltd,Delisted,F ,500000.00,INE824H14EP3, ,Commercial Papers,-,-,-,-
720920,Motilal Oswal Finvest Limited,MOFL17621,Motilal Oswal Finvest Ltd,Delisted,F ,500000.00,INE01WN14280, ,Commercial Papers,-,-,-,-
720921,Mahindra & Mahindra Ltd.,MML17062021,Mahindra & Mahindra Ltd,Delisted,F ,500000.00,INE101A14136, ,Commercial Papers,-,-,-,-
720922,Mahindra & Mahindra Ltd.,MML17621,Mahindra & Mahindra Ltd,Delisted,F ,500000.00,INE101A14144, ,Commercial Papers,-,-,-,-
720923,Grasim Industries Ltd,GIL17621,Grasim Industries Ltd,Delisted,F ,500000.00,INE047A14776, ,Commercial Papers,-,-,-,-
720924,Sharekhan BNP Paribas Financial Services Limited,SBPF18JUN21,Sharekhan BNP Paribas Financial Services Ltd,Delisted,F ,500000.00,INE550X14581, ,Commercial Papers,-,-,-,-
720925,STANDARD CHARTERED CAPITAL LIMITED,SCCL18JUN21,Standard Chartered Capital Ltd,Delisted,F ,500000.00,INE403G14OF8, ,Commercial Papers,-,-,-,-
720926,Aditya Birla Fashion and Retail Limited,ABFR18JUN21,Aditya Birla Fashion and Retail Ltd,Delisted,F ,500000.00,INE647O14EM1, ,Commercial Papers,-,-,-,-
720927,Pilani Investment And Industries Corporation Limited,PIIC18JUN21,Pilani Investment And Industries Corporation Ltd,Delisted,F ,500000.00,INE417C14165, ,Commercial Papers,-,-,-,-
720928,Chennai Petroleum Corporation Ltd.,CPCL18621,Chennai Petroleum Corporation Ltd,Delisted,F ,500000.00,INE178A14GT6, ,Commercial Papers,-,-,-,-
720929,Century Textiles & Industries Ltd.,CTIL18621,Century Textiles & Industries Ltd,Delisted,F ,500000.00,INE055A14IM7, ,Commercial Papers,-,-,-,-
720930,TATA STEEL LIMITED,TSL180621,TATA STEEL Ltd,Delisted,F ,500000.00,INE081A14BE5, ,Commercial Papers,-,-,-,-
720931,TATA STEEL LIMITED,TSL18621,TATA STEEL Ltd,Delisted,F ,500000.00,INE081A14BD7, ,Commercial Papers,-,-,-,-
720932,Kotak Mahindra Investments Limited,KMIL180621,Kotak Mahindra Investments Ltd,Delisted,F ,500000.00,INE975F14UZ2, ,Commercial Papers,-,-,-,-
720933,Julius Baer Capital (India) Private Limited,JBC180621,Julius Baer Capital (India) Pvt Ltd,Delisted,F ,500000.00,INE824H14ER9, ,Commercial Papers,-,-,-,-
720934,Dalmia Cement (Bharat) Limited,DCBL18JUN21,Dalmia Cement (Bharat) Ltd,Delisted,F ,500000.00,INE755K14DP5, ,Commercial Papers,-,-,-,-
720935,Bajaj Finance Limited,BFL21JUN21,Bajaj Finance Ltd,Delisted,F ,500000.00,INE296A14RR7, ,Commercial Papers,-,-,-,-
720936,Balrampur Chini Mills Ltd.,BCML180621,Balrampur Chini Mills Ltd,Delisted,F ,500000.00,INE119A14740, ,Commercial Papers,-,-,-,-
720937,Sterlite Technologies Limited.,STL210621,Sterlite Technologies Ltd,Delisted,F ,500000.00,INE089C14BC8, ,Commercial Papers,-,-,-,-
720938,TV18 Broadcast Ltd.,TV18BL21621,TV18 Broadcast Ltd,Delisted,F ,500000.00,INE886H14GI2, ,Commercial Papers,-,-,-,-
720939,Housing Development Finance Corp.Lt,HDFC210621,Housing Development Finance CorpLt,Delisted,F ,500000.00,INE001A14XP3, ,Commercial Papers,-,-,-,-
720940,Kotak Securities Limited,KSL210621,Kotak Securities Ltd,Delisted,F ,500000.00,INE028E14IL8, ,Commercial Papers,-,-,-,-
720941,Dalmia Cement (Bharat) Limited,DCB21JUN21,Dalmia Cement (Bharat) Ltd,Delisted,F ,500000.00,INE755K14DQ3, ,Commercial Papers,-,-,-,-
720942,birla Group Holdings Private Limited,BGHPL220621,birla Group Holdings Pvt Ltd,Delisted,F ,500000.00,INE09OL14698, ,Commercial Papers,-,-,-,-
720943,Kotak Mahindra Prime Limited,KMPL220621,Kotak Mahindra Prime Ltd,Delisted,F ,500000.00,INE916D14Y80, ,Commercial Papers,-,-,-,-
720944,HDFC Securities Limited,HSL22JUN21,HDFC Securities Ltd,Delisted,F ,500000.00,INE700G14686, ,Commercial Papers,-,-,-,-
720945,Kotak Securities Limited,KSL230621,Kotak Securities Ltd,Delisted,F ,500000.00,INE028E14IK0, ,Commercial Papers,-,-,-,-
720946,Bharat Heavy Electricals Ltd.,BHEL230621,Bharat Heavy Electricals Ltd,Delisted,F ,500000.00,INE257A14565, ,Commercial Papers,-,-,-,-
720947,HDFC Securities Limited,HSEC23621,HDFC Securities Ltd,Delisted,F ,500000.00,INE700G14694, ,Commercial Papers,-,-,-,-
720948,HDFC Securities Limited,HSEC230621,HDFC Securities Ltd,Delisted,F ,500000.00,INE700G14678, ,Commercial Papers,-,-,-,-
720949,CaratLane Trading Private Limited,CTPL230621,CaratLane Trading Pvt Ltd,Delisted,F ,500000.00,INE015Y14179, ,Commercial Papers,-,-,-,-
720950,Dalmia Cement (Bharat) Limited,DCL23621,Dalmia Cement (Bharat) Ltd,Delisted,F ,500000.00,INE755K14DR1, ,Commercial Papers,-,-,-,-
720951,National Fertilizers Ltd.,NFL23JUN21,National Fertilizers Ltd,Delisted,F ,500000.00,INE870D14DS1, ,Commercial Papers,-,-,-,-
720952,Reliance Retail Ventures Limited,RRVL23JUN21,Reliance Retail Ventures Ltd,Delisted,F ,500000.00,INE929O14305, ,Commercial Papers,-,-,-,-
720953,Bharat Oman Refineries Limited,BORL23JUN21,Bharat Oman Refineries Ltd,Delisted,F ,500000.00,INE322J14246, ,Commercial Papers,-,-,-,-
720954,Godrej Housing Finance Limited,GHFL230621,Godrej Housing Finance Ltd,Delisted,F ,500000.00,INE02JD14013, ,Commercial Papers,-,-,-,-
720955,Reliance Industries Ltd,RIL23JUN21,Reliance Industries Ltd,Delisted,F ,500000.00,INE002A14IE6, ,Commercial Papers,-,-,-,-
720956,NABHA POWER LIMITED,NPL23JUN21,NABHA POWER Ltd,Delisted,F ,500000.00,INE445L14BX9, ,Commercial Papers,-,-,-,-
720957,Axis Securities Limited,ASL230621,Axis Securities Ltd,Delisted,F ,500000.00,INE110O14278, ,Commercial Papers,-,-,-,-
720958,ICICI Securities Limited,ICICI230621,ICICISL-17-12-21-CP,Delisted,F ,500000.00,INE763G14KH9, ,Commercial Papers,-,-,-,-
720959,Adani Ports and Special Economic Zone Ltd,APSEZ230621,Adani Ports and Special Economic Zone Ltd,Delisted,F ,500000.00,INE742F14PI2, ,Commercial Papers,-,-,-,-
720960,Redington Limited,RL240621,Redington (India) ltd,Delisted,F ,500000.00,INE891D14VK6, ,Commercial Papers,-,-,-,-
720961,Infina Finance Private Limited,IFPL240621,Infina Finance Pvt Ltd,Delisted,F ,500000.00,INE879F14DY5, ,Commercial Papers,-,-,-,-
720962,Julius Baer Capital (India) Private Limited,JBCP24JUN21,Julius Baer Capital (India) Pvt Ltd,Delisted,F ,500000.00,INE824H14ES7, ,Commercial Papers,-,-,-,-
720963,Housing Development Finance Corp.Lt,HDFC24621,Housing Development Finance CorpLt,Delisted,F ,500000.00,INE001A14XQ1, ,Commercial Papers,-,-,-,-
720964,Axis Securities Limited,ASL24621,Axis Securities Ltd,Delisted,F ,500000.00,INE110O14286, ,Commercial Papers,-,-,-,-
720965,Reliance Industries Ltd,RIL240621,Reliance Industries Ltd,Delisted,F ,500000.00,INE002A14ID8, ,Commercial Papers,-,-,-,-
720966,Reliance Industries Ltd,RIL24621,Reliance Industries Ltd,Delisted,F ,500000.00,INE002A14IF3, ,Commercial Papers,-,-,-,-
720967,Adani Ports and Special Economic Zone Ltd,APSEZ240621,Adani Ports and Special Economic Zone Ltd,Delisted,F ,500000.00,INE742F14PK8, ,Commercial Papers,-,-,-,-
720968,Adani Ports and Special Economic Zone Ltd,APSE24JUN21,Adani Ports and Special Economic Zone Ltd,Delisted,F ,500000.00,INE742F14PJ0, ,Commercial Papers,-,-,-,-
720969,Tata Power Co. Ltd,TPCL25621,Tata Power Co Ltd,Delisted,F ,500000.00,INE245A14FA5, ,Commercial Papers,-,-,-,-
720970,APL Apollo Tubes Limited,AATL25621,APL Apollo Tubes Ltd,Delisted,F ,500000.00,INE702C14BP8, ,Commercial Papers,-,-,-,-
720971,KEC International Ltd.,KEC25621,KEC International Ltd (formerly known as KEC Infrastructures Ltd),Delisted,F ,500000.00,INE389H14GO5, ,Commercial Papers,-,-,-,-
720972,Century Textiles & Industries Ltd.,CTIL25621,Century Textiles & Industries Ltd,Delisted,F ,500000.00,INE055A14IN5, ,Commercial Papers,-,-,-,-
720973,Motilal Oswal Finvest Limited,MOFL25621,Motilal Oswal Finvest Ltd,Delisted,F ,500000.00,INE01WN14314, ,Commercial Papers,-,-,-,-
720974,Motilal Oswal Finvest Limited,MOFL250621,Motilal Oswal Finvest Ltd,Delisted,F ,500000.00,INE01WN14306, ,Commercial Papers,-,-,-,-
720975,birla Group Holdings Private Limited,BGHPL250621,birla Group Holdings Pvt Ltd,Delisted,F ,500000.00,INE09OL14706, ,Commercial Papers,-,-,-,-
720976,NLC India Limited,NLC25621,NLC India Ltd,Delisted,F ,500000.00,INE589A14330, ,Commercial Papers,-,-,-,-
720977,Infina Finance Private Limited,IFPL25621,Infina Finance Pvt Ltd,Delisted,F ,500000.00,INE879F14EB1, ,Commercial Papers,-,-,-,-
720978,Infina Finance Private Limited,IFPL250621,Infina Finance Pvt Ltd,Delisted,F ,500000.00,INE879F14DZ2, ,Commercial Papers,-,-,-,-
720979,Kotak Mahindra Prime Limited,KMPL250621,Kotak Mahindra Prime Ltd,Delisted,F ,500000.00,INE916D14Y98, ,Commercial Papers,-,-,-,-
720980,Infina Finance Private Limited,IFPL2562021,Infina Finance Pvt Ltd,Delisted,F ,500000.00,INE879F14EA3, ,Commercial Papers,-,-,-,-
720981,ICICI Securities Limited,ICICI250621,ICICI Securities Ltd,Delisted,F ,500000.00,INE763G14KI7, ,Commercial Papers,-,-,-,-
720982,JM Financial Properties and Holdings Limited,JMFPH250621,JM Financial Properties and Holdings Ltd,Delisted,F ,500000.00,INE525R14643, ,Commercial Papers,-,-,-,-
720983,STANDARD CHARTERED CAPITAL LIMITED,SCIL250621,STANDARD CHARTERED INVESTMENTS AND LOANS (INDIA) Ltd,Delisted,F ,500000.00,INE403G14OH4, ,Commercial Papers,-,-,-,-
720984,Redington Limited,RL250621,Redington (India) ltd,Delisted,F ,500000.00,INE891D14VL4, ,Commercial Papers,-,-,-,-
720985,Kotak Mahindra Investments Limited,KMIL25621,Kotak Mahindra Investments Ltd,Delisted,F ,500000.00,INE975F14VC9, ,Commercial Papers,-,-,-,-
720986,Kotak Mahindra Investments Limited,KMIL250621,Kotak Mahindra Investments Ltd,Delisted,F ,500000.00,INE975F14VD7, ,Commercial Papers,-,-,-,-
720987,Adani Ports and Special Economic Zone Ltd,APSEZ250621,Adani Ports and Special Economic Zone Ltd,Delisted,F ,500000.00,INE742F14PL6, ,Commercial Papers,-,-,-,-
720988,Kotak Mahindra Investments Limited,KMIL2506021,Kotak Mahindra Investments Ltd,Delisted,F ,500000.00,INE975F14VB1, ,Commercial Papers,-,-,-,-
720989,Kotak Mahindra Investments Limited,KMIL28JUN21,Kotak Mahindra Investments Ltd,Delisted,F ,500000.00,INE975F14VA3, ,Commercial Papers,-,-,-,-
720990,Adani Ports and Special Economic Zone Ltd,APSE280621,Adani Ports and Special Economic Zone Ltd,Delisted,F ,500000.00,INE742F14PM4, ,Commercial Papers,-,-,-,-
720991,Kotak Securities Limited,KSL28062021,Kotak Securities Ltd,Delisted,F ,500000.00,INE028E14IM6, ,Commercial Papers,-,-,-,-
720992,Tata Power Co. Ltd,TPCL280621,Tata Power Co Ltd,Delisted,F ,500000.00,INE245A14FB3, ,Commercial Papers,-,-,-,-
720993,MUTHOOT FINANCE LIMITED,MFL280621,MUTHOOT FINANCE Ltd,Delisted,F ,500000.00,INE414G14RO0, ,Commercial Papers,-,-,-,-
720994,Bharat Heavy Electricals Ltd.,BHEL280621,Bharat Heavy Electricals Ltd,Delisted,F ,500000.00,INE257A14573, ,Commercial Papers,-,-,-,-
720995,Kotak Mahindra Prime Limited,KMPL280621,Kotak Mahindra Prime Ltd,Delisted,F ,500000.00,INE916D14Z06, ,Commercial Papers,-,-,-,-
720996,KEC International Ltd.,KECIL28621,KEC International Ltd (formerly known as KEC Infrastructures Ltd),Delisted,F ,500000.00,INE389H14GN7, ,Commercial Papers,-,-,-,-
720997,HDFC Credila Financial Services Ltd,HDFCC280621,HDFC Credila Financial Services Ltd,Delisted,F ,500000.00,INE539K14AL8, ,Commercial Papers,-,-,-,-
720998,Infina Finance Private Limited,IFPL28JUN21,Infina Finance Pvt Ltd,Delisted,F ,500000.00,INE879F14EC9, ,Commercial Papers,-,-,-,-
720999,Ramco Industries Ltd,RIL28JUN21,Ramco Industries Ltd,Delisted,F ,500000.00,INE614A14286, ,Commercial Papers,-,-,-,-
721000,HDFC Securities Limited,HSL28JUN21,HDFC Securities Ltd,Delisted,F ,500000.00,INE700G14702, ,Commercial Papers,-,-,-,-
721001,Bajaj Financial Securities Limited,BFSL280621,Bajaj Financial Securities Ltd,Delisted,F ,500000.00,INE01C314072, ,Commercial Papers,-,-,-,-
721002,Julius Baer Capital (India) Private Limited,JBCP28JUN21,Julius Baer Capital (India) Pvt Ltd,Delisted,F ,500000.00,INE824H14ET5, ,Commercial Papers,-,-,-,-
721003,APL Apollo Tubes Limited,APLAT290621,APL Apollo Tubes Ltd,Delisted,F ,500000.00,INE702C14BQ6, ,Commercial Papers,-,-,-,-
721004,APL Apollo Tubes Limited,APLA290621,APL Apollo Tubes Ltd,Delisted,F ,500000.00,INE702C14BR4, ,Commercial Papers,-,-,-,-
721005,Bharat Heavy Electricals Ltd.,BHEL29621,Bharat Heavy Electricals Ltd,Delisted,F ,500000.00,INE257A14581, ,Commercial Papers,-,-,-,-
721006,KEC International Ltd.,KEC290621,KEC International Ltd (formerly known as KEC Infrastructures Ltd),Delisted,F ,500000.00,INE389H14GM9, ,Commercial Papers,-,-,-,-
721007,MUTHOOT FINANCE LIMITED,MFL29JUN21,MUTHOOT FINANCE Ltd,Delisted,F ,500000.00,INE414G14RN2, ,Commercial Papers,-,-,-,-
721008,ICICI Securities Limited,ISEC29JUN21,ICICI Securities Ltd,Delisted,F ,500000.00,INE763G14KJ5, ,Commercial Papers,-,-,-,-
721009,ICICI Securities Limited,ISL29JUN21A,ICICI Securities Ltd,Delisted,F ,500000.00,INE763G14KK3, ,Commercial Papers,-,-,-,-
721010,Julius Baer Capital (India) Private Limited,JBCPL290621,Julius Baer Capital (India) Pvt Ltd,Delisted,F ,500000.00,INE824H14EU3, ,Commercial Papers,-,-,-,-
721011,birla Group Holdings Private Limited,BGHP29JUN21,birla Group Holdings Pvt Ltd,Delisted,F ,500000.00,INE09OL14714, ,Commercial Papers,-,-,-,-
721012,Siyaram Silk Mills Ltd.,SSSML290621,Siyaram Silk Mills Ltd,Delisted,F ,500000.00,INE076B14534, ,Commercial Papers,-,-,-,-
721013,Adani Ports and Special Economic Zone Ltd,APS28JUN21,Adani Ports and Special Economic Zone Ltd,Delisted,F ,500000.00,INE742F14PN2, ,Commercial Papers,-,-,-,-
721014,ICICI HOME FINANCE COMPANY LIMITED,IHFCL29621,ICICI HOME FINANCE COMPANY Ltd,Delisted,F ,500000.00,INE071G14DJ8, ,Commercial Papers,-,-,-,-
721015,ICICI HOME FINANCE COMPANY LIMITED,ICICI290621,ICICI HOME FINANCE COMPANY Ltd,Delisted,F ,500000.00,INE071G14DK6, ,Commercial Papers,-,-,-,-
721016,MUTHOOT FINANCE LIMITED,MFL300621,MUTHOOT FINANCE Ltd,Delisted,F ,500000.00,INE414G14RP7, ,Commercial Papers,-,-,-,-
721017,Jindal Saw Ltd.,JSL30621,Jindal Saw Ltd,Delisted,F ,500000.00,INE324A14878, ,Commercial Papers,-,-,-,-
721018,Adani Ports and Special Economic Zone Ltd,APSEZ29621,Adani Ports and Special Economic Zone Ltd,Delisted,F ,500000.00,INE742F14PO0, ,Commercial Papers,-,-,-,-
721019,Julius Baer Capital (India) Private Limited,JBC30JUN21,Julius Baer Capital (India) Pvt Ltd,Delisted,F ,500000.00,INE824H14EV1, ,Commercial Papers,-,-,-,-
721020,Chennai Petroleum Corporation Ltd.,CPCL30JUN21,Chennai Petroleum Corporation Ltd,Delisted,F ,500000.00,INE178A14GU4, ,Commercial Papers,-,-,-,-
721021,Oil And Natural Gas Corporation Ltd,ONGC1721,Oil And Natural Gas Corporation Ltd,Delisted,F ,500000.00,INE213A14345, ,Commercial Papers,-,-,-,-
721022,Can Fin Homes Ltd.,CFH1JUL21,Can Fin Homes Ltd,Delisted,F ,500000.00,INE477A14BK2, ,Commercial Papers,-,-,-,-
721023,Bajaj Finance Limited,BFL2721,Bajaj Finance Ltd,Delisted,F ,500000.00,INE296A14RS5, ,Commercial Papers,-,-,-,-
721024,Sharekhan Limited,SL5721,Sharekhan Ltd,Delisted,F ,500000.00,INE211H14104, ,Commercial Papers,-,-,-,-
721025,TATA STEEL LIMITED,TSL5721,TATA STEEL Ltd,Delisted,F ,500000.00,INE081A14BF2, ,Commercial Papers,-,-,-,-
721026,Bharat Oman Refineries Limited,BORL5721,Bharat Oman Refineries Ltd,Delisted,F ,500000.00,INE322J14253, ,Commercial Papers,-,-,-,-
721027,KALPATARU PROJECTS INTERNATIONAL LIMITED,KPTL5721,Kalpataru Power Transmission Ltd,Delisted,F ,500000.00,INE220B14AX9, ,Commercial Papers,-,-,-,-
721028,Reliance Industries Ltd,RIL5721,Reliance Industries Ltd,Delisted,F ,500000.00,INE002A14II7, ,Commercial Papers,-,-,-,-
721029,Reliance Industries Ltd,RIL05721,Reliance Industries Ltd,Delisted,F ,500000.00,INE002A14IH9, ,Commercial Papers,-,-,-,-
721030,Oil And Natural Gas Corporation Ltd,ONGC6721,Oil And Natural Gas Corporation Ltd,Delisted,F ,500000.00,INE213A14352, ,Commercial Papers,-,-,-,-
721031,SEIL Energy India Limited,SEIL6721,Sembcorp Energy India Ltd,Delisted,F ,500000.00,INE460M14156, ,Commercial Papers,-,-,-,-
721032,Kotak Mahindra Prime Limited,KMPL6721,Kotak Mahindra Prime Ltd,Delisted,F ,500000.00,INE916D14Z14, ,Commercial Papers,-,-,-,-
721033,The Ramco Cements Limited,RCL6721,The Ramco Cements Ltd,Delisted,F ,500000.00,INE331A14LB9, ,Commercial Papers,-,-,-,-
721034,The Ramco Cements Limited,RCL06721,The Ramco Cements Ltd,Delisted,F ,500000.00,INE331A14LC7, ,Commercial Papers,-,-,-,-
721035,Reliance Industries Ltd,RIL6721,Reliance Industries Ltd,Delisted,F ,500000.00,INE002A14IG1, ,Commercial Papers,-,-,-,-
721036,Reliance Industries Ltd,RIL06721,Reliance Industries Ltd,Delisted,F ,500000.00,INE002A14IJ5, ,Commercial Papers,-,-,-,-
721037,National Fertilizers Ltd.,NFL6721,National Fertilizers Ltd,Delisted,F ,500000.00,INE870D14DT9, ,Commercial Papers,-,-,-,-
721038,360 ONE Prime Limited,IIFLWP6721,IIFL Wealth Prime Ltd,Delisted,F ,500000.00,INE248U14JB7, ,Commercial Papers,-,-,-,-
721039,NLC Tamilnadu Power Limited,NLCTP070721,NLC Tamilnadu Power Ltd,Delisted,F ,500000.00,INE05C614105, ,Commercial Papers,-,-,-,-
721040,Bharat Heavy Electricals Ltd.,BHEL070721,Bharat Heavy Electricals Ltd,Delisted,F ,500000.00,INE257A14599, ,Commercial Papers,-,-,-,-
721041,Kotak Mahindra Investments Limited,KMIL070721,Kotak Mahindra Investments Ltd,Delisted,F ,500000.00,INE975F14VE5, ,Commercial Papers,-,-,-,-
721042,360 ONE Prime Limited,IIFLWP7721,IIFL Wealth Prime Ltd,Delisted,F ,500000.00,INE248U14JC5, ,Commercial Papers,-,-,-,-
721043,360 ONE WAM LIMITED,IIFLWL7721,IIFL Wealth Management Ltd,Delisted,F ,500000.00,INE466L14932, ,Commercial Papers,-,-,-,-
721044,GIC Housing Finance Ltd.,GIC8JUL21,GIC Housing Finance Ltd,Delisted,F ,500000.00,INE289B14HM2, ,Commercial Papers,-,-,-,-
721045,Kotak Mahindra Investments Limited,KMIL8721,Kotak Mahindra Investments Ltd,Delisted,F ,500000.00,INE975F14VF2, ,Commercial Papers,-,-,-,-
721046,Bajaj Finance Limited,BFL090721,Bajaj Finance Ltd,Delisted,F ,500000.00,INE296A14RT3, ,Commercial Papers,-,-,-,-
721047,SEIL Energy India Limited,SEIL090721,Sembcorp Energy India Ltd,Delisted,F ,500000.00,INE460M14164, ,Commercial Papers,-,-,-,-
721048,360 ONE WAM LIMITED,IWML090721,IIFL Wealth Management Ltd,Delisted,F ,500000.00,INE466L14940, ,Commercial Papers,-,-,-,-
721049,JM Financial Properties and Holdings Limited,JMFPL090721,JM Financial Properties and Holdings Ltd,Delisted,F ,500000.00,INE525R14650, ,Commercial Papers,-,-,-,-
721050,BOBCARD LIMITED,BFSL9JUL21,BOB Financial Solutions Ltd,Delisted,F ,500000.00,INE027214134, ,Commercial Papers,-,-,-,-
721051,Motilal Oswal Finvest Limited,MOFL090721,Motilal Oswal Finvest Ltd,Delisted,F ,500000.00,INE01WN14322, ,Commercial Papers,-,-,-,-
721052,Nuvama Wealth Finance Limited,EFIL9JUL21,Edelweiss Finance & Investments Ltd,Delisted,F ,500000.00,INE918K14546, ,Commercial Papers,-,-,-,-
721053,Sharekhan BNP Paribas Financial Services Limited,SBPFS090721,Sharekhan BNP Paribas Financial Services Ltd,Delisted,F ,500000.00,INE550X14599, ,Commercial Papers,-,-,-,-
721054,Infina Finance Private Limited,IFPL090721,Infina Finance Pvt Ltd,Delisted,F ,500000.00,INE879F14ED7, ,Commercial Papers,-,-,-,-
721055,ECL Finance Limited,ECL9JUL21,ECL Finance Ltd,Delisted,F ,500000.00,INE804I14UO2, ,Commercial Papers,-,-,-,-
721056,Vardhman Special Steels Ltd,VSSL090721,Vardhman Special Steels Ltd,Delisted,F ,500000.00,INE050M14783, ,Commercial Papers,-,-,-,-
721057,360 ONE Prime Limited,IIFL090721,IIFL Wealth Prime Ltd,Delisted,F ,500000.00,INE248U14JD3, ,Commercial Papers,-,-,-,-
721058,Kotak Mahindra Prime Limited,KMPL090721,Kotak Mahindra Prime Ltd,Delisted,F ,500000.00,INE916D14Z22, ,Commercial Papers,-,-,-,-
721059,Adani Enterprises Ltd.,AEL8721,Adani Enterprises Ltd,Delisted,F ,500000.00,INE423A14MZ1, ,Commercial Papers,-,-,-,-
721060,Infina Finance Private Limited,IFPL12721,Infina Finance Pvt Ltd,Delisted,F ,500000.00,INE879F14EE5, ,Commercial Papers,-,-,-,-
721061,Bajaj Finance Limited,BFL12721,Bajaj Finance Ltd,Delisted,F ,500000.00,INE296A14RU1, ,Commercial Papers,-,-,-,-
721062,Julius Baer Capital (India) Private Limited,JBC120721,Julius Baer Capital (India) Pvt Ltd,Delisted,F ,500000.00,INE824H14EW9, ,Commercial Papers,-,-,-,-
721063,Bharat Heavy Electricals Ltd.,BHEL130721,Bharat Heavy Electricals Ltd,Delisted,F ,500000.00,INE257A14607, ,Commercial Papers,-,-,-,-
721064,STANDARD CHARTERED CAPITAL LIMITED,SCIL130721,STANDARD CHARTERED INVESTMENTS AND LOANS (INDIA) Ltd,Delisted,F ,500000.00,INE403G14OI2, ,Commercial Papers,-,-,-,-
721065,Time Technoplast Limited,TTL130721,Time Technoplast Ltd,Delisted,F ,500000.00,INE508G14AZ1, ,Commercial Papers,-,-,-,-
721066,Julius Baer Capital (India) Private Limited,JBC140721,Julius Baer Capital (India) Pvt Ltd,Delisted,F ,500000.00,INE824H14EX7, ,Commercial Papers,-,-,-,-
721067,Sharekhan Limited,SL140721,Sharekhan Ltd,Delisted,F ,500000.00,INE211H14112, ,Commercial Papers,-,-,-,-
721068,Kotak Mahindra Investments Limited,KMIL14721,Kotak Mahindra Investments Ltd,Delisted,F ,500000.00,INE975F14VG0, ,Commercial Papers,-,-,-,-
721069,Sharekhan BNP Paribas Financial Services Limited,SBNPF15721,Sharekhan BNP Paribas Financial Services Ltd,Delisted,F ,500000.00,INE550X14607, ,Commercial Papers,-,-,-,-
721070,Mangalore Refinery & Petrochemicals,MRPL150721,Mangalore Refinery & Petrochemicals,Delisted,F ,500000.00,INE103A14355, ,Commercial Papers,-,-,-,-
721071,Vardhman Special Steels Ltd,VSSL15JUL21,Vardhman Special Steels Ltd,Delisted,F ,500000.00,INE050M14791, ,Commercial Papers,-,-,-,-
721072,Bharat Heavy Electricals Ltd.,BHEL150721,Bharat Heavy Electricals Ltd,Delisted,F ,500000.00,INE257A14615, ,Commercial Papers,-,-,-,-
721073,Kotak Securities Limited,KSL150721,Kotak Securities Ltd,Delisted,F ,500000.00,INE028E14IN4, ,Commercial Papers,-,-,-,-
721074,National Fertilizers Ltd.,NFL150721,National Fertilizers Ltd,Delisted,F ,500000.00,INE870D14DU7, ,Commercial Papers,-,-,-,-
721075,ICICI HOME FINANCE COMPANY LIMITED,ICICI150721,ICICI HOME FINANCE COMPANY Ltd,Delisted,F ,500000.00,INE071G14DL4, ,Commercial Papers,-,-,-,-
721076,Kotak Mahindra Investments Limited,KMIL150721,Kotak Mahindra Investments Ltd,Delisted,F ,500000.00,INE975F14VH8, ,Commercial Papers,-,-,-,-
721077,Kotak Mahindra Investments Limited,KMIL15721,Kotak Mahindra Investments Ltd,Delisted,F ,500000.00,INE975F14VI6, ,Commercial Papers,-,-,-,-
721078,Reliance Jio Infocomm Limited,RJIL15JUL21,Reliance Jio Infocomm Ltd,Delisted,F ,500000.00,INE110L14PN0, ,Commercial Papers,-,-,-,-
721079,Sharekhan BNP Paribas Financial Services Limited,SBPFS16721,Sharekhan BNP Paribas Financial Services Ltd,Delisted,F ,500000.00,INE550X14615, ,Commercial Papers,-,-,-,-
721080,MUTHOOT FINANCE LIMITED,MFL16721,MUTHOOT FINANCE Ltd,Delisted,F ,500000.00,INE414G14RR3, ,Commercial Papers,-,-,-,-
721081,Century Textiles & Industries Ltd.,CTIL16721,Century Textiles & Industries Ltd,Delisted,F ,500000.00,INE055A14IO3, ,Commercial Papers,-,-,-,-
721082,Bajaj Finance Limited,BFL160721,Bajaj Finance Ltd,Delisted,F ,500000.00,INE296A14RV9, ,Commercial Papers,-,-,-,-
721083,Kotak Mahindra Prime Limited,KMPL16721,Kotak Mahindra Prime Ltd,Delisted,F ,500000.00,INE916D14Z30, ,Commercial Papers,-,-,-,-
721084,birla Group Holdings Private Limited,BGHP160721,birla Group Holdings Pvt Ltd,Delisted,F ,500000.00,INE09OL14722, ,Commercial Papers,-,-,-,-
721085,Infina Finance Private Limited,IFPL16721,Infina Finance Pvt Ltd,Delisted,F ,500000.00,INE879F14EF2, ,Commercial Papers,-,-,-,-
721086,Infina Finance Private Limited,IFPL160721,Infina Finance Pvt Ltd,Delisted,F ,500000.00,INE879F14EG0, ,Commercial Papers,-,-,-,-
721087,Axis Finance Limited,AFL16721,Axis Finance Ltd,Delisted,F ,500000.00,INE891K14KU3, ,Commercial Papers,-,-,-,-
721088,Bajaj Housing Finance Limited,BHFL16721,Bajaj Housing Finance Ltd,Delisted,F ,500000.00,INE377Y14850, ,Commercial Papers,-,-,-,-
721089,Reliance Industries Ltd,RIL16721,Reliance Industries Ltd,Delisted,F ,500000.00,INE002A14IK3, ,Commercial Papers,-,-,-,-
721090,Reliance Industries Ltd,RIL16072021,Reliance Industries Ltd,Delisted,F ,500000.00,INE002A14IM9, ,Commercial Papers,-,-,-,-
721091,Reliance Industries Ltd,RIL160720,Reliance Industries Ltd,Delisted,F ,500000.00,INE002A14IN7, ,Commercial Papers,-,-,-,-
721092,360 ONE Prime Limited,IWPL16721,IIFL Wealth Prime Ltd,Delisted,F ,500000.00,INE248U14JE1, ,Commercial Papers,-,-,-,-
721093,Bharat Oman Refineries Limited,BORL16721,Bharat Oman Refineries Ltd,Delisted,F ,500000.00,INE322J14261, ,Commercial Papers,-,-,-,-
721094,ECL Finance Limited,ECLFL16721,ECL Finance Ltd,Delisted,F ,500000.00,INE804I14UP9, ,Commercial Papers,-,-,-,-
721095,ICICI Securities Limited,ISEC16JUL21,ICICI Securities Ltd,Delisted,F ,500000.00,INE763G14KL1, ,Commercial Papers,-,-,-,-
721096,Sharekhan BNP Paribas Financial Services Limited,SBPF19721,Sharekhan BNP Paribas Financial Services Ltd,Delisted,F ,500000.00,INE550X14623, ,Commercial Papers,-,-,-,-
721097,MUTHOOT FINANCE LIMITED,MFL190721,MUTHOOT FINANCE Ltd,Delisted,F ,500000.00,INE414G14RQ5, ,Commercial Papers,-,-,-,-
721098,360 ONE WAM LIMITED,IWML16JUL21,IIFL Wealth Management Ltd,Delisted,F ,500000.00,INE466L14957, ,Commercial Papers,-,-,-,-
721099,JM Financial Properties and Holdings Limited,JMFPL19721,JM Financial Properties and Holdings Ltd,Delisted,F ,500000.00,INE525R14668, ,Commercial Papers,-,-,-,-
721100,Nuvama Wealth Finance Limited,EFIL19JUL21,Edelweiss Finance & Investments Ltd,Delisted,F ,500000.00,INE918K14561, ,Commercial Papers,-,-,-,-
721101,TV18 Broadcast Ltd.,TV1819JUL21,TV18 Broadcast Ltd,Delisted,F ,500000.00,INE886H14GJ0, ,Commercial Papers,-,-,-,-
721102,Reliance Jio Infocomm Limited,RJIL19JUL21,Reliance Jio Infocomm Ltd,Delisted,F ,500000.00,INE110L14PM2, ,Commercial Papers,-,-,-,-
721103,Reliance Industries Ltd,RIL19JUL21,Reliance Industries Ltd,Delisted,F ,500000.00,INE002A14IL1, ,Commercial Papers,-,-,-,-
721104,Infina Finance Private Limited,IFPL190721,Infina Finance Pvt Ltd,Delisted,F ,500000.00,INE879F14EH8, ,Commercial Papers,-,-,-,-
721105,Bajaj Housing Finance Limited,BHFL190721,Bajaj Housing Finance Ltd,Delisted,F ,500000.00,INE377Y14876, ,Commercial Papers,-,-,-,-
721106,KEC International Ltd.,KECIL190721,KEC International Ltd,Delisted,F ,500000.00,INE389H14GR8, ,Commercial Papers,-,-,-,-
721107,KEC International Ltd.,KECI190721,KEC International Ltd,Delisted,F ,500000.00,INE389H14GT4, ,Commercial Papers,-,-,-,-
721108,The Ramco Cements Limited,TRCL19JUL21,The Ramco Cements Ltd,Delisted,F ,500000.00,INE331A14LD5, ,Commercial Papers,-,-,-,-
721109,KEC International Ltd.,KEC190721,KEC International Ltd,Delisted,F ,500000.00,INE389H14GS6, ,Commercial Papers,-,-,-,-
721110,360 ONE Prime Limited,IIFL190721,IIFL Wealth Prime Ltd,Delisted,F ,500000.00,INE248U14JF8, ,Commercial Papers,-,-,-,-
721111,360 ONE WAM LIMITED,IIFLW19721,IIFL Wealth Management Ltd,Delisted,F ,500000.00,INE466L14965, ,Commercial Papers,-,-,-,-
721112,Adani Enterprises Ltd.,AEL190721,Adani Enterprises Ltd,Delisted,F ,500000.00,INE423A14NC8, ,Commercial Papers,-,-,-,-
721113,Sharekhan Limited,SKL200721,Sharekhan Ltd,Delisted,F ,500000.00,INE211H14120, ,Commercial Papers,-,-,-,-
721114,Kotak Mahindra Prime Limited,KMPL20721,Kotak Mahindra Prime Ltd,Delisted,F ,500000.00,INE916D14Z48, ,Commercial Papers,-,-,-,-
721115,Infina Finance Private Limited,IFPL20721,Infina Finance Pvt Ltd,Delisted,F ,500000.00,INE879F14EI6, ,Commercial Papers,-,-,-,-
721116,Bajaj Finance Limited,BFL200721,Bajaj Finance Ltd,Delisted,F ,500000.00,INE296A14RW7, ,Commercial Papers,-,-,-,-
721117,Bajaj Housing Finance Limited,BHFL200721,Bajaj Housing Finance Ltd,Delisted,F ,500000.00,INE377Y14868, ,Commercial Papers,-,-,-,-
721118,Motilal Oswal Finvest Limited,MOFL190721,Motilal Oswal Finvest Ltd,Delisted,F ,500000.00,INE01WN14330, ,Commercial Papers,-,-,-,-
721119,Motilal Oswal Finvest Limited,MOFL200721,Motilal Oswal Finvest Ltd,Delisted,F ,500000.00,INE01WN14348, ,Commercial Papers,-,-,-,-
721120,Sharekhan BNP Paribas Financial Services Limited,SBPF20JUL21,Sharekhan BNP Paribas Financial Services Ltd,Delisted,F ,500000.00,INE550X14649, ,Commercial Papers,-,-,-,-
721121,Kotak Mahindra Investments Limited,KMIL20721,Kotak Mahindra Investments Ltd,Delisted,F ,500000.00,INE975F14VJ4, ,Commercial Papers,-,-,-,-
721122,Axis Securities Limited,ASL200721,Axis Securities Ltd,Delisted,F ,500000.00,INE110O14294, ,Commercial Papers,-,-,-,-
721123,Bajaj Finance Limited,BFL220721,Bajaj Finance Ltd,Delisted,F ,500000.00,INE296A14RX5, ,Commercial Papers,-,-,-,-
721124,Avanse Financial Services Limited,AFSL220721,Avanse Financial Services Ltd,Delisted,F ,500000.00,INE087P14606, ,Commercial Papers,-,-,-,-
721125,Infina Finance Private Limited,IFPL220721,Infina Finance Pvt Ltd,Delisted,F ,500000.00,INE879F14EJ4, ,Commercial Papers,-,-,-,-
721126,Sharekhan BNP Paribas Financial Services Limited,SBNP220721,Sharekhan BNP Paribas Financial Services Ltd,Delisted,F ,500000.00,INE550X14631, ,Commercial Papers,-,-,-,-
721127,Northern Arc Capital Ltd.,NAC220721,Northern Arc Capital Ltd,Delisted,F ,500000.00,INE850M14AD2, ,Commercial Papers,-,-,-,-
721128,JM Financial Properties and Holdings Limited,JMPHL22721,JM Financial Properties and Holdings Ltd,Delisted,F ,500000.00,INE525R14676, ,Commercial Papers,-,-,-,-
721129,Kotak Securities Limited,KSL23721,Kotak Securities Ltd,Delisted,F ,500000.00,INE028E14IO2, ,Commercial Papers,-,-,-,-
721130,Bajaj Financial Securities Limited,BFSL23721,Bajaj Financial Securities Ltd,Delisted,F ,500000.00,INE01C314080, ,Commercial Papers,-,-,-,-
721131,KEC International Ltd.,KEC230721,KEC International Ltd,Delisted,F ,500000.00,INE389H14GQ0, ,Commercial Papers,-,-,-,-
721132,KEC International Ltd.,KEC23721,KEC International Ltd,Delisted,F ,500000.00,INE389H14GP2, ,Commercial Papers,-,-,-,-
721133,Bharat Oman Refineries Limited,BORL230721,Bharat Oman Refineries Ltd,Delisted,F ,500000.00,INE322J14279, ,Commercial Papers,-,-,-,-
721134,Reliance Jio Infocomm Limited,RJIL230721,Reliance Jio Infocomm Ltd,Delisted,F ,500000.00,INE110L14PO8, ,Commercial Papers,-,-,-,-
721135,Kotak Mahindra Investments Limited,KMIL230721,Kotak Mahindra Investments Ltd,Delisted,F ,500000.00,INE975F14VK2, ,Commercial Papers,-,-,-,-
721136,National Bank for Agriculture and Rural Development,NABAR23721,National Bank for Agriculture and Rural Development,Delisted,F ,500000.00,INE261F14IB3, ,Commercial Papers,-,-,-,-
721137,SIKKA PORTS & TERMINALS LTD,SPTL260721,SIKKA PORTS & TERMINALS LTD,Delisted,F ,500000.00,INE941D14105, ,Commercial Papers,-,-,-,-
721138,HDFC Securities Limited,HDFCS26721,HDFC Securities Ltd,Delisted,F ,500000.00,INE700G14710, ,Commercial Papers,-,-,-,-
721139,Shree Cements Ltd.,SCL260721,Shree Cements Ltd,Delisted,F ,500000.00,INE070A14497, ,Commercial Papers,-,-,-,-
721140,Bajaj Financial Securities Limited,BFSSL26721,Bajaj Financial Securities Ltd,Delisted,F ,500000.00,INE01C314098, ,Commercial Papers,-,-,-,-
721141,Bajaj Financial Securities Limited,BFSL26721,Bajaj Financial Securities Ltd,Delisted,F ,500000.00,INE01C314106, ,Commercial Papers,-,-,-,-
721142,Vardhman Special Steels Ltd,VSSL26721,Vardhman Special Steels Ltd,Delisted,F ,500000.00,INE050M14809, ,Commercial Papers,-,-,-,-
721143,ARKA FINCAP LIMITED,AFL26721,ARKA FINCAP Ltd,Delisted,F ,500000.00,INE03W114062, ,Commercial Papers,-,-,-,-
721144,Larsen & Toubro Limited,LTL27721,Larsen & Toubro Ltd,Delisted,F ,500000.00,INE018A14IG7, ,Commercial Papers,-,-,-,-
721145,Kotak Mahindra Investments Limited,KMIL2772021,Kotak Mahindra Investments Ltd,Delisted,F ,500000.00,INE975F14VL0, ,Commercial Papers,-,-,-,-
721146,BEML Ltd,BEML27721,BEML Ltd,Delisted,F ,500000.00,INE258A14050, ,Commercial Papers,-,-,-,-
721147,Bajaj Finance Limited,BFL27721,Bajaj Finance Ltd,Delisted,F ,500000.00,INE296A14RY3, ,Commercial Papers,-,-,-,-
721148,Reliance Industries Ltd,RIL27721,Reliance Industries Ltd,Delisted,F ,500000.00,INE002A14IP2, ,Commercial Papers,-,-,-,-
721149,Bharat Oman Refineries Limited,BORL27721,Bharat Oman Refineries Ltd,Delisted,F ,500000.00,INE322J14287, ,Commercial Papers,-,-,-,-
721150,Reliance Industries Ltd,RIL270721,Reliance Industries Ltd,Delisted,F ,500000.00,INE002A14IO5, ,Commercial Papers,-,-,-,-
721151,Reliance Industries Ltd,RIL2772021,Reliance Industries Ltd,Delisted,F ,500000.00,INE002A14IQ0, ,Commercial Papers,-,-,-,-
721152,MUTHOOT FINANCE LIMITED,MFL28721,MUTHOOT FINANCE Ltd,Delisted,F ,500000.00,INE414G14RT9, ,Commercial Papers,-,-,-,-
721153,Julius Baer Capital (India) Private Limited,JBCPL280721,Julius Baer Capital (India) Pvt Ltd,Delisted,F ,500000.00,INE824H14EY5, ,Commercial Papers,-,-,-,-
721154,birla Group Holdings Private Limited,BGHFL28721,birla Group Holdings Pvt Ltd,Delisted,F ,500000.00,INE09OL14730, ,Commercial Papers,-,-,-,-
721155,ICICI Securities Primary Dealership Limited,ISPDL28721,ICICI Securities Primary Dealership Ltd,Delisted,F ,500000.00,INE849D14GT6, ,Commercial Papers,-,-,-,-
721156,APL Apollo Tubes Limited,APL28721,APL Apollo Tubes Ltd,Delisted,F ,500000.00,INE702C14BS2, ,Commercial Papers,-,-,-,-
721157,ARKA FINCAP LIMITED,ARFL27721,ARKA FINCAP Ltd,Delisted,F ,500000.00,INE03W114070, ,Commercial Papers,-,-,-,-
721158,Bajaj Housing Finance Limited,BHFL28721,Bajaj Housing Finance Ltd,Delisted,F ,500000.00,INE377Y14884, ,Commercial Papers,-,-,-,-
721159,Infina Finance Private Limited,IFPL29721,Infina Finance Pvt Ltd,Delisted,F ,500000.00,INE879F14EL0, ,Commercial Papers,-,-,-,-
721160,Axis Finance Limited,AFL290721,Axis Finance Ltd,Delisted,F ,500000.00,INE891K14KV1, ,Commercial Papers,-,-,-,-
721161,TV18 Broadcast Ltd.,TVBL290721,TV18 Broadcast Ltd,Delisted,F ,500000.00,INE886H14GL6, ,Commercial Papers,-,-,-,-
721162,Infina Finance Private Limited,IFPL29721A,Infina Finance Pvt Ltd,Delisted,F ,500000.00,INE879F14EK2, ,Commercial Papers,-,-,-,-
721163,ICICI Securities Limited,ICICI29721,ICICI Securities Ltd,Delisted,F ,500000.00,INE763G14KN7, ,Commercial Papers,-,-,-,-
721164,ICICI Securities Limited,ICICI29721A,ICICI Securities Ltd,Delisted,F ,500000.00,INE763G14KM9, ,Commercial Papers,-,-,-,-
721165,MUTHOOT FINANCE LIMITED,MFL290721,MUTHOOT FINANCE Ltd,Delisted,F ,500000.00,INE414G14RU7, ,Commercial Papers,-,-,-,-
721166,birla Group Holdings Private Limited,BGHPL29721,birla Group Holdings Pvt Ltd,Delisted,F ,500000.00,INE09OL14748, ,Commercial Papers,-,-,-,-
721167,Daimler Financial Services India Private Limited,DFSIPL29721,Daimler Financial Services India Pvt Ltd,Delisted,F ,500000.00,INE094O14CL2, ,Commercial Papers,-,-,-,-
721168,Daimler Financial Services India Private Limited,DFSPL29721,Daimler Financial Services India Pvt Ltd,Delisted,F ,500000.00,INE094O14CK4, ,Commercial Papers,-,-,-,-
721169,Daimler Financial Services India Private Limited,DFSP290721,Daimler Financial Services India Pvt Ltd,Delisted,F ,500000.00,INE094O14CM0, ,Commercial Papers,-,-,-,-
721170,Kotak Mahindra Investments Limited,KMIL29721,Kotak Mahindra Investments Ltd,Delisted,F ,500000.00,INE975F14VM8, ,Commercial Papers,-,-,-,-
721171,Motilal Oswal Financial Services Limited,MOFSL29721,Motilal Oswal Financial Services Ltd,Delisted,F ,500000.00,INE338I14CL5, ,Commercial Papers,-,-,-,-
721172,The Ramco Cements Limited,RCL29721,The Ramco Cements Ltd,Delisted,F ,500000.00,INE331A14LE3, ,Commercial Papers,-,-,-,-
721173,ARKA FINCAP LIMITED,AFL29721,ARKA FINCAP Ltd,Delisted,F ,500000.00,INE03W114088, ,Commercial Papers,-,-,-,-
721174,NABHA POWER LIMITED,NPL290721,NABHA POWER Ltd,Delisted,F ,500000.00,INE445L14BY7, ,Commercial Papers,-,-,-,-
721175,HDFC Credila Financial Services Ltd,HCFSL29721,HDFC Credila Financial Services Ltd,Delisted,F ,500000.00,INE539K14AM6, ,Commercial Papers,-,-,-,-
721176,Motilal Oswal Finvest Limited,MOFL290721,Motilal Oswal Finvest Ltd,Delisted,F ,500000.00,INE01WN14355, ,Commercial Papers,-,-,-,-
721177,Kotak Mahindra Prime Limited,KMIL30721,Kotak Mahindra Prime Ltd,Delisted,F ,500000.00,INE916D14Z55, ,Commercial Papers,-,-,-,-
721178,Kotak Securities Limited,KSL30721,Kotak Securities Ltd,Delisted,F ,500000.00,INE028E14IP9, ,Commercial Papers,-,-,-,-
721179,Infina Finance Private Limited,IFPL30721,Infina Finance Pvt Ltd,Delisted,F ,500000.00,INE879F14EM8, ,Commercial Papers,-,-,-,-
721180,MUTHOOT FINANCE LIMITED,MFL30721,MUTHOOT FINANCE Ltd,Delisted,F ,500000.00,INE414G14RV5, ,Commercial Papers,-,-,-,-
721181,Sharekhan BNP Paribas Financial Services Limited,SBPFSL30721,Sharekhan BNP Paribas Financial Services Ltd,Delisted,F ,500000.00,INE550X14656, ,Commercial Papers,-,-,-,-
721182,MUTHOOT FINANCE LIMITED,MFL300721,MUTHOOT FINANCE Ltd,Delisted,F ,500000.00,INE414G14RS1, ,Commercial Papers,-,-,-,-
721183,National Fertilizers Ltd.,NFL30721,National Fertilizers Ltd,Delisted,F ,500000.00,INE870D14DV5, ,Commercial Papers,-,-,-,-
721184,Bajaj Finance Limited,BFL30721,Bajaj Finance Ltd,Delisted,F ,500000.00,INE296A14RZ0, ,Commercial Papers,-,-,-,-
721185,Bajaj Finance Limited,BFL300721,Bajaj Finance Ltd,Delisted,F ,500000.00,INE296A14SA1, ,Commercial Papers,-,-,-,-
721186,Axis Finance Limited,AFL30721,Axis Finance Ltd,Delisted,F ,500000.00,INE891K14KW9, ,Commercial Papers,-,-,-,-
721187,Network 18 Media & Investments Limited,N18MIL30721,Network 18 Media & Investments Ltd,Delisted,F ,500000.00,INE870H14MT1, ,Commercial Papers,-,-,-,-
721188,KEC International Ltd.,KECIL30721,KEC International Ltd,Delisted,F ,500000.00,INE389H14GU2, ,Commercial Papers,-,-,-,-
721189,Reliance Jio Infocomm Limited,RJIL30721,Reliance Jio Infocomm Ltd,Delisted,F ,500000.00,INE110L14PP5, ,Commercial Papers,-,-,-,-
721190,TV18 Broadcast Ltd.,TV18BL30721,TV18 Broadcast Ltd,Delisted,F ,500000.00,INE886H14GK8, ,Commercial Papers,-,-,-,-
721191,Reliance Retail Ventures Limited,RRVL30721,Reliance Retail Ventures Ltd,Delisted,F ,500000.00,INE929O14321, ,Commercial Papers,-,-,-,-
721192,Reliance Retail Ventures Limited,RRVL300721,Reliance Retail Ventures Ltd,Delisted,F ,500000.00,INE929O14313, ,Commercial Papers,-,-,-,-
721193,Kotak Mahindra Investments Limited,KMIL300721,Kotak Mahindra Investments Ltd,Delisted,F ,500000.00,INE975F14VN6, ,Commercial Papers,-,-,-,-
721194,Kotak Mahindra Investments Limited,KMI300721,Kotak Mahindra Investments Ltd,Delisted,F ,500000.00,INE975F14VO4, ,Commercial Papers,-,-,-,-
721195,TV18 Broadcast Ltd.,TV18BL2821,TV18 Broadcast Ltd,Delisted,F ,500000.00,INE886H14GM4, ,Commercial Papers,-,-,-,-
721196,Bajaj Finance Limited,BFL2821,Bajaj Finance Ltd,Delisted,F ,500000.00,INE296A14SB9, ,Commercial Papers,-,-,-,-
721197,JM Financial Properties and Holdings Limited,JMFPH2821,JM Financial Properties and Holdings Ltd,Delisted,F ,500000.00,INE525R14692, ,Commercial Papers,-,-,-,-
721198,Reliance Industries Ltd,RIL2821,Reliance Industries Ltd,Delisted,F ,500000.00,INE002A14IR8, ,Commercial Papers,-,-,-,-
721199,360 ONE Prime Limited,IFPL30721A,IIFL Wealth Prime Ltd,Delisted,F ,500000.00,INE248U14JG6, ,Commercial Papers,-,-,-,-
721200,Nuvama Wealth Finance Limited,EFIL2821,Edelweiss Finance & Investments Ltd,Delisted,F ,500000.00,INE918K14587, ,Commercial Papers,-,-,-,-
721201,360 ONE WAM LIMITED,IFML30721,IIFL Wealth Management Ltd,Delisted,F ,500000.00,INE466L14973, ,Commercial Papers,-,-,-,-
721202,Motilal Oswal Finvest Limited,MOFL2821,Motilal Oswal Finvest Ltd,Delisted,F ,500000.00,INE01WN14363, ,Commercial Papers,-,-,-,-
721203,HDFC Securities Limited,HSL02821,HDFC Securities Ltd,Delisted,F ,500000.00,INE700G14728, ,Commercial Papers,-,-,-,-
721204,ICICI HOME FINANCE COMPANY LIMITED,IHFCL02821,ICICI HOME FINANCE COMPANY Ltd,Delisted,F ,500000.00,INE071G14DM2, ,Commercial Papers,-,-,-,-
721205,Axis Finance Limited,AFL030821,Axis Finance Ltd,Delisted,F ,500000.00,INE891K14KX7, ,Commercial Papers,-,-,-,-
721206,The Ramco Cements Limited,RCL3821,The Ramco Cements Ltd,Delisted,F ,500000.00,INE331A14LF0, ,Commercial Papers,-,-,-,-
721207,Bharat Heavy Electricals Ltd.,BHEL3821,Bharat Heavy Electricals Ltd,Delisted,F ,500000.00,INE257A14623, ,Commercial Papers,-,-,-,-
721208,360 ONE WAM LIMITED,IFML02821,IIFL Wealth Management Ltd,Delisted,F ,500000.00,INE466L14999, ,Commercial Papers,-,-,-,-
721209,Aditya Birla Fashion and Retail Limited,ABFRL030821,Aditya Birla Fashion and Retail Ltd,Delisted,F ,500000.00,INE647O14EN9, ,Commercial Papers,-,-,-,-
721210,360 ONE Prime Limited,IFPL02821,IIFL Wealth Prime Ltd,Delisted,F ,500000.00,INE248U14JI2, ,Commercial Papers,-,-,-,-
721211,Chennai Petroleum Corporation Ltd.,CPCL03821,Chennai Petroleum Corporation Ltd,Delisted,F ,500000.00,INE178A14GW0, ,Commercial Papers,-,-,-,-
721212,Chennai Petroleum Corporation Ltd.,CPCL03821A,Chennai Petroleum Corporation Ltd,Delisted,F ,500000.00,INE178A14GV2, ,Commercial Papers,-,-,-,-
721213,Kotak Securities Limited,KSL030821,KSL-2-11-21-CP,Delisted,F ,500000.00,INE028E14IQ7, ,Commercial Papers,-,-,-,-
721214,Chaitanya India Fin Credit Private Limited,CFCL03821,Chaitanya India Fin Credit Pvt Ltd,Delisted,F ,500000.00,INE140R14013, ,Commercial Papers,-,-,-,-
721215,Axis Securities Limited,ASL03821,Axis Securities Ltd,Delisted,F ,500000.00,INE110O14302, ,Commercial Papers,-,-,-,-
721216,JSW Energy Limited,JSWL03821,JSW Energy Ltd,Delisted,F ,500000.00,INE121E14169, ,Commercial Papers,-,-,-,-
721217,Julius Baer Capital (India) Private Limited,JBCPL4821,Julius Baer Capital (India) Pvt Ltd,Delisted,F ,500000.00,INE824H14FA2, ,Commercial Papers,-,-,-,-
721218,Julius Baer Capital (India) Private Limited,JBCPL04821,Julius Baer Capital (India) Pvt Ltd,Delisted,F ,500000.00,INE824H14EZ2, ,Commercial Papers,-,-,-,-
721219,Sharekhan BNP Paribas Financial Services Limited,SBPFSL4821,Sharekhan BNP Paribas Financial Services Ltd,Delisted,F ,500000.00,INE550X14664, ,Commercial Papers,-,-,-,-
721220,Kotak Mahindra Prime Limited,KMPL4821,Kotak Mahindra Prime Ltd,Delisted,F ,500000.00,INE916D14Z63, ,Commercial Papers,-,-,-,-
721221,Network 18 Media & Investments Limited,N18MIL4821,Network 18 Media & Investments Ltd,Delisted,F ,500000.00,INE870H14MV7, ,Commercial Papers,-,-,-,-
721222,JM Financial Properties and Holdings Limited,JMPHL4821,JM Financial Properties and Holdings Ltd,Delisted,F ,500000.00,INE525R14684, ,Commercial Papers,-,-,-,-
721223,Indian Railway Finance Corporation,IRFC4821,Indian Railway Finance Corporation,Delisted,F ,500000.00,INE053F14211, ,Commercial Papers,-,-,-,-
721224,Dwarikesh Sugar Industries Ltd.,DSIL050821,Dwarikesh Sugar Industries Ltd,Delisted,F ,500000.00,INE366A14085, ,Commercial Papers,-,-,-,-
721225,360 ONE WAM LIMITED,IWML040821,IIFL Wealth Management Ltd,Delisted,F ,500000.00,INE466L14AB3, ,Commercial Papers,-,-,-,-
721226,Network 18 Media & Investments Limited,NW18ML5821,Network 18 Media & Investments Ltd,Delisted,F ,500000.00,INE870H14MU9, ,Commercial Papers,-,-,-,-
721227,Julius Baer Capital (India) Private Limited,JBC050821,Julius Baer Capital (India) Pvt Ltd,Delisted,F ,500000.00,INE824H14FB0, ,Commercial Papers,-,-,-,-
721228,Kotak Mahindra Investments Limited,KMIL050821,Kotak Mahindra Investments Ltd,Delisted,F ,500000.00,INE975F14VP1, ,Commercial Papers,-,-,-,-
721229,Kotak Mahindra Prime Limited,KMPL50821,Kotak Mahindra Prime Ltd,Delisted,F ,500000.00,INE916D14Z71, ,Commercial Papers,-,-,-,-
721230,360 ONE Prime Limited,IFPL05821,IIFL Wealth Prime Ltd,Delisted,F ,500000.00,INE248U14JK8, ,Commercial Papers,-,-,-,-
721231,NLC Tamilnadu Power Limited,NLC060821,NLC Tamilnadu Power Ltd,Delisted,F ,500000.00,INE05C614113, ,Commercial Papers,-,-,-,-
721232,360 ONE WAM LIMITED,IWML05821,IIFL Wealth Management Ltd,Delisted,F ,500000.00,INE466L14AC1, ,Commercial Papers,-,-,-,-
721233,Bajaj Finance Limited,BFL060821,Bajaj Finance Ltd,Delisted,F ,500000.00,INE296A14SC7, ,Commercial Papers,-,-,-,-
721234,Kotak Mahindra Prime Limited,KMPL060821,Kotak Mahindra Prime Ltd,Delisted,F ,500000.00,INE916D14Z89, ,Commercial Papers,-,-,-,-
721235,Axis Securities Limited,ASL060821,Axis Securities Ltd,Delisted,F ,500000.00,INE110O14310, ,Commercial Papers,-,-,-,-
721236,Infina Finance Private Limited,IFPL06821,Infina Finance Pvt Ltd,Delisted,F ,500000.00,INE879F14EN6, ,Commercial Papers,-,-,-,-
721237,Motilal Oswal Finvest Limited,MOFL060821,Motilal Oswal Finvest Ltd,Delisted,F ,500000.00,INE01WN14371, ,Commercial Papers,-,-,-,-
721238,ECL Finance Limited,EFL6821,ECL Finance Ltd,Delisted,F ,500000.00,INE804I14UR5, ,Commercial Papers,-,-,-,-
721239,Indian Oil Corporation Ltd.,IOCL6821,Indian Oil Corporation Ltd,Delisted,F ,500000.00,INE242A14UM6, ,Commercial Papers,-,-,-,-
721240,Indian Oil Corporation Ltd.,IOCL06821,Indian Oil Corporation Ltd,Delisted,F ,500000.00,INE242A14UL8, ,Commercial Papers,-,-,-,-
721241,Indian Oil Corporation Ltd.,IOCL60821,Indian Oil Corporation Ltd,Delisted,F ,500000.00,INE242A14UK0, ,Commercial Papers,-,-,-,-
721242,Indian Oil Corporation Ltd.,IOCL060821,Indian Oil Corporation Ltd,Delisted,F ,500000.00,INE242A14UJ2, ,Commercial Papers,-,-,-,-
721243,STANDARD CHARTERED CAPITAL LIMITED,SCCL06821,Standard Chartered Capital Ltd,Delisted,F ,500000.00,INE403G14OJ0, ,Commercial Papers,-,-,-,-
721244,Reliance Retail Ventures Limited,RRVL6821,Reliance Retail Ventures Ltd,Delisted,F ,500000.00,INE929O14339, ,Commercial Papers,-,-,-,-
721245,ECL Finance Limited,EFL0608021,ECL Finance Ltd,Delisted,F ,500000.00,INE804I14UQ7, ,Commercial Papers,-,-,-,-
721246,Infina Finance Private Limited,IFPL09821,Infina Finance Pvt Ltd,Delisted,F ,500000.00,INE879F14EO4, ,Commercial Papers,-,-,-,-
721247,Dwarikesh Sugar Industries Ltd.,DSIL090821,Dwarikesh Sugar Industries Ltd,Delisted,F ,500000.00,INE366A14093, ,Commercial Papers,-,-,-,-
721248,ICICI Securities Limited,ISL06821,ICICI Securities Ltd,Delisted,F ,500000.00,INE763G14KO5, ,Commercial Papers,-,-,-,-
721249,Jamnagar Utilities & Power Private Limited,JUPPL090821,Jamnagar Utilities & Power Pvt Ltd,Delisted,F ,500000.00,INE936D14089, ,Commercial Papers,-,-,-,-
721250,JM Financial Properties and Holdings Limited,JMFHL09821,JM Financial Properties and Holdings Ltd,Delisted,F ,500000.00,INE525R14700, ,Commercial Papers,-,-,-,-
721251,Larsen & Toubro Limited,LTL09821,Larsen & Toubro Ltd,Delisted,F ,500000.00,INE018A14IH5, ,Commercial Papers,-,-,-,-
721252,Sharekhan BNP Paribas Financial Services Limited,SBNP090821,Sharekhan BNP Paribas Financial Services Ltd,Delisted,F ,500000.00,INE550X14680, ,Commercial Papers,-,-,-,-
721253,Sharekhan BNP Paribas Financial Services Limited,SBPFS90821,Sharekhan BNP Paribas Financial Services Ltd,Delisted,F ,500000.00,INE550X14672, ,Commercial Papers,-,-,-,-
721254,Bajaj Finance Limited,BFL090821,Bajaj Finance Ltd,Delisted,F ,500000.00,INE296A14SD5, ,Commercial Papers,-,-,-,-
721255,Time Technoplast Limited,TTL090821,Time Technoplast Ltd,Delisted,F ,500000.00,INE508G14BA2, ,Commercial Papers,-,-,-,-
721256,Time Technoplast Limited,TTL09821,Time Technoplast Ltd,Delisted,F ,500000.00,INE508G14BC8, ,Commercial Papers,-,-,-,-
721257,Reliance Retail Ventures Limited,RRVL090821,Reliance Retail Ventures Ltd,Delisted,F ,500000.00,INE929O14347, ,Commercial Papers,-,-,-,-
721258,STANDARD CHARTERED CAPITAL LIMITED,SCCL100821,Standard Chartered Capital Ltd,Delisted,F ,500000.00,INE403G14OK8, ,Commercial Papers,-,-,-,-
721259,STANDARD CHARTERED CAPITAL LIMITED,SCCL10821,Standard Chartered Capital Ltd,Delisted,F ,500000.00,INE403G14OL6, ,Commercial Papers,-,-,-,-
721260,HDFC Securities Limited,HSL10821,HDFC Securities Ltd,Delisted,F ,500000.00,INE700G14736, ,Commercial Papers,-,-,-,-
721261,Jhajjar Power Limited,JPL100821,Jhajjar Power Ltd,Delisted,F ,500000.00,INE165K14825, ,Commercial Papers,-,-,-,-
721262,Julius Baer Capital (India) Private Limited,JBCPL100821,Julius Baer Capital (India) Pvt Ltd,Delisted,F ,500000.00,INE824H14FC8, ,Commercial Papers,-,-,-,-
721263,Sharekhan Limited,SKL10821,Sharekhan Ltd,Delisted,F ,500000.00,INE211H14138, ,Commercial Papers,-,-,-,-
721264,HDFC Securities Limited,HSL110821,HDFC Securities Ltd,Delisted,F ,500000.00,INE700G14744, ,Commercial Papers,-,-,-,-
721265,ICICI Securities Limited,ICICI110821,ICICI Securities Ltd,Delisted,F ,500000.00,INE763G14KP2, ,Commercial Papers,-,-,-,-
721266,Reliance Jio Infocomm Limited,RJIL110821,Reliance Jio Infocomm Ltd,Delisted,F ,500000.00,INE110L14PQ3, ,Commercial Papers,-,-,-,-
721267,Sterlite Technologies Limited.,STL110821,Sterlite Technologies Ltd,Delisted,F ,500000.00,INE089C14BD6, ,Commercial Papers,-,-,-,-
721268,Kotak Mahindra Prime Limited,KMPL110821,Kotak Mahindra Prime Ltd,Delisted,F ,500000.00,INE916D14Z97, ,Commercial Papers,-,-,-,-
721269,Bajaj Finance Limited,BFL120821,Bajaj Finance Ltd,Delisted,F ,500000.00,INE296A14SE3, ,Commercial Papers,-,-,-,-
721270,GIC Housing Finance Ltd.,GICHF12821,GIC Housing Finance Ltd,Delisted,F ,500000.00,INE289B14HN0, ,Commercial Papers,-,-,-,-
721271,Adani Enterprises Ltd.,AEL110821,Adani Enterprises Ltd,Delisted,F ,500000.00,INE423A14NG9, ,Commercial Papers,-,-,-,-
721272,Reliance Industries Ltd,RIL120821,Reliance Industries Ltd,Delisted,F ,500000.00,INE002A14IU2, ,Commercial Papers,-,-,-,-
721273,Century Textiles & Industries Ltd.,CTIL120821,Century Textiles & Industries Ltd,Delisted,F ,500000.00,INE055A14IP0, ,Commercial Papers,-,-,-,-
721274,Dwarikesh Sugar Industries Ltd.,DSIL120821,Dwarikesh Sugar Industries Ltd,Delisted,F ,500000.00,INE366A14101, ,Commercial Papers,-,-,-,-
721275,The Ramco Cements Limited,RCL120821,The Ramco Cements Ltd,Delisted,F ,500000.00,INE331A14LG8, ,Commercial Papers,-,-,-,-
721276,Sterlite Technologies Limited.,STL120821,Sterlite Technologies Ltd,Delisted,F ,500000.00,INE089C14BE4, ,Commercial Papers,-,-,-,-
721277,Adani Ports and Special Economic Zone Ltd,APSEZ120821,Adani Ports and Special Economic Zone Ltd,Delisted,F ,500000.00,INE742F14PP7, ,Commercial Papers,-,-,-,-
721278,MUTHOOT FINANCE LIMITED,MFL130821,MUTHOOT FINANCE Ltd,Delisted,F ,500000.00,INE414G14RY9, ,Commercial Papers,-,-,-,-
721279,HDFC Securities Limited,HSL13821,HDFC Securities Ltd,Delisted,F ,500000.00,INE700G14751, ,Commercial Papers,-,-,-,-
721280,Sharekhan Limited,SL130821,Sharekhan Ltd,Delisted,F ,500000.00,INE211H14146, ,Commercial Papers,-,-,-,-
721281,IIFL Samasta Finance Limited,ISFL12821,IIFL Samasta Finance Ltd,Delisted,F ,500000.00,INE413U14141, ,Commercial Papers,-,-,-,-
721282,Indian Oil Corporation Ltd.,IOCL130821,Indian Oil Corporation Ltd,Delisted,F ,500000.00,INE242A14UN4, ,Commercial Papers,-,-,-,-
721283,JM Financial Properties and Holdings Limited,JMFPL130821,JM Financial Properties and Holdings Ltd,Delisted,F ,500000.00,INE525R14718, ,Commercial Papers,-,-,-,-
721284,Julius Baer Capital (India) Private Limited,JBCPL13821,Julius Baer Capital (India) Pvt Ltd,Delisted,F ,500000.00,INE824H14FD6, ,Commercial Papers,-,-,-,-
721285,birla Group Holdings Private Limited,BGHPL130821,birla Group Holdings Pvt Ltd,Delisted,F ,500000.00,INE09OL14755, ,Commercial Papers,-,-,-,-
721286,National Bank for Agriculture and Rural Development,NABAR130821,National Bank for Agriculture and Rural Development,Delisted,F ,500000.00,INE261F14IC1, ,Commercial Papers,-,-,-,-
721287,Reliance Industries Ltd,RIL130821,Reliance Industries Ltd,Delisted,F ,500000.00,INE002A14IT4, ,Commercial Papers,-,-,-,-
721288,Reliance Industries Ltd,RIL130821A,Reliance Industries Ltd,Delisted,F ,500000.00,INE002A14IS6, ,Commercial Papers,-,-,-,-
721289,ICICI Securities Limited,ISEC130821,ICICI Securities Ltd,Delisted,F ,500000.00,INE763G14KQ0, ,Commercial Papers,-,-,-,-
721290,HDFC Securities Limited,HSL17821,HDFC Securities Ltd,Delisted,F ,500000.00,INE700G14769, ,Commercial Papers,-,-,-,-
721291,Bharat Heavy Electricals Ltd.,BHEL170821,Bharat Heavy Electricals Ltd,Delisted,F ,500000.00,INE257A14631, ,Commercial Papers,-,-,-,-
721292,TV18 Broadcast Ltd.,TV18B17821,TV18 Broadcast Ltd,Delisted,F ,500000.00,INE886H14GN2, ,Commercial Papers,-,-,-,-
721293,Network 18 Media & Investments Limited,N18M17821,Network 18 Media & Investments Ltd,Delisted,F ,500000.00,INE870H14MW5, ,Commercial Papers,-,-,-,-
721294,Pilani Investment And Industries Corporation Limited,PIICL17821,Pilani Investment And Industries Corporation Ltd,Delisted,F ,500000.00,INE417C14173, ,Commercial Papers,-,-,-,-
721295,Kotak Mahindra Investments Limited,KMIL170821,Kotak Mahindra Investments Ltd,Delisted,F ,500000.00,INE975F14VQ9, ,Commercial Papers,-,-,-,-
721296,Reliance Retail Ventures Limited,RRVL17821,Reliance Retail Ventures Ltd,Delisted,F ,500000.00,INE929O14354, ,Commercial Papers,-,-,-,-
721297,CaratLane Trading Private Limited,CTPL18821,CaratLane Trading Pvt Ltd,Delisted,F ,500000.00,INE015Y14187, ,Commercial Papers,-,-,-,-
721298,Sharekhan BNP Paribas Financial Services Limited,SBFSL18821,Sharekhan BNP Paribas Financial Services Ltd,Delisted,F ,500000.00,INE550X14698, ,Commercial Papers,-,-,-,-
721299,Mangalore Refinery & Petrochemicals,MRPL17821,Mangalore Refinery & Petrochemicals,Delisted,F ,500000.00,INE103A14363, ,Commercial Papers,-,-,-,-
721300,Bajaj Housing Finance Limited,BHFL18821,Bajaj Housing Finance Ltd,Delisted,F ,500000.00,INE377Y14892, ,Commercial Papers,-,-,-,-
721301,Adani Ports and Special Economic Zone Ltd,APSEZ18821,Adani Ports and Special Economic Zone Ltd,Delisted,F ,500000.00,INE742F14PQ5, ,Commercial Papers,-,-,-,-
721302,Dalmia Cement (Bharat) Limited,DCL17821,Dalmia Cement (Bharat) Ltd,Delisted,F ,500000.00,INE755K14DS9, ,Commercial Papers,-,-,-,-
721303,BOBCARD LIMITED,BOBFS18821,BOB Financial Solutions Ltd,Delisted,F ,500000.00,INE027214142, ,Commercial Papers,-,-,-,-
721304,APL Apollo Tubes Limited,APLATL18821,APL Apollo Tubes Ltd,Delisted,F ,500000.00,INE702C14BT0, ,Commercial Papers,-,-,-,-
721305,STANDARD CHARTERED CAPITAL LIMITED,SCCL18821,Standard Chartered Capital Ltd,Delisted,F ,500000.00,INE403G14ON2, ,Commercial Papers,-,-,-,-
721306,birla Group Holdings Private Limited,BGHPL18821,birla Group Holdings Pvt Ltd,Delisted,F ,500000.00,INE09OL14763, ,Commercial Papers,-,-,-,-
721307,NLC India Limited,NLC18821,NLC India Ltd,Delisted,F ,500000.00,INE589A14348, ,Commercial Papers,-,-,-,-
721308,TV18 Broadcast Ltd.,TV18BL18821,TV18 Broadcast Ltd,Delisted,F ,500000.00,INE886H14GO0, ,Commercial Papers,-,-,-,-
721309,Shree Cements Ltd.,SCL18821,Shree Cements Ltd,Delisted,F ,500000.00,INE070A14505, ,Commercial Papers,-,-,-,-
721310,Reliance Industries Ltd,RIL18821,Reliance Industries Ltd,Delisted,F ,500000.00,INE002A14IV0, ,Commercial Papers,-,-,-,-
721311,Bajaj Finance Limited,BFL18821,BFL-17-11-21-CP,Delisted,F ,500000.00,INE296A14SF0, ,Commercial Papers,-,-,-,-
721312,ICICI Securities Limited,ISEC18821,ISEC-17-11-21-CP,Delisted,F ,500000.00,INE763G14KR8, ,Commercial Papers,-,-,-,-
721313,Housing Development Finance Corp.Lt,HDFC18821,HDFC-18-10-21-CP,Delisted,F ,500000.00,INE001A14XR9, ,Commercial Papers,-,-,-,-
721314,National Bank for Agriculture and Rural Development,NABAR180821,National Bank for Agriculture and Rural Development,Delisted,F ,500000.00,INE261F14ID9, ,Commercial Papers,-,-,-,-
721315,Network 18 Media & Investments Limited,NMIL200821,Network 18 Media & Investments Ltd,Delisted,F ,500000.00,INE870H14MX3, ,Commercial Papers,-,-,-,-
721316,Infina Finance Private Limited,IFPL200821,Infina Finance Pvt Ltd,Delisted,F ,500000.00,INE879F14EP1, ,Commercial Papers,-,-,-,-
721317,birla Group Holdings Private Limited,BGHPL20821,birla Group Holdings Pvt Ltd,Delisted,F ,500000.00,INE09OL14771, ,Commercial Papers,-,-,-,-
721318,Reliance Industries Ltd,RIL200821,Reliance Industries Ltd,Delisted,F ,500000.00,INE002A14IY4, ,Commercial Papers,-,-,-,-
721319,Bajaj Finance Limited,BFL200821,Bajaj Finance Ltd,Delisted,F ,500000.00,INE296A14SG8, ,Commercial Papers,-,-,-,-
721320,ICICI HOME FINANCE COMPANY LIMITED,ICICI20821,ICICI HOME FINANCE COMPANY Ltd,Delisted,F ,500000.00,INE071G14DO8, ,Commercial Papers,-,-,-,-
721321,KEC International Ltd.,KECIL230821,KEC International Ltd,Delisted,F ,500000.00,INE389H14GW8, ,Commercial Papers,-,-,-,-
721322,Axis Securities Limited,ASL200821,Axis Securities Ltd,Delisted,F ,500000.00,INE110O14328, ,Commercial Papers,-,-,-,-
721323,HDFC Securities Limited,HSL23821,HDFC Securities Ltd,Delisted,F ,500000.00,INE700G14777, ,Commercial Papers,-,-,-,-
721324,KEC International Ltd.,KECIL23821,KEC International Ltd,Delisted,F ,500000.00,INE389H14GV0, ,Commercial Papers,-,-,-,-
721325,STANDARD CHARTERED CAPITAL LIMITED,SCCL23821,Standard Chartered Capital Ltd,Delisted,F ,500000.00,INE403G14OM4, ,Commercial Papers,-,-,-,-
721326,Dalmia Cement (Bharat) Limited,DCBL230821,Dalmia Cement (Bharat) Ltd,Delisted,F ,500000.00,INE755K14DT7, ,Commercial Papers,-,-,-,-
721327,Vardhman Special Steels Ltd,VSSL23821,Vardhman Special Steels Ltd,Delisted,F ,500000.00,INE050M14817, ,Commercial Papers,-,-,-,-
721328,Aditya Birla Fashion and Retail Limited,ABFRL23821,Aditya Birla Fashion and Retail Ltd,Delisted,F ,500000.00,INE647O14EO7, ,Commercial Papers,-,-,-,-
721329,Reliance Industries Ltd,RIL23821,Reliance Industries Ltd,Delisted,F ,500000.00,INE002A14IZ1, ,Commercial Papers,-,-,-,-
721330,Steel Authority of India Ltd.,SAIL23821,Steel Authority of India Ltd,Delisted,F ,500000.00,INE114A14KD7, ,Commercial Papers,-,-,-,-
721331,Julius Baer Capital (India) Private Limited,JBCPL200821,JBCPL-18-11-21-CP,Delisted,F ,500000.00,INE824H14FE4, ,Commercial Papers,-,-,-,-
721332,Axis Finance Limited,AFL230821,AFL-22-10-21-CP,Delisted,F ,500000.00,INE891K14KY5, ,Commercial Papers,-,-,-,-
721333,SIKKA PORTS & TERMINALS LTD,SPTL230821,SPTL-23-2-22-CP,Delisted,F ,500000.00,INE941D14113, ,Commercial Papers,-,-,-,-
721334,Kotak Mahindra Prime Limited,KMPL230821,KMPL-25-10-21-CP,Delisted,F ,500000.00,INE916D140A6, ,Commercial Papers,-,-,-,-
721335,TATA STEEL LIMITED,TSL230821,TATA STEEL Ltd,Delisted,F ,500000.00,INE081A14BG0, ,Commercial Papers,-,-,-,-
721336,JSW Energy Limited,JSWEL24821,JSW Energy Ltd,Delisted,F ,500000.00,INE121E14177, ,Commercial Papers,-,-,-,-
721337,Infina Finance Private Limited,IFPL24821,Infina Finance Pvt Ltd,Delisted,F ,500000.00,INE879F14EQ9, ,Commercial Papers,-,-,-,-
721338,Nuvama Wealth Finance Limited,EFIL230821,Edelweiss Finance & Investments Ltd,Delisted,F ,500000.00,INE918K14629, ,Commercial Papers,-,-,-,-
721339,HT Media Ltd,HTML23821,HT Media Ltd,Delisted,F ,500000.00,INE501G14BZ4, ,Commercial Papers,-,-,-,-
721340,Nuvama Wealth Finance Limited,EFIL23AUG21,Edelweiss Finance & Investments Ltd,Delisted,F ,500000.00,INE918K14611, ,Commercial Papers,-,-,-,-
721341,HT Media Ltd,HTML23821A,HT Media Ltd,Delisted,F ,500000.00,INE501G14CA5, ,Commercial Papers,-,-,-,-
721342,Vardhman Textiles Limted,VTL240821,Vardhman Textiles Limted,Delisted,F ,500000.00,INE825A14924, ,Commercial Papers,-,-,-,-
721343,Tata Power Co. Ltd,TPCL240821,Tata Power Co Ltd,Delisted,F ,500000.00,INE245A14FC1, ,Commercial Papers,-,-,-,-
721344,Nuvama Wealth Finance Limited,EFIL24821,Edelweiss Finance & Investments Ltd,Delisted,F ,500000.00,INE918K14603, ,Commercial Papers,-,-,-,-
721345,Century Textiles & Industries Ltd.,CTIL24821,Century Textiles & Industries Ltd,Delisted,F ,500000.00,INE055A14IQ8, ,Commercial Papers,-,-,-,-
721346,MUTHOOT FINANCE LIMITED,MFL24821,MUTHOOT FINANCE Ltd,Delisted,F ,500000.00,INE414G14RX1, ,Commercial Papers,-,-,-,-
721347,Pilani Investment And Industries Corporation Limited,PIICL240821,Pilani Investment And Industries Corporation Ltd,Delisted,F ,500000.00,INE417C14181, ,Commercial Papers,-,-,-,-
721348,MUTHOOT FINANCE LIMITED,MFL240821,MUTHOOT FINANCE Ltd,Delisted,F ,500000.00,INE414G14RW3, ,Commercial Papers,-,-,-,-
721349,Network 18 Media & Investments Limited,NMIL240821,Network 18 Media & Investments Ltd,Delisted,F ,500000.00,INE870H14MY1, ,Commercial Papers,-,-,-,-
721350,Dalmia Cement (Bharat) Limited,DCBL240821,Dalmia Cement (Bharat) Ltd,Delisted,F ,500000.00,INE755K14DU5, ,Commercial Papers,-,-,-,-
721351,Tata Power Solar Systems Limited,TPSSL240821,Tata Power Solar Systems Ltd,Delisted,F ,500000.00,INE962S14745, ,Commercial Papers,-,-,-,-
721352,National Bank for Agriculture and Rural Development,NABARD24821,National Bank for Agriculture and Rural Development,Delisted,F ,500000.00,INE261F14IE7, ,Commercial Papers,-,-,-,-
721353,Reliance Industries Ltd,RIL24082021,Reliance Industries Ltd,Delisted,F ,500000.00,INE002A14JA2, ,Commercial Papers,-,-,-,-
721354,360 ONE WAM LIMITED,IIFLW240821,IIFL Wealth Management Ltd,Delisted,F ,500000.00,INE466L14AD9, ,Commercial Papers,-,-,-,-
721355,Sterlite Technologies Limited.,STL24821,Sterlite Technologies Ltd,Delisted,F ,500000.00,INE089C14BF1, ,Commercial Papers,-,-,-,-
721356,birla Group Holdings Private Limited,BGHPL25821,birla Group Holdings Pvt Ltd,Delisted,F ,500000.00,INE09OL14789, ,Commercial Papers,-,-,-,-
721357,Network 18 Media & Investments Limited,NW18M25821,Network 18 Media & Investments Ltd,Delisted,F ,500000.00,INE870H14NA9, ,Commercial Papers,-,-,-,-
721358,Kotak Mahindra Prime Limited,KMPL250821,Kotak Mahindra Prime Ltd,Delisted,F ,500000.00,INE916D140B4, ,Commercial Papers,-,-,-,-
721359,Housing Development Finance Corp.Lt,HDFC25821,Housing Development Finance CorpLt,Delisted,F ,500000.00,INE001A14XS7, ,Commercial Papers,-,-,-,-
721360,NLC India Limited,NLCIL250821,NLC India Ltd,Delisted,F ,500000.00,INE589A14355, ,Commercial Papers,-,-,-,-
721361,Tata Power Co. Ltd,TPCL250821,Tata Power Co Ltd,Delisted,F ,500000.00,INE245A14FD9, ,Commercial Papers,-,-,-,-
721362,Sharekhan Limited,SL250821,Sharekhan Ltd,Delisted,F ,500000.00,INE211H14153, ,Commercial Papers,-,-,-,-
721363,birla Group Holdings Private Limited,BGHL25821,birla Group Holdings Pvt Ltd,Delisted,F ,500000.00,INE09OL14797, ,Commercial Papers,-,-,-,-
721364,Sharekhan Limited,SL25082021,Sharekhan Ltd,Delisted,F ,500000.00,INE211H14161, ,Commercial Papers,-,-,-,-
721365,Reliance Industries Ltd,RIL250821,Reliance Industries Ltd,Delisted,F ,500000.00,INE002A14IX6, ,Commercial Papers,-,-,-,-
721366,Bajaj Financial Securities Limited,BFSL260821,Bajaj Financial Securities Ltd,Delisted,F ,500000.00,INE01C314114, ,Commercial Papers,-,-,-,-
721367,Bharat Heavy Electricals Ltd.,BHEL260821,Bharat Heavy Electricals Ltd,Delisted,F ,500000.00,INE257A14649, ,Commercial Papers,-,-,-,-
721368,National Bank for Agriculture and Rural Development,NABAR260821,National Bank for Agriculture and Rural Development,Delisted,F ,500000.00,INE261F14IF4, ,Commercial Papers,-,-,-,-
721369,Axis Securities Limited,ASL260821,Axis Securities Ltd,Delisted,F ,500000.00,INE110O14336, ,Commercial Papers,-,-,-,-
721370,HDFC Securities Limited,HSL260821,HDFC Securities Ltd,Delisted,F ,500000.00,INE700G14785, ,Commercial Papers,-,-,-,-
721371,Housing Development Finance Corp.Lt,HDFC260821,Housing Development Finance CorpLt,Delisted,F ,500000.00,INE001A14XU3, ,Commercial Papers,-,-,-,-
721372,Housing Development Finance Corp.Lt,HDFC26821,Housing Development Finance CorpLt,Delisted,F ,500000.00,INE001A14XT5, ,Commercial Papers,-,-,-,-
721373,MUTHOOT FINANCE LIMITED,MFL26821,MUTHOOT FINANCE Ltd,Delisted,F ,500000.00,INE414G14RZ6, ,Commercial Papers,-,-,-,-
721374,Reliance Industries Ltd,RIL260821,Reliance Industries Ltd,Delisted,F ,500000.00,INE002A14IW8, ,Commercial Papers,-,-,-,-
721375,GIC Housing Finance Ltd.,GIC260821,GIC Housing Finance Ltd,Delisted,F ,500000.00,INE289B14HO8, ,Commercial Papers,-,-,-,-
721376,MUTHOOT FINANCE LIMITED,MFL270821,MUTHOOT FINANCE Ltd,Delisted,F ,500000.00,INE414G14SA7, ,Commercial Papers,-,-,-,-
721377,Network 18 Media & Investments Limited,N18ML27821,Network 18 Media & Investments Ltd,Delisted,F ,500000.00,INE870H14MZ8, ,Commercial Papers,-,-,-,-
721378,TATA STEEL LIMITED,TSL27821,TATA STEEL Ltd,Delisted,F ,500000.00,INE081A14BH8, ,Commercial Papers,-,-,-,-
721379,TATA STEEL LIMITED,TSL270821,TATA STEEL Ltd,Delisted,F ,500000.00,INE081A14BI6, ,Commercial Papers,-,-,-,-
721380,Bajaj Financial Securities Limited,BFSL27821,Bajaj Financial Securities Ltd,Delisted,F ,500000.00,INE01C314122, ,Commercial Papers,-,-,-,-
721381,Shree Cements Ltd.,SCL27821,Shree Cements Ltd,Delisted,F ,500000.00,INE070A14513, ,Commercial Papers,-,-,-,-
721382,Reliance Industries Ltd,RIL270821,Reliance Industries Ltd,Delisted,F ,500000.00,INE002A14JB0, ,Commercial Papers,-,-,-,-
721383,NABHA POWER LIMITED,NPL270821,NABHA POWER Ltd,Delisted,F ,500000.00,INE445L14BZ4, ,Commercial Papers,-,-,-,-
721384,MUTHOOT FINANCE LIMITED,MFL30821,MUTHOOT FINANCE Ltd,Delisted,F ,500000.00,INE414G14SB5, ,Commercial Papers,-,-,-,-
721385,JM Financial Properties and Holdings Limited,JMFPHL30821,JM Financial Properties and Holdings Ltd,Delisted,F ,500000.00,INE525R14726, ,Commercial Papers,-,-,-,-
721386,Kotak Mahindra Investments Limited,KMIL300821,Kotak Mahindra Investments Ltd,Delisted,F ,500000.00,INE975F14VR7, ,Commercial Papers,-,-,-,-
721387,HDFC Securities Limited,HDFCL300821,HDFC Securities Ltd,Delisted,F ,500000.00,INE700G14801, ,Commercial Papers,-,-,-,-
721388,Infina Finance Private Limited,IFPL300821,Infina Finance Pvt Ltd,Delisted,F ,500000.00,INE879F14ER7, ,Commercial Papers,-,-,-,-
721389,TRUST INVESTMENT ADVISORS PRIVATE LIMITED,TIAPL27821,TRUST INVESTMENT ADVISORS Pvt Ltd,Delisted,F ,500000.00,INE723X14AF3, ,Commercial Papers,-,-,-,-
721390,Can Fin Homes Ltd.,CFHL30821,Can Fin Homes Ltd,Delisted,F ,500000.00,INE477A14BL0, ,Commercial Papers,-,-,-,-
721391,Kotak Mahindra Prime Limited,KMPL30821,Kotak Mahindra Prime Ltd,Delisted,F ,500000.00,INE916D140C2, ,Commercial Papers,-,-,-,-
721392,Sharekhan Limited,SL30821,Sharekhan Ltd,Delisted,F ,500000.00,INE211H14179, ,Commercial Papers,-,-,-,-
721393,HDFC Securities Limited,HSL30821,HDFC Securities Ltd,Delisted,F ,500000.00,INE700G14793, ,Commercial Papers,-,-,-,-
721394,HT Media Ltd,HML270821,HT Media Ltd,Delisted,F ,500000.00,INE501G14CB3, ,Commercial Papers,-,-,-,-
721395,Bharat Oman Refineries Limited,BORL30821,Bharat Oman Refineries Ltd,Delisted,F ,500000.00,INE322J14295, ,Commercial Papers,-,-,-,-
721396,BEML Ltd,BEML30821,BEML Ltd,Delisted,F ,500000.00,INE258A14068, ,Commercial Papers,-,-,-,-
721397,Steel Authority of India Ltd.,SAIL30821,Steel Authority of India Ltd,Delisted,F ,500000.00,INE114A14KE5, ,Commercial Papers,-,-,-,-
721398,NLC India Limited,NLCIL310821,NLC India Ltd,Delisted,F ,500000.00,INE589A14363, ,Commercial Papers,-,-,-,-
721399,Northern Arc Capital Ltd.,NACL31821,Northern Arc Capital Ltd,Delisted,F ,500000.00,INE850M14AF7, ,Commercial Papers,-,-,-,-
721400,ICICI HOME FINANCE COMPANY LIMITED,IHFC31821,ICICI HOME FINANCE COMPANY Ltd,Delisted,F ,500000.00,INE071G14DP5, ,Commercial Papers,-,-,-,-
721401,Kotak Mahindra Prime Limited,KMPL310821,Kotak Mahindra Prime Ltd,Delisted,F ,500000.00,INE916D140D0, ,Commercial Papers,-,-,-,-
721402,Reliance Jio Infocomm Limited,RJIL310821,Reliance Jio Infocomm Ltd,Delisted,F ,500000.00,INE110L14PR1, ,Commercial Papers,-,-,-,-
721403,HDFC Credila Financial Services Ltd,HDFC31821,HDFC Credila Financial Services Ltd,Delisted,F ,500000.00,INE539K14AN4, ,Commercial Papers,-,-,-,-
721404,Kotak Mahindra Investments Limited,KMIL310821,Kotak Mahindra Investments Ltd,Delisted,F ,500000.00,INE975F14VS5, ,Commercial Papers,-,-,-,-
721405,Kotak Mahindra Investments Limited,KMIL310821A,Kotak Mahindra Investments Ltd,Delisted,F ,500000.00,INE975F14VT3, ,Commercial Papers,-,-,-,-
721406,Kotak Securities Limited,KSL300821,Kotak Securities Ltd,Delisted,F ,500000.00,INE028E14IR5, ,Commercial Papers,-,-,-,-
721407,Axis Finance Limited,AFL1921,Axis Finance Ltd,Delisted,F ,500000.00,INE891K14KZ2, ,Commercial Papers,-,-,-,-
721408,Chennai Petroleum Corporation Ltd.,CPCL010921,Chennai Petroleum Corporation Ltd,Delisted,F ,500000.00,INE178A14GX8, ,Commercial Papers,-,-,-,-
721409,HDFC Securities Limited,HSL1921,HDFC Securities Ltd,Delisted,F ,500000.00,INE700G14827, ,Commercial Papers,-,-,-,-
721410,Kotak Mahindra Investments Limited,KMIL010921,Kotak Mahindra Investments Ltd,Delisted,F ,500000.00,INE975F14VU1, ,Commercial Papers,-,-,-,-
721411,Reliance Retail Ventures Limited,RRVL1921,Reliance Retail Ventures Ltd,Delisted,F ,500000.00,INE929O14362, ,Commercial Papers,-,-,-,-
721412,SBI CARDS AND PAYMENT SERVICES LIMITED,SBI01921,SBI CARDS AND PAYMENT SERVICES Ltd,Delisted,F ,500000.00,INE018E14PE9, ,Commercial Papers,-,-,-,-
721413,Avanse Financial Services Limited,AFSL31821,Avanse Financial Services Ltd,Delisted,F ,500000.00,INE087P14614, ,Commercial Papers,-,-,-,-
721414,Infina Finance Private Limited,IFPL020921,Infina Finance Pvt Ltd,Delisted,F ,500000.00,INE879F14ES5, ,Commercial Papers,-,-,-,-
721415,GIC Housing Finance Ltd.,GICHF02921,GIC Housing Finance Ltd,Delisted,F ,500000.00,INE289B14HP5, ,Commercial Papers,-,-,-,-
721416,ICICI Securities Limited,ICICI01921,ICICI Securities Ltd,Delisted,F ,500000.00,INE763G14KS6, ,Commercial Papers,-,-,-,-
721417,birla Group Holdings Private Limited,BGHPL020921,birla Group Holdings Pvt Ltd,Delisted,F ,500000.00,INE09OL14805, ,Commercial Papers,-,-,-,-
721418,Axis Finance Limited,AFL20921,Axis Finance Ltd,Delisted,F ,500000.00,INE891K14LA3, ,Commercial Papers,-,-,-,-
721419,Sharekhan Limited,SL030921,Sharekhan Ltd,Delisted,F ,500000.00,INE211H14187, ,Commercial Papers,-,-,-,-
721420,HDFC Securities Limited,HSL030921,HDFC Securities Ltd,Delisted,F ,500000.00,INE700G14819, ,Commercial Papers,-,-,-,-
721421,Julius Baer Capital (India) Private Limited,JBCPL02921,Julius Baer Capital (India) Pvt Ltd,Delisted,F ,500000.00,INE824H14FF1, ,Commercial Papers,-,-,-,-
721422,Tata Value Homes Limited,TVHL02921,Tata Value Homes Ltd,Delisted,F ,500000.00,INE069P14240, ,Commercial Papers,-,-,-,-
721423,Mishra Dhatu Nigam Limited,MDNL02921,Mishra Dhatu Nigam Ltd,Delisted,F ,500000.00,INE099Z14030, ,Commercial Papers,-,-,-,-
721424,Manappuram Finance Limited,MFL030921,Manappuram Finance Ltd,Delisted,F ,500000.00,INE522D14NG2, ,Commercial Papers,-,-,-,-
721425,Kotak Mahindra Investments Limited,KMIL03921,Kotak Mahindra Investments Ltd,Delisted,F ,500000.00,INE975F14VV9, ,Commercial Papers,-,-,-,-
721426,Reliance Jio Infocomm Limited,RJIL030921,Reliance Jio Infocomm Ltd,Delisted,F ,500000.00,INE110L14PS9, ,Commercial Papers,-,-,-,-
721427,Chennai Petroleum Corporation Ltd.,CPCL03921,Chennai Petroleum Corporation Ltd,Delisted,F ,500000.00,INE178A14GY6, ,Commercial Papers,-,-,-,-
721428,ICICI Securities Limited,ISEC060921,ICICI Securities Ltd,Delisted,F ,500000.00,INE763G14KU2, ,Commercial Papers,-,-,-,-
721429,ECL Finance Limited,ECL03921,ECL Finance Ltd,Delisted,F ,500000.00,INE804I14US3, ,Commercial Papers,-,-,-,-
721430,ICICI Securities Limited,ISEC3921,ICICI Securities Ltd,Delisted,F ,500000.00,INE763G14KT4, ,Commercial Papers,-,-,-,-
721431,Sharekhan BNP Paribas Financial Services Limited,SBNP06921,Sharekhan BNP Paribas Financial Services Ltd,Delisted,F ,500000.00,INE550X14706, ,Commercial Papers,-,-,-,-
721432,birla Group Holdings Private Limited,BGHPL60921,birla Group Holdings Pvt Ltd,Delisted,F ,500000.00,INE09OL14813, ,Commercial Papers,-,-,-,-
721433,JM Financial Properties and Holdings Limited,JMFPHL6921,JM Financial Properties and Holdings Ltd,Delisted,F ,500000.00,INE525R14734, ,Commercial Papers,-,-,-,-
721434,Sterlite Technologies Limited.,STL030921,Sterlite Technologies Ltd,Delisted,F ,500000.00,INE089C14BG9, ,Commercial Papers,-,-,-,-
721435,Reliance Jio Infocomm Limited,RJIL06921,Reliance Jio Infocomm Ltd,Delisted,F ,500000.00,INE110L14PT7, ,Commercial Papers,-,-,-,-
721436,NLC India Limited,NLCIL060921,NLC India Ltd,Delisted,F ,500000.00,INE589A14371, ,Commercial Papers,-,-,-,-
721437,Axis Securities Limited,ASL060921,Axis Securities Ltd,Delisted,F ,500000.00,INE110O14344, ,Commercial Papers,-,-,-,-
721438,360 ONE Prime Limited,IIFL060921,IIFL Wealth Prime Ltd,Delisted,F ,500000.00,INE248U14JL6, ,Commercial Papers,-,-,-,-
721439,Motilal Oswal Financial Services Limited,MOFSL06921,Motilal Oswal Financial Services Ltd,Delisted,F ,500000.00,INE338I14CO9, ,Commercial Papers,-,-,-,-
721440,TATA STEEL LIMITED,TSL6921,TATA STEEL Ltd,Delisted,F ,500000.00,INE081A14BJ4, ,Commercial Papers,-,-,-,-
721441,Kotak Securities Limited,KSL07921,Kotak Securities Ltd,Delisted,F ,500000.00,INE028E14IS3, ,Commercial Papers,-,-,-,-
721442,TATA STEEL LIMITED,TSL06921,TATA STEEL Ltd,Delisted,F ,500000.00,INE081A14BK2, ,Commercial Papers,-,-,-,-
721443,TATA STEEL LIMITED,TSL060921,TATA STEEL Ltd,Delisted,F ,500000.00,INE081A14BL0, ,Commercial Papers,-,-,-,-
721444,Reliance Retail Ventures Limited,RRVL060921,Reliance Retail Ventures Ltd,Delisted,F ,500000.00,INE929O14370, ,Commercial Papers,-,-,-,-
721445,360 ONE WAM LIMITED,IWML06921,IIFL Wealth Management Ltd,Delisted,F ,500000.00,INE466L14AE7, ,Commercial Papers,-,-,-,-
721446,HDFC Securities Limited,HSL070921,HDFC Securities Ltd,Delisted,F ,500000.00,INE700G14835, ,Commercial Papers,-,-,-,-
721447,Vardhman Special Steels Ltd,VSSL070921,Vardhman Special Steels Ltd,Delisted,F ,500000.00,INE050M14825, ,Commercial Papers,-,-,-,-
721448,Kotak Mahindra Investments Limited,KMIL7921,Kotak Mahindra Investments Ltd,Delisted,F ,500000.00,INE975F14VX5, ,Commercial Papers,-,-,-,-
721449,Kotak Mahindra Investments Limited,KMIL07921,Kotak Mahindra Investments Ltd,Delisted,F ,500000.00,INE975F14VW7, ,Commercial Papers,-,-,-,-
721450,Kotak Mahindra Investments Limited,KMIL70921,Kotak Mahindra Investments Ltd,Delisted,F ,500000.00,INE975F14VY3, ,Commercial Papers,-,-,-,-
721451,Kotak Mahindra Investments Limited,KMIL070921,Kotak Mahindra Investments Ltd,Delisted,F ,500000.00,INE975F14VZ0, ,Commercial Papers,-,-,-,-
721452,Reliance Industries Ltd,RIL7921,Reliance Industries Ltd,Delisted,F ,500000.00,INE002A14JD6, ,Commercial Papers,-,-,-,-
721453,Motilal Oswal Finvest Limited,MOFL6921,Motilal Oswal Finvest Ltd,Delisted,F ,500000.00,INE01WN14389, ,Commercial Papers,-,-,-,-
721454,Julius Baer Capital (India) Private Limited,JBCPL070921,Julius Baer Capital (India) Pvt Ltd,Delisted,F ,500000.00,INE824H14FI5, ,Commercial Papers,-,-,-,-
721455,Tata Power Co. Ltd,TPCL080921,Tata Power Co Ltd,Delisted,F ,500000.00,INE245A14FE7, ,Commercial Papers,-,-,-,-
721456,Infina Finance Private Limited,IFPL080921,Infina Finance Pvt Ltd,Delisted,F ,500000.00,INE879F14ET3, ,Commercial Papers,-,-,-,-
721457,Mangalore Refinery & Petrochemicals,MRPL080921,Mangalore Refinery & Petrochemicals,Delisted,F ,500000.00,INE103A14371, ,Commercial Papers,-,-,-,-
721458,Kotak Mahindra Investments Limited,KMIL080921,Kotak Mahindra Investments Ltd,Delisted,F ,500000.00,INE975F14WA1, ,Commercial Papers,-,-,-,-
721459,Tata Realty and Infrastructure Limited,TRIL08921,Tata Realty and Infrastructure Ltd,Delisted,F ,500000.00,INE371K14AS1, ,Commercial Papers,-,-,-,-
721460,Infina Finance Private Limited,IFPL9921,Infina Finance Pvt Ltd,Delisted,F ,500000.00,INE879F14EV9, ,Commercial Papers,-,-,-,-
721461,Manappuram Finance Limited,MFL9921,Manappuram Finance Ltd,Delisted,F ,500000.00,INE522D14NH0, ,Commercial Papers,-,-,-,-
721462,HDFC Securities Limited,HSEC9921,HDFC Securities Ltd,Delisted,F ,500000.00,INE700G14843, ,Commercial Papers,-,-,-,-
721463,Bharat Oman Refineries Limited,BORL9921,Bharat Oman Refineries Ltd,Delisted,F ,500000.00,INE322J14303, ,Commercial Papers,-,-,-,-
721464,IGH Holdings Private Limited,IGHPL9921,IGH Holdings Pvt Ltd,Delisted,F ,500000.00,INE02FN14010, ,Commercial Papers,-,-,-,-
721465,Canbank Factors Limited,CFL9921,Canbank Factors Ltd,Delisted,F ,500000.00,INE986D14175, ,Commercial Papers,-,-,-,-
721466,Julius Baer Capital (India) Private Limited,JBCPL1921,Julius Baer Capital (India) Pvt Ltd,Delisted,F ,500000.00,INE824H14FG9, ,Commercial Papers,-,-,-,-
721467,Motilal Oswal Financial Services Limited,MOFSL9921,Motilal Oswal Financial Services Ltd,Delisted,F ,500000.00,INE338I14CN1, ,Commercial Papers,-,-,-,-
721468,Tata Power Co. Ltd,TPCL9921,Tata Power Co Ltd,Delisted,F ,500000.00,INE245A14FF4, ,Commercial Papers,-,-,-,-
721469,Motilal Oswal Financial Services Limited,MOFSL09921,Motilal Oswal Financial Services Ltd,Delisted,F ,500000.00,INE338I14CM3, ,Commercial Papers,-,-,-,-
721470,Mishra Dhatu Nigam Limited,MDNL9921,Mishra Dhatu Nigam Ltd,Delisted,F ,500000.00,INE099Z14048, ,Commercial Papers,-,-,-,-
721471,Reliance Industries Ltd,RIL9921,Reliance Industries Ltd,Delisted,F ,500000.00,INE002A14JE4, ,Commercial Papers,-,-,-,-
721472,Reliance Industries Ltd,RIL090921,Reliance Industries Ltd,Delisted,F ,500000.00,INE002A14JC8, ,Commercial Papers,-,-,-,-
721473,Julius Baer Capital (India) Private Limited,JBCPL9921,Julius Baer Capital (India) Pvt Ltd,Delisted,F ,500000.00,INE824H14FH7, ,Commercial Papers,-,-,-,-
721474,TATA STEEL LIMITED,TSL09921,TATA STEEL Ltd,Delisted,F ,500000.00,INE081A14BO4, ,Commercial Papers,-,-,-,-
721475,TATA STEEL LIMITED,TSL09921A,TATA STEEL Ltd,Delisted,F ,500000.00,INE081A14BM8, ,Commercial Papers,-,-,-,-
721476,TATA STEEL LIMITED,TSL090921,TATA STEEL Ltd,Delisted,F ,500000.00,INE081A14BN6, ,Commercial Papers,-,-,-,-
721477,TATA STEEL LIMITED,TSL090921A,TATA STEEL Ltd,Delisted,F ,500000.00,INE081A14BP1, ,Commercial Papers,-,-,-,-
721478,ICICI Securities Limited,ICICI09921,ICICI Securities Ltd,Delisted,F ,500000.00,INE763G14KV0, ,Commercial Papers,-,-,-,-
721479,Kotak Securities Limited,KSL13921,Kotak Securities Ltd,Delisted,F ,500000.00,INE028E14IT1, ,Commercial Papers,-,-,-,-
721480,CaratLane Trading Private Limited,CTPL09921,CaratLane Trading Pvt Ltd,Delisted,F ,500000.00,INE015Y14195, ,Commercial Papers,-,-,-,-
721481,Infina Finance Private Limited,IFPL13921,Infina Finance Pvt Ltd,Delisted,F ,500000.00,INE879F14EU1, ,Commercial Papers,-,-,-,-
721482,ONGC Petro additions Limited.,ONGC09921,ONGC Petro additions Ltd,Delisted,F ,500000.00,INE163N14188, ,Commercial Papers,-,-,-,-
721483,birla Group Holdings Private Limited,BGH13921,birla Group Holdings Pvt Ltd,Delisted,F ,500000.00,INE09OL14821, ,Commercial Papers,-,-,-,-
721484,HDFC Securities Limited,HSL13921,HDFC Securities Ltd,Delisted,F ,500000.00,INE700G14850, ,Commercial Papers,-,-,-,-
721485,Axis Securities Limited,ASL130921,Axis Securities Ltd,Delisted,F ,500000.00,INE110O14351, ,Commercial Papers,-,-,-,-
721486,Tata Power Co. Ltd,TPCL13921,Tata Power Co Ltd,Delisted,F ,500000.00,INE245A14FG2, ,Commercial Papers,-,-,-,-
721487,Reliance Retail Ventures Limited,RRVL130921,Reliance Retail Ventures Ltd,Delisted,F ,500000.00,INE929O14396, ,Commercial Papers,-,-,-,-
721488,Reliance Retail Ventures Limited,RRVL130921A,Reliance Retail Ventures Ltd,Delisted,F ,500000.00,INE929O14388, ,Commercial Papers,-,-,-,-
721489,Julius Baer Capital (India) Private Limited,JBCPL13921,Julius Baer Capital (India) Pvt Ltd,Delisted,F ,500000.00,INE824H14FK1, ,Commercial Papers,-,-,-,-
721490,Network 18 Media & Investments Limited,NWML13921,Network 18 Media & Investments Ltd,Delisted,F ,500000.00,INE870H14NB7, ,Commercial Papers,-,-,-,-
721491,NLC Tamilnadu Power Limited,NLCT13921,NLC Tamilnadu Power Ltd,Delisted,F ,500000.00,INE05C614121, ,Commercial Papers,-,-,-,-
721492,Vardhman Special Steels Ltd,VSSL13921,Vardhman Special Steels Ltd,Delisted,F ,500000.00,INE050M14833, ,Commercial Papers,-,-,-,-
721493,Network 18 Media & Investments Limited,NMIL14921,Network 18 Media & Investments Ltd,Delisted,F ,500000.00,INE870H14ND3, ,Commercial Papers,-,-,-,-
721494,HDFC Securities Limited,HSL14921,HDFC Securities Ltd,Delisted,F ,500000.00,INE700G14868, ,Commercial Papers,-,-,-,-
721495,Mangalore Refinery & Petrochemicals,MRPL14921,Mangalore Refinery & Petrochemicals,Delisted,F ,500000.00,INE103A14389, ,Commercial Papers,-,-,-,-
721496,Manappuram Finance Limited,MFL14921,Manappuram Finance Ltd,Delisted,F ,500000.00,INE522D14NI8, ,Commercial Papers,-,-,-,-
721497,Northern Arc Capital Ltd.,NACL14921,Northern Arc Capital Ltd,Delisted,F ,500000.00,INE850M14AG5, ,Commercial Papers,-,-,-,-
721498,Julius Baer Capital (India) Private Limited,JBC14921,Julius Baer Capital (India) Pvt Ltd,Delisted,F ,500000.00,INE824H14FM7, ,Commercial Papers,-,-,-,-
721499,HT Media Ltd,HTML14921,HT Media Ltd,Delisted,F ,500000.00,INE501G14CD9, ,Commercial Papers,-,-,-,-
721500,HT Media Ltd,HTML140921,HT Media Ltd,Delisted,F ,500000.00,INE501G14CC1, ,Commercial Papers,-,-,-,-
721501,NLC India Limited,NLC150921,NLC India Ltd,Delisted,F ,500000.00,INE589A14389, ,Commercial Papers,-,-,-,-
721502,Network 18 Media & Investments Limited,NMIL15921,Network 18 Media & Investments Ltd,Delisted,F ,500000.00,INE870H14NC5, ,Commercial Papers,-,-,-,-
721503,ICICI Securities Limited,ICICI15921,ICICI Securities Ltd,Delisted,F ,500000.00,INE763G14KW8, ,Commercial Papers,-,-,-,-
721504,Julius Baer Capital (India) Private Limited,JBC15921,Julius Baer Capital (India) Pvt Ltd,Delisted,F ,500000.00,INE824H14FL9, ,Commercial Papers,-,-,-,-
721505,TATA STEEL LIMITED,TSL15921,TATA STEEL Ltd,Delisted,F ,500000.00,INE081A14BS5, ,Commercial Papers,-,-,-,-
721506,Can Fin Homes Ltd.,CAN15921,Can Fin Homes Ltd,Delisted,F ,500000.00,INE477A14BM8, ,Commercial Papers,-,-,-,-
721507,TATA STEEL LIMITED,TSL150921,TATA STEEL Ltd,Delisted,F ,500000.00,INE081A14BR7, ,Commercial Papers,-,-,-,-
721508,TATA STEEL LIMITED,TSL150921A,TATA STEEL Ltd,Delisted,F ,500000.00,INE081A14BQ9, ,Commercial Papers,-,-,-,-
721509,Bharat Heavy Electricals Ltd.,BHEL150921,Bharat Heavy Electricals Ltd,Delisted,F ,500000.00,INE257A14656, ,Commercial Papers,-,-,-,-
721510,Axis Securities Limited,ASL150921,Axis Securities Ltd,Delisted,F ,500000.00,INE110O14369, ,Commercial Papers,-,-,-,-
721511,Pilani Investment And Industries Corporation Limited,PIICL160921,Pilani Investment And Industries Corporation Ltd,Delisted,F ,500000.00,INE417C14199, ,Commercial Papers,-,-,-,-
721512,Dalmia Cement (Bharat) Limited,DCBL16921,Dalmia Cement (Bharat) Ltd,Delisted,F ,500000.00,INE755K14DV3, ,Commercial Papers,-,-,-,-
721513,Axis Finance Limited,AFL16921,Axis Finance Ltd,Delisted,F ,500000.00,INE891K14LC9, ,Commercial Papers,-,-,-,-
721514,NABHA POWER LIMITED,NPL16921,NABHA POWER Ltd,Delisted,F ,500000.00,INE445L14CA5, ,Commercial Papers,-,-,-,-
721515,Axis Finance Limited,AFL16921A,Axis Finance Ltd,Delisted,F ,500000.00,INE891K14LB1, ,Commercial Papers,-,-,-,-
721516,Sterlite Technologies Limited.,STL16921,Sterlite Technologies Ltd,Delisted,F ,500000.00,INE089C14BH7, ,Commercial Papers,-,-,-,-
721517,Julius Baer Capital (India) Private Limited,JBC16921,Julius Baer Capital (India) Pvt Ltd,Delisted,F ,500000.00,INE824H14FJ3, ,Commercial Papers,-,-,-,-
721518,Kotak Mahindra Investments Limited,KMIL16921,Kotak Mahindra Investments Ltd,Delisted,F ,500000.00,INE975F14WB9, ,Commercial Papers,-,-,-,-
721519,Sharekhan BNP Paribas Financial Services Limited,SBNP170921,Sharekhan BNP Paribas Financial Services Ltd,Delisted,F ,500000.00,INE550X14714, ,Commercial Papers,-,-,-,-
721520,Bharat Heavy Electricals Ltd.,BHEL170921,Bharat Heavy Electricals Ltd,Delisted,F ,500000.00,INE257A14672, ,Commercial Papers,-,-,-,-
721521,Tata Power Co. Ltd,TPCL170921,Tata Power Co Ltd,Delisted,F ,500000.00,INE245A14FH0, ,Commercial Papers,-,-,-,-
721522,HDFC Securities Limited,HSL17921,HDFC Securities Ltd,Delisted,F ,500000.00,INE700G14876, ,Commercial Papers,-,-,-,-
721523,STANDARD CHARTERED CAPITAL LIMITED,SCCL17921,STANDARD CHARTERED INVESTMENTS AND LOANS (INDIA) Ltd,Delisted,F ,500000.00,INE403G14OO0, ,Commercial Papers,-,-,-,-
721524,Kotak Mahindra Prime Limited,KMPL17921,Kotak Mahindra Prime Ltd,Delisted,F ,500000.00,INE916D140E8, ,Commercial Papers,-,-,-,-
721525,Chennai Petroleum Corporation Ltd.,CPCL17921,Chennai Petroleum Corporation Ltd,Delisted,F ,500000.00,INE178A14GZ3, ,Commercial Papers,-,-,-,-
721526,Reliance Industries Ltd,RIL17092021,Reliance Industries Ltd,Delisted,F ,500000.00,INE002A14JG9, ,Commercial Papers,-,-,-,-
721527,TV18 Broadcast Ltd.,TV18B17921,TV18 Broadcast Ltd,Delisted,F ,500000.00,INE886H14GP7, ,Commercial Papers,-,-,-,-
721528,Motilal Oswal Financial Services Limited,MOFSL20921,Motilal Oswal Financial Services Ltd,Delisted,F ,500000.00,INE338I14CQ4, ,Commercial Papers,-,-,-,-
721529,Motilal Oswal Financial Services Limited,MOFSL200921,Motilal Oswal Financial Services Ltd,Delisted,F ,500000.00,INE338I14CP6, ,Commercial Papers,-,-,-,-
721530,Motilal Oswal Finvest Limited,MOFL20921,Motilal Oswal Finvest Ltd,Delisted,F ,500000.00,INE01WN14397, ,Commercial Papers,-,-,-,-
721531,TV18 Broadcast Ltd.,TV18BL20921,TV18 Broadcast Ltd,Delisted,F ,500000.00,INE886H14GQ5, ,Commercial Papers,-,-,-,-
721532,Kotak Securities Limited,KSL20921,Kotak Securities Ltd,Delisted,F ,500000.00,INE028E14IU9, ,Commercial Papers,-,-,-,-
721533,Bharat Heavy Electricals Ltd.,BHEL20921,Bharat Heavy Electricals Ltd,Delisted,F ,500000.00,INE257A14664, ,Commercial Papers,-,-,-,-
721534,HDFC Securities Limited,HSEC20921,HDFC Securities Ltd,Delisted,F ,500000.00,INE700G14884, ,Commercial Papers,-,-,-,-
721535,Bajaj Financial Securities Limited,BFSL20921,Bajaj Financial Securities Ltd,Delisted,F ,500000.00,INE01C314148, ,Commercial Papers,-,-,-,-
721536,360 ONE WAM LIMITED,IWML20921,IIFL Wealth Management Ltd,Delisted,F ,500000.00,INE466L14AF4, ,Commercial Papers,-,-,-,-
721537,360 ONE Prime Limited,IWPL20921,IIFL Wealth Prime Ltd,Delisted,F ,500000.00,INE248U14JM4, ,Commercial Papers,-,-,-,-
721538,360 ONE Prime Limited,IWPL200921,IIFL Wealth Prime Ltd,Delisted,F ,500000.00,INE248U14JO0, ,Commercial Papers,-,-,-,-
721539,Northern Arc Capital Ltd.,NACL20921,Northern Arc Capital Ltd,Delisted,F ,500000.00,INE850M14AH3, ,Commercial Papers,-,-,-,-
721540,Northern Arc Capital Ltd.,NACL200921,Northern Arc Capital Ltd,Delisted,F ,500000.00,INE850M14AI1, ,Commercial Papers,-,-,-,-
721541,JSW Steel Limited,JSWSL20921,JSW Steel Ltd,Delisted,F ,500000.00,INE019A14JV2, ,Commercial Papers,-,-,-,-
721542,JSW Steel Limited,JSWSL200921,JSW Steel Ltd,Delisted,F ,500000.00,INE019A14JU4, ,Commercial Papers,-,-,-,-
721543,Kotak Mahindra Prime Limited,KMPL20921,Kotak Mahindra Prime Ltd,Delisted,F ,500000.00,INE916D140F5, ,Commercial Papers,-,-,-,-
721544,Julius Baer Capital (India) Private Limited,JBCPL20921,Julius Baer Capital (India) Pvt Ltd,Delisted,F ,500000.00,INE824H14FN5, ,Commercial Papers,-,-,-,-
721545,Bajaj Financial Securities Limited,BFSL210921,Bajaj Financial Securities Ltd,Delisted,F ,500000.00,INE01C314130, ,Commercial Papers,-,-,-,-
721546,Kotak Securities Limited,KSL210921,Kotak Securities Ltd,Delisted,F ,500000.00,INE028E14IV7, ,Commercial Papers,-,-,-,-
721547,Bharat Heavy Electricals Ltd.,BHEL210921,Bharat Heavy Electricals Ltd,Delisted,F ,500000.00,INE257A14680, ,Commercial Papers,-,-,-,-
721548,birla Group Holdings Private Limited,BGHPL21921,birla Group Holdings Pvt Ltd,Delisted,F ,500000.00,INE09OL14847, ,Commercial Papers,-,-,-,-
721549,birla Group Holdings Private Limited,BGHPL210921,birla Group Holdings Pvt Ltd,Delisted,F ,500000.00,INE09OL14839, ,Commercial Papers,-,-,-,-
721550,Sterlite Technologies Limited.,STL210921,Sterlite Technologies Ltd,Delisted,F ,500000.00,INE089C14BI5, ,Commercial Papers,-,-,-,-
721551,HDFC Securities Limited,HSL210921,HDFC Securities Ltd,Delisted,F ,500000.00,INE700G14892, ,Commercial Papers,-,-,-,-
721552,MUTHOOT FINANCE LIMITED,MFL22921,MUTHOOT FINANCE Ltd,Delisted,F ,500000.00,INE414G14SC3, ,Commercial Papers,-,-,-,-
721553,Infina Finance Private Limited,IFPL220921,Infina Finance Pvt Ltd,Delisted,F ,500000.00,INE879F14EW7, ,Commercial Papers,-,-,-,-
721554,Infina Finance Private Limited,IFPL22921,Infina Finance Pvt Ltd,Delisted,F ,500000.00,INE879F14EX5, ,Commercial Papers,-,-,-,-
721555,Axis Securities Limited,ASL210921,Axis Securities Ltd,Delisted,F ,500000.00,INE110O14377, ,Commercial Papers,-,-,-,-
721556,Reliance Retail Ventures Limited,RRVL220921,Reliance Retail Ventures Ltd,Delisted,F ,500000.00,INE929O14404, ,Commercial Papers,-,-,-,-
721557,Dalmia Cement (Bharat) Limited,DCBL22921,Dalmia Cement (Bharat) Ltd,Delisted,F ,500000.00,INE755K14DW1, ,Commercial Papers,-,-,-,-
721558,Julius Baer Capital (India) Private Limited,JBC220921,Julius Baer Capital (India) Pvt Ltd,Delisted,F ,500000.00,INE824H14FO3, ,Commercial Papers,-,-,-,-
721559,ICICI Securities Limited,ISEC220921,ICICI Securities Ltd,Delisted,F ,500000.00,INE763G14KX6, ,Commercial Papers,-,-,-,-
721560,STANDARD CHARTERED CAPITAL LIMITED,SCCL220921,Standard Chartered Capital Ltd,Delisted,F ,500000.00,INE403G14OP7, ,Commercial Papers,-,-,-,-
721561,CaratLane Trading Private Limited,CTPL22921,CaratLane Trading Pvt Ltd,Delisted,F ,500000.00,INE015Y14203, ,Commercial Papers,-,-,-,-
721562,ARKA FINCAP LIMITED,AFL22921,ARKA FINCAP Ltd,Delisted,F ,500000.00,INE03W114096, ,Commercial Papers,-,-,-,-
721563,Sharekhan BNP Paribas Financial Services Limited,SBNP230921,Sharekhan BNP Paribas Financial Services Ltd,Delisted,F ,500000.00,INE550X14722, ,Commercial Papers,-,-,-,-
721564,Nuvama Wealth Finance Limited,EFIL230921,Edelweiss Finance & Investments Ltd,Delisted,F ,500000.00,INE918K14637, ,Commercial Papers,-,-,-,-
721565,GIC Housing Finance Ltd.,GIC23092021,GIC Housing Finance Ltd,Delisted,F ,500000.00,INE289B14HQ3, ,Commercial Papers,-,-,-,-
721566,MUTHOOT FINANCE LIMITED,MFL230921,MUTHOOT FINANCE Ltd,Delisted,F ,500000.00,INE414G14SD1, ,Commercial Papers,-,-,-,-
721567,KEC International Ltd.,KIL23921,KEC International Ltd,Delisted,F ,500000.00,INE389H14HA2, ,Commercial Papers,-,-,-,-
721568,Ramco Industries Ltd,RIL23921,Ramco Industries Ltd,Delisted,F ,500000.00,INE614A14294, ,Commercial Papers,-,-,-,-
721569,Kotak Mahindra Prime Limited,KMPL230921,Kotak Mahindra Prime Ltd,Delisted,F ,500000.00,INE916D140G3, ,Commercial Papers,-,-,-,-
721570,NLC India Limited,NIL23921,NLC India Ltd,Delisted,F ,500000.00,INE589A14397, ,Commercial Papers,-,-,-,-
721571,Kotak Mahindra Investments Limited,KMIL23921,Kotak Mahindra Investments Ltd,Delisted,F ,500000.00,INE975F14WD5, ,Commercial Papers,-,-,-,-
721572,Infina Finance Private Limited,IFPL24921,Infina Finance Pvt Ltd,Delisted,F ,500000.00,INE879F14EY3, ,Commercial Papers,-,-,-,-
721573,Adani Enterprises Ltd.,AEL24921,Adani Enterprises Ltd,Delisted,F ,500000.00,INE423A14NL9, ,Commercial Papers,-,-,-,-
721574,360 ONE Prime Limited,IWPL24921,IIFL Wealth Prime Ltd,Delisted,F ,500000.00,INE248U14JP7, ,Commercial Papers,-,-,-,-
721575,Avendus Finance Private Limited,AFPL24921,Avendus Finance Pvt Ltd,Delisted,F ,500000.00,INE177R14072, ,Commercial Papers,-,-,-,-
721576,Kotak Securities Limited,KSL24921,Kotak Securities Ltd,Delisted,F ,500000.00,INE028E14IW5, ,Commercial Papers,-,-,-,-
721577,MUTHOOT FINANCE LIMITED,MFL24921,MUTHOOT FINANCE Ltd,Delisted,F ,500000.00,INE414G14SF6, ,Commercial Papers,-,-,-,-
721578,birla Group Holdings Private Limited,BGHPL24921,birla Group Holdings Pvt Ltd,Delisted,F ,500000.00,INE09OL14854, ,Commercial Papers,-,-,-,-
721579,MUTHOOT FINANCE LIMITED,MFL240921,MUTHOOT FINANCE Ltd,Delisted,F ,500000.00,INE414G14SE9, ,Commercial Papers,-,-,-,-
721580,Motilal Oswal Finvest Limited,MOFL24921,Motilal Oswal Finvest Ltd,Delisted,F ,500000.00,INE01WN14405, ,Commercial Papers,-,-,-,-
721581,Tata Realty and Infrastructure Limited,TRIL24921,Tata Realty and Infrastructure Ltd,Delisted,F ,500000.00,INE371K14AU7, ,Commercial Papers,-,-,-,-
721582,Axis Securities Limited,ASL24921,Axis Securities Ltd,Delisted,F ,500000.00,INE110O14385, ,Commercial Papers,-,-,-,-
721583,Julius Baer Capital (India) Private Limited,JBCPL24921,Julius Baer Capital (India) Pvt Ltd,Delisted,F ,500000.00,INE824H14FP0, ,Commercial Papers,-,-,-,-
721584,ICICI Securities Limited,ISEC24921,ICICI Securities Ltd,Delisted,F ,500000.00,INE763G14KY4, ,Commercial Papers,-,-,-,-
721585,ICICI Securities Limited,ISEC240921,ICICI Securities Ltd,Delisted,F ,500000.00,INE763G14KZ1, ,Commercial Papers,-,-,-,-
721586,Tata Realty and Infrastructure Limited,TRIL2492021,Tata Realty and Infrastructure Ltd,Delisted,F ,500000.00,INE371K14AT9, ,Commercial Papers,-,-,-,-
721587,Shree Cements Ltd.,SCL24921,Shree Cements Ltd,Delisted,F ,500000.00,INE070A14521, ,Commercial Papers,-,-,-,-
721588,Kotak Mahindra Investments Limited,KMIL24921,Kotak Mahindra Investments Ltd,Delisted,F ,500000.00,INE975F14WC7, ,Commercial Papers,-,-,-,-
721589,Vardhman Special Steels Ltd,VSSL27921,Vardhman Special Steels Ltd,Delisted,F ,500000.00,INE050M14841, ,Commercial Papers,-,-,-,-
721590,Samvardhana Motherson International Limited,MSSL27921,Motherson Sumi Systems Ltd,Delisted,F ,500000.00,INE775A14764, ,Commercial Papers,-,-,-,-
721591,Kotak Securities Limited,KSL27921,Kotak Securities Ltd,Delisted,F ,500000.00,INE028E14IX3, ,Commercial Papers,-,-,-,-
721592,JM Financial Asset Reconstruction Company Ltd,JMFARC27921,JM Financial Asset Reconstruction Company Ltd,Delisted,F ,500000.00,INE265J14BA3, ,Commercial Papers,-,-,-,-
721593,KEC International Ltd.,KECIL27921,KEC International Ltd,Delisted,F ,500000.00,INE389H14GZ1, ,Commercial Papers,-,-,-,-
721594,HDFC Securities Limited,HSEC27921,HDFC Securities Ltd,Delisted,F ,500000.00,INE700G14900, ,Commercial Papers,-,-,-,-
721595,Motilal Oswal Finvest Limited,MOFL27921,Motilal Oswal Finvest Ltd,Delisted,F ,500000.00,INE01WN14413, ,Commercial Papers,-,-,-,-
721596,E.I.D. Parry (India) Ltd.,EIDP181021,EID Parry (India) Ltd,Delisted,F ,500000.00,INE126A14EG7, ,Commercial Papers,-,-,-,-
721597,Northern Arc Capital Ltd.,NAC270921,Northern Arc Capital Ltd,Delisted,F ,500000.00,INE850M14AJ9, ,Commercial Papers,-,-,-,-
721598,Julius Baer Capital (India) Private Limited,JBCPL280921,Julius Baer Capital (India) Pvt Ltd,Delisted,F ,500000.00,INE824H14FQ8, ,Commercial Papers,-,-,-,-
721599,Housing Development Finance Corp.Lt,HDFC270921,Housing Development Finance CorpLt,Delisted,F ,500000.00,INE001A14XV1, ,Commercial Papers,-,-,-,-
721600,KEC International Ltd.,KEC280921,KEC International Ltd,Delisted,F ,500000.00,INE389H14GY4, ,Commercial Papers,-,-,-,-
721601,Northern Arc Capital Ltd.,NAC280921,Northern Arc Capital Ltd,Delisted,F ,500000.00,INE850M14AK7, ,Commercial Papers,-,-,-,-
721602,Kotak Mahindra Investments Limited,KMIL280921,Kotak Mahindra Investments Ltd,Delisted,F ,500000.00,INE975F14WE3, ,Commercial Papers,-,-,-,-
721603,Siyaram Silk Mills Ltd.,SSML29921,Siyaram Silk Mills Ltd,Delisted,F ,500000.00,INE076B14542, ,Commercial Papers,-,-,-,-
721604,IndoStar Capital Finance Limited,ICFL29921,IndoStar Capital Finance Ltd,Delisted,F ,500000.00,INE896L14CU7, ,Commercial Papers,-,-,-,-
721605,BOBCARD LIMITED,BOBFS29921,BOB Financial Solutions Ltd,Delisted,F ,500000.00,INE027214159, ,Commercial Papers,-,-,-,-
721606,Adani Enterprises Ltd.,AEL280921,Adani Enterprises Ltd,Delisted,F ,500000.00,INE423A14NM7, ,Commercial Papers,-,-,-,-
721607,KEC International Ltd.,KEC290921,KEC International Ltd,Delisted,F ,500000.00,INE389H14GX6, ,Commercial Papers,-,-,-,-
721608,KEC International Ltd.,KEC29921,KEC International Ltd,Delisted,F ,500000.00,INE389H14HB0, ,Commercial Papers,-,-,-,-
721609,Tata Housing Development Company Limited,THDCL290921,Tata Housing Development Company Ltd,Delisted,F ,500000.00,INE582L14GE8, ,Commercial Papers,-,-,-,-
721610,Chennai Petroleum Corporation Ltd.,CPCL011021,Chennai Petroleum Corporation Ltd,Delisted,F ,500000.00,INE178A14HA4, ,Commercial Papers,-,-,-,-
721611,ARKA FINCAP LIMITED,AFL29921,ARKA FINCAP Ltd,Delisted,F ,500000.00,INE03W114104, ,Commercial Papers,-,-,-,-
721612,Nissan Renault Financial Services India Private Limited,NRFS29921,Nissan Renault Financial Services India Pvt Ltd,Delisted,F ,500000.00,INE566V14201, ,Commercial Papers,-,-,-,-
721613,Mangalore Refinery & Petrochemicals,MRPL300921,Mangalore Refinery & Petrochemicals,Delisted,F ,500000.00,INE103A14397, ,Commercial Papers,-,-,-,-
721614,Kotak Securities Limited,KSL011021,Kotak Securities Ltd,Delisted,F ,500000.00,INE028E14IY1, ,Commercial Papers,-,-,-,-
721615,Bharat Petroleum Corpn. Ltd.,BPCL011021,Bharat Petroleum Corpn Ltd,Delisted,F ,500000.00,INE029A14BG9, ,Commercial Papers,-,-,-,-
721616,Steel Authority of India Ltd.,SAIL011021,Steel Authority of India Ltd,Delisted,F ,500000.00,INE114A14KF2, ,Commercial Papers,-,-,-,-
721617,National Fertilizers Ltd.,NFL011021,National Fertilizers Ltd,Delisted,F ,500000.00,INE870D14DW3, ,Commercial Papers,-,-,-,-
721618,The Ramco Cements Limited,RCL011021,The Ramco Cements Ltd,Delisted,F ,500000.00,INE331A14LH6, ,Commercial Papers,-,-,-,-
721619,The Ramco Cements Limited,RCL011021A,The Ramco Cements Ltd,Delisted,F ,500000.00,INE331A14LI4, ,Commercial Papers,-,-,-,-
721620,The Ramco Cements Limited,RCL011021B,The Ramco Cements Ltd,Delisted,F ,500000.00,INE331A14LJ2, ,Commercial Papers,-,-,-,-
721621,HDFC Securities Limited,HDFCS041021,HDFC Securities Ltd,Delisted,F ,500000.00,INE700G14918, ,Commercial Papers,-,-,-,-
721622,Adani Ports and Special Economic Zone Ltd,APSEZ011021,Adani Ports and Special Economic Zone Ltd,Delisted,F ,500000.00,INE742F14PS1, ,Commercial Papers,-,-,-,-
721623,Adani Ports and Special Economic Zone Ltd,APSE011021,Adani Ports and Special Economic Zone Ltd,Delisted,F ,500000.00,INE742F14PT9, ,Commercial Papers,-,-,-,-
721624,Adani Ports and Special Economic Zone Ltd,APSE011021C,Adani Ports and Special Economic Zone Ltd,Delisted,F ,500000.00,INE742F14PU7, ,Commercial Papers,-,-,-,-
721625,Adani Ports and Special Economic Zone Ltd,APSE011021D,Adani Ports and Special Economic Zone Ltd,Delisted,F ,500000.00,INE742F14PV5, ,Commercial Papers,-,-,-,-
721626,JM Financial Properties and Holdings Limited,JMFPH041021,JM Financial Properties and Holdings Ltd,Delisted,F ,500000.00,INE525R14742, ,Commercial Papers,-,-,-,-
721627,Can Fin Homes Ltd.,CFHL011021,Can Fin Homes Ltd,Delisted,F ,500000.00,INE477A14BN6, ,Commercial Papers,-,-,-,-
721628,Can Fin Homes Ltd.,CFHL011021A,Can Fin Homes Ltd,Delisted,F ,500000.00,INE477A14BO4, ,Commercial Papers,-,-,-,-
721629,Bharat Oman Refineries Limited,BORL041021,Bharat Oman Refineries Ltd,Delisted,F ,500000.00,INE322J14311, ,Commercial Papers,-,-,-,-
721630,Adani Ports and Special Economic Zone Ltd,APSEZ041021,Adani Ports and Special Economic Zone Ltd,Delisted,F ,500000.00,INE742F14PR3, ,Commercial Papers,-,-,-,-
721631,Adani Ports and Special Economic Zone Ltd,APSE041021A,Adani Ports and Special Economic Zone Ltd,Delisted,F ,500000.00,INE742F14PW3, ,Commercial Papers,-,-,-,-
721632,HDFC Securities Limited,HDFCS051021,HDFC Securities Ltd,Delisted,F ,500000.00,INE700G14926, ,Commercial Papers,-,-,-,-
721633,Bombay Burmah Trading Corpn. Ltd.,BBTCL051021,Bombay Burmah Trading Corpn Ltd,Delisted,F ,500000.00,INE050A14622, ,Commercial Papers,-,-,-,-
721634,ICICI Securities Limited,ICICI051021,ICICI Securities Ltd,Delisted,F ,500000.00,INE763G14LA2, ,Commercial Papers,-,-,-,-
721635,Axis Securities Limited,ASL061021,Axis Securities Ltd,Delisted,F ,500000.00,INE110O14393, ,Commercial Papers,-,-,-,-
721636,Bharat Petroleum Corpn. Ltd.,BPCL061021,Bharat Petroleum Corpn Ltd,Delisted,F ,500000.00,INE029A14BH7, ,Commercial Papers,-,-,-,-
721637,Bharat Petroleum Corpn. Ltd.,BPCL061021A,Bharat Petroleum Corpn Ltd,Delisted,F ,500000.00,INE029A14BJ3, ,Commercial Papers,-,-,-,-
721638,Indian Oil Corporation Ltd.,IOCL061021,Indian Oil Corporation Ltd,Delisted,F ,500000.00,INE242A14VA9, ,Commercial Papers,-,-,-,-
721639,Indian Oil Corporation Ltd.,IOCL61021,Indian Oil Corporation Ltd,Delisted,F ,500000.00,INE242A14VB7, ,Commercial Papers,-,-,-,-
721640,Bharat Petroleum Corpn. Ltd.,BPC061021,Bharat Petroleum Corpn Ltd,Delisted,F ,500000.00,INE029A14BI5, ,Commercial Papers,-,-,-,-
721641,Indian Oil Corporation Ltd.,IOCL6102021,Indian Oil Corporation Ltd,Delisted,F ,500000.00,INE242A14UZ8, ,Commercial Papers,-,-,-,-
721642,Sharekhan Limited,SL061021,Sharekhan Ltd,Delisted,F ,500000.00,INE211H14195, ,Commercial Papers,-,-,-,-
721643,Kotak Mahindra Prime Limited,KMPL071021,Kotak Mahindra Prime Ltd,Delisted,F ,500000.00,INE916D140H1, ,Commercial Papers,-,-,-,-
721644,National Fertilizers Ltd.,NFL071021,National Fertilizers Ltd,Delisted,F ,500000.00,INE870D14DX1, ,Commercial Papers,-,-,-,-
721645,Julius Baer Capital (India) Private Limited,JBCPL071021,Julius Baer Capital (India) Pvt Ltd,Delisted,F ,500000.00,INE824H14FR6, ,Commercial Papers,-,-,-,-
721646,Reliance Industries Ltd,RIL071021,Reliance Industries Ltd,Delisted,F ,500000.00,INE002A14JH7, ,Commercial Papers,-,-,-,-
721647,ONGC Petro additions Limited.,OPAL071021,ONGC Petro additions Ltd,Delisted,F ,500000.00,INE163N14196, ,Commercial Papers,-,-,-,-
721648,HDFC Securities Limited,HDFCS081021,HDFC Securities Ltd,Delisted,F ,500000.00,INE700G14934, ,Commercial Papers,-,-,-,-
721649,JSW Steel Limited,JSWSL081021,JSW Steel Ltd,Delisted,F ,500000.00,INE019A14JW0, ,Commercial Papers,-,-,-,-
721650,NLC Tamilnadu Power Limited,NLCTP081021,NLC Tamilnadu Power Ltd,Delisted,F ,500000.00,INE05C614139, ,Commercial Papers,-,-,-,-
721651,Julius Baer Capital (India) Private Limited,JBC081021,Julius Baer Capital (India) Pvt Ltd,Delisted,F ,500000.00,INE824H14FS4, ,Commercial Papers,-,-,-,-
721652,Infina Finance Private Limited,IFPL111021,Infina Finance Pvt Ltd,Delisted,F ,500000.00,INE879F14EZ0, ,Commercial Papers,-,-,-,-
721653,Bharat Heavy Electricals Ltd.,BHEL111021,Bharat Heavy Electricals Ltd,Delisted,F ,500000.00,INE257A14698, ,Commercial Papers,-,-,-,-
721654,Adani Enterprises Ltd.,AEL081021,Adani Enterprises Ltd,Delisted,F ,500000.00,INE423A14NS4, ,Commercial Papers,-,-,-,-
721655,Adani Enterprises Ltd.,AEL081021A,Adani Enterprises Ltd,Delisted,F ,500000.00,INE423A14NQ8, ,Commercial Papers,-,-,-,-
721656,Adani Enterprises Ltd.,AEL081021B,Adani Enterprises Ltd,Delisted,F ,500000.00,INE423A14NP0, ,Commercial Papers,-,-,-,-
721657,The Ramco Cements Limited,RCL111021,The Ramco Cements Ltd,Delisted,F ,500000.00,INE331A14LL8, ,Commercial Papers,-,-,-,-
721658,Canbank Factors Limited,CFL111021,Canbank Factors Ltd,Delisted,F ,500000.00,INE986D14183, ,Commercial Papers,-,-,-,-
721659,Time Technoplast Limited,TTL121021,Time Technoplast Ltd,Delisted,F ,500000.00,INE508G14BG9, ,Commercial Papers,-,-,-,-
721660,The Ramco Cements Limited,TRCL121021,The Ramco Cements Ltd,Delisted,F ,500000.00,INE331A14LK0, ,Commercial Papers,-,-,-,-
721661,Reliance Industries Ltd,RIL121021,Reliance Industries Ltd,Delisted,F ,500000.00,INE002A14JI5, ,Commercial Papers,-,-,-,-
721662,JSW Steel Limited,JSW121021,JSW Steel Ltd,Delisted,F ,500000.00,INE019A14JX8, ,Commercial Papers,-,-,-,-
721663,Julius Baer Capital (India) Private Limited,JBC131021,Julius Baer Capital (India) Pvt Ltd,Delisted,F ,500000.00,INE824H14FT2, ,Commercial Papers,-,-,-,-
721664,STANDARD CHARTERED CAPITAL LIMITED,SCCL131021,Standard Chartered Capital Ltd,Delisted,F ,500000.00,INE403G14OQ5, ,Commercial Papers,-,-,-,-
721665,ICICI Securities Limited,ICICI121021,ICICI Securities Ltd,Delisted,F ,500000.00,INE763G14LB0, ,Commercial Papers,-,-,-,-
721666,HDFC Securities Limited,HSL131021,HDFC Securities Ltd,Delisted,F ,500000.00,INE700G14942, ,Commercial Papers,-,-,-,-
721667,Bharat Oman Refineries Limited,BORL141021,Bharat Oman Refineries Ltd,Delisted,F ,500000.00,INE322J14329, ,Commercial Papers,-,-,-,-
721668,Kotak Securities Limited,KSL141021,Kotak Securities Ltd,Delisted,F ,500000.00,INE028E14IZ8, ,Commercial Papers,-,-,-,-
721669,Reliance Jio Infocomm Limited,RJIL141021,Reliance Jio Infocomm Ltd,Delisted,F ,500000.00,INE110L14PV3, ,Commercial Papers,-,-,-,-
721670,Motilal Oswal Financial Services Limited,MOFSL141021,Motilal Oswal Financial Services Ltd,Delisted,F ,500000.00,INE338I14CR2, ,Commercial Papers,-,-,-,-
721671,Reliance Jio Infocomm Limited,RJIL141021A,Reliance Jio Infocomm Ltd,Delisted,F ,500000.00,INE110L14PU5, ,Commercial Papers,-,-,-,-
721672,Kotak Securities Limited,KSL181021,Kotak Securities Ltd,Delisted,F ,500000.00,INE028E14JA9, ,Commercial Papers,-,-,-,-
721673,TV18 Broadcast Ltd.,TV18B181021,TV18 Broadcast Ltd,Delisted,F ,500000.00,INE886H14GR3, ,Commercial Papers,-,-,-,-
721674,360 ONE WAM LIMITED,IWML141021,IIFL Wealth Management Ltd,Delisted,F ,500000.00,INE466L14AG2, ,Commercial Papers,-,-,-,-
721675,360 ONE Prime Limited,IWPL141021,IIFL Wealth Prime Ltd,Delisted,F ,500000.00,INE248U14JR3, ,Commercial Papers,-,-,-,-
721676,Motilal Oswal Financial Services Limited,MOSL181021,Motilal Oswal Financial Services Ltd,Delisted,F ,500000.00,INE338I14CS0, ,Commercial Papers,-,-,-,-
721677,ICICI HOME FINANCE COMPANY LIMITED,IHFC181021,ICICI HOME FINANCE COMPANY Ltd,Delisted,F ,500000.00,INE071G14DQ3, ,Commercial Papers,-,-,-,-
721678,Reliance Jio Infocomm Limited,RJIL181021,Reliance Jio Infocomm Ltd,Delisted,F ,500000.00,INE110L14PW1, ,Commercial Papers,-,-,-,-
721679,KEC International Ltd.,KECIL181021,KEC International Ltd,Delisted,F ,500000.00,INE389H14HC8, ,Commercial Papers,-,-,-,-
721680,HDFC Securities Limited,HDFCS181021,HDFC Securities Ltd,Delisted,F ,500000.00,INE700G14959, ,Commercial Papers,-,-,-,-
721681,Indian Oil Corporation Ltd.,IOCL181021,Indian Oil Corporation Ltd,Delisted,F ,500000.00,INE242A14VC5, ,Commercial Papers,-,-,-,-
721682,Adani Enterprises Ltd.,AEL181021,Adani Enterprises Ltd,Delisted,F ,500000.00,INE423A14NV8, ,Commercial Papers,-,-,-,-
721683,STANDARD CHARTERED CAPITAL LIMITED,SCCL201021,Standard Chartered Capital Ltd,Delisted,F ,500000.00,INE403G14OR3, ,Commercial Papers,-,-,-,-
721684,APL Apollo Tubes Limited,APL201021,APL Apollo Tubes Ltd,Delisted,F ,500000.00,INE702C14BU8, ,Commercial Papers,-,-,-,-
721685,TATA STEEL LIMITED,TSL201021,TATA STEEL Ltd,Delisted,F ,500000.00,INE081A14BT3, ,Commercial Papers,-,-,-,-
721686,TATA STEEL LIMITED,TSL20102021,TATA STEEL Ltd,Delisted,F ,500000.00,INE081A14BU1, ,Commercial Papers,-,-,-,-
721687,JSW Steel Limited,JSW201021,JSW Steel Ltd,Delisted,F ,500000.00,INE019A14JY6, ,Commercial Papers,-,-,-,-
721688,Reliance Jio Infocomm Limited,RJIL201021,Reliance Jio Infocomm Ltd,Delisted,F ,500000.00,INE110L14PY7, ,Commercial Papers,-,-,-,-
721689,Reliance Jio Infocomm Limited,RJIL20OCT21,Reliance Jio Infocomm Ltd,Delisted,F ,500000.00,INE110L14PZ4, ,Commercial Papers,-,-,-,-
721690,Reliance Jio Infocomm Limited,RJIO201021,Reliance Jio Infocomm Ltd,Delisted,F ,500000.00,INE110L14QA5, ,Commercial Papers,-,-,-,-
721691,HDFC Securities Limited,HSL201021,HDFC Securities Ltd,Delisted,F ,500000.00,INE700G14967, ,Commercial Papers,-,-,-,-
721692,The Ramco Cements Limited,TRCL201021,The Ramco Cements Ltd,Delisted,F ,500000.00,INE331A14LM6, ,Commercial Papers,-,-,-,-
721693,ICICI Securities Limited,ISEC201021,ICICI Securities Ltd,Delisted,F ,500000.00,INE763G14LC8, ,Commercial Papers,-,-,-,-
721694,Adani Enterprises Ltd.,AEL201021,Adani Enterprises Ltd,Delisted,F ,500000.00,INE423A14NT2, ,Commercial Papers,-,-,-,-
721695,Pilani Investment And Industries Corporation Limited,PIICL211021,Pilani Investment And Industries Corporation Ltd,Delisted,F ,500000.00,INE417C14207, ,Commercial Papers,-,-,-,-
721696,Kotak Securities Limited,KSL211021,Kotak Securities Ltd,Delisted,F ,500000.00,INE028E14JB7, ,Commercial Papers,-,-,-,-
721697,Kotak Securities Limited,KSL21OCT21,Kotak Securities Ltd,Delisted,F ,500000.00,INE028E14JC5, ,Commercial Papers,-,-,-,-
721698,Axis Securities Limited,ASL211021,Axis Securities Ltd,Delisted,F ,500000.00,INE110O14401, ,Commercial Papers,-,-,-,-
721699,HDFC Securities Limited,HSEC211021,HDFC Securities Ltd,Delisted,F ,500000.00,INE700G14983, ,Commercial Papers,-,-,-,-
721700,SIKKA PORTS & TERMINALS LTD,SPTL211021,SIKKA PORTS & TERMINALS LTD,Delisted,F ,500000.00,INE941D14154, ,Commercial Papers,-,-,-,-
721701,SIKKA PORTS & TERMINALS LTD,SPTL21OCT21,SIKKA PORTS & TERMINALS LTD,Delisted,F ,500000.00,INE941D14147, ,Commercial Papers,-,-,-,-
721702,SIKKA PORTS & TERMINALS LTD,SPTL2110021,SIKKA PORTS & TERMINALS LTD,Delisted,F ,500000.00,INE941D14139, ,Commercial Papers,-,-,-,-
721703,SIKKA PORTS & TERMINALS LTD,SKPT211021,SIKKA PORTS & TERMINALS LTD,Delisted,F ,500000.00,INE941D14162, ,Commercial Papers,-,-,-,-
721704,Housing Development Finance Corp.Lt,HDFC211021,Housing Development Finance CorpLt,Delisted,F ,500000.00,INE001A14XW9, ,Commercial Papers,-,-,-,-
721705,Housing Development Finance Corp.Lt,HDFC21OCT21,Housing Development Finance CorpLt,Delisted,F ,500000.00,INE001A14XX7, ,Commercial Papers,-,-,-,-
721706,Jamnagar Utilities & Power Private Limited,JUPL211021,Jamnagar Utilities & Power Pvt Ltd,Delisted,F ,500000.00,INE936D14105, ,Commercial Papers,-,-,-,-
721707,Jamnagar Utilities & Power Private Limited,JUPL21OCT21,Jamnagar Utilities & Power Pvt Ltd,Delisted,F ,500000.00,INE936D14097, ,Commercial Papers,-,-,-,-
721708,Jamnagar Utilities & Power Private Limited,JUPL2710021,Jamnagar Utilities & Power Pvt Ltd,Delisted,F ,500000.00,INE936D14139, ,Commercial Papers,-,-,-,-
721709,Jamnagar Utilities & Power Private Limited,JUPPL211021,Jamnagar Utilities & Power Pvt Ltd,Delisted,F ,500000.00,INE936D14113, ,Commercial Papers,-,-,-,-
721710,Bajaj Financial Securities Limited,BFSL221021,Bajaj Financial Securities Ltd,Delisted,F ,500000.00,INE01C314155, ,Commercial Papers,-,-,-,-
721711,Bharat Heavy Electricals Ltd.,BHEL31121,Bharat Heavy Electricals Ltd,Delisted,F ,500000.00,INE257A14706, ,Commercial Papers,-,-,-,-
721712,ICICI HOME FINANCE COMPANY LIMITED,IHFC221021,ICICI HOME FINANCE COMPANY Ltd,Delisted,F ,500000.00,INE071G14DR1, ,Commercial Papers,-,-,-,-
721713,Axis Finance Limited,AFL221021,Axis Finance Ltd,Delisted,F ,500000.00,INE891K14LD7, ,Commercial Papers,-,-,-,-
721714,Sharekhan BNP Paribas Financial Services Limited,SBNP221021,Sharekhan BNP Paribas Financial Services Ltd,Delisted,F ,500000.00,INE550X14730, ,Commercial Papers,-,-,-,-
721715,HDFC Securities Limited,HSEC221021,HDFC Securities Ltd,Delisted,F ,500000.00,INE700G14975, ,Commercial Papers,-,-,-,-
721716,HDFC Securities Limited,HSECL221021,HDFC Securities Ltd,Delisted,F ,500000.00,INE700G14AA7, ,Commercial Papers,-,-,-,-
721717,TATA STEEL LIMITED,TSL221021,TATA STEEL Ltd,Delisted,F ,500000.00,INE081A14BV9, ,Commercial Papers,-,-,-,-
721718,TATA STEEL LIMITED,TSLT221021,TATA STEEL Ltd,Delisted,F ,500000.00,INE081A14BW7, ,Commercial Papers,-,-,-,-
721719,Larsen & Toubro Limited,LTL221021,Larsen & Toubro Ltd,Delisted,F ,500000.00,INE018A14IJ1, ,Commercial Papers,-,-,-,-
721720,APL Apollo Tubes Limited,APL251021,APL Apollo Tubes Ltd,Delisted,F ,500000.00,INE702C14BV6, ,Commercial Papers,-,-,-,-
721721,Infina Finance Private Limited,IFPL251021,Infina Finance Pvt Ltd,Delisted,F ,500000.00,INE879F14FA0, ,Commercial Papers,-,-,-,-
721722,ICICI Securities Limited,ISEC221021,ICICI Securities Ltd,Delisted,F ,500000.00,INE763G14LE4, ,Commercial Papers,-,-,-,-
721723,ICICI Securities Limited,ICICI221021,ICICI Securities Ltd,Delisted,F ,500000.00,INE763G14LD6, ,Commercial Papers,-,-,-,-
721724,Sharekhan Limited,SL221021,Sharekhan Ltd,Delisted,F ,500000.00,INE211H14203, ,Commercial Papers,-,-,-,-
721725,Bharat Oman Refineries Limited,BORL251021,Bharat Oman Refineries Ltd,Delisted,F ,500000.00,INE322J14337, ,Commercial Papers,-,-,-,-
721726,Bajaj Financial Securities Limited,BFSL251021,Bajaj Financial Securities Ltd,Delisted,F ,500000.00,INE01C314163, ,Commercial Papers,-,-,-,-
721727,Sharekhan BNP Paribas Financial Services Limited,SKBNP251021,Sharekhan BNP Paribas Financial Services Ltd,Delisted,F ,500000.00,INE550X14748, ,Commercial Papers,-,-,-,-
721728,HDFC Credila Financial Services Ltd,HCFSL251021,HDFC Credila Financial Services Ltd,Delisted,F ,500000.00,INE539K14AO2, ,Commercial Papers,-,-,-,-
721729,SBI CARDS AND PAYMENT SERVICES LIMITED,SBICP251021,SBI CARDS AND PAYMENT SERVICES Ltd,Delisted,F ,500000.00,INE018E14PF6, ,Commercial Papers,-,-,-,-
721730,SIKKA PORTS & TERMINALS LTD,SPTL251021,SIKKA PORTS & TERMINALS LTD,Delisted,F ,500000.00,INE941D14121, ,Commercial Papers,-,-,-,-
721731,Jamnagar Utilities & Power Private Limited,JUPL251021,Jamnagar Utilities & Power Pvt Ltd,Delisted,F ,500000.00,INE936D14121, ,Commercial Papers,-,-,-,-
721732,HDFC Securities Limited,HDFC251021,HDFC Securities Ltd,Delisted,F ,500000.00,INE700G14991, ,Commercial Papers,-,-,-,-
721733,ARKA FINCAP LIMITED,AFL251021,ARKA FINCAP Ltd,Delisted,F ,500000.00,INE03W114112, ,Commercial Papers,-,-,-,-
721734,Pilani Investment And Industries Corporation Limited,PIL261021,Pilani Investment And Industries Corporation Ltd,Delisted,F ,500000.00,INE417C14215, ,Commercial Papers,-,-,-,-
721735,Time Technoplast Limited,TTL261021,Time Technoplast Ltd,Delisted,F ,500000.00,INE508G14BH7, ,Commercial Papers,-,-,-,-
721736,ICICI Securities Limited,ICICI261021,ICICI Securities Ltd,Delisted,F ,500000.00,INE763G14LF1, ,Commercial Papers,-,-,-,-
721737,GIC Housing Finance Ltd.,GICHF271021,GIC Housing Finance Ltd,Delisted,F ,500000.00,INE289B14HR1, ,Commercial Papers,-,-,-,-
721738,Kotak Mahindra Prime Limited,KMPL271021,Kotak Mahindra Prime Ltd,Delisted,F ,500000.00,INE916D140I9, ,Commercial Papers,-,-,-,-
721739,Kotak Mahindra Prime Limited,KMP271021,Kotak Mahindra Prime Ltd,Delisted,F ,500000.00,INE916D140J7, ,Commercial Papers,-,-,-,-
721740,Kotak Mahindra Investments Limited,KMIL271021,Kotak Mahindra Investments Ltd,Delisted,F ,500000.00,INE975F14WF0, ,Commercial Papers,-,-,-,-
721741,J.K. CEMENT LTD,JKC211021,JK CEMENT LTD,Delisted,F ,500000.00,INE823G14603, ,Commercial Papers,-,-,-,-
721742,HDFC Securities Limited,HSEC281021,HDFC Securities Ltd,Delisted,F ,500000.00,INE700G14AC3, ,Commercial Papers,-,-,-,-
721743,Steel Authority of India Ltd.,SAIL281021,Steel Authority of India Ltd,Delisted,F ,500000.00,INE114A14KG0, ,Commercial Papers,-,-,-,-
721744,NABHA POWER LIMITED,NPL281021,NABHA POWER Ltd,Delisted,F ,500000.00,INE445L14CB3, ,Commercial Papers,-,-,-,-
721745,birla Group Holdings Private Limited,BGH281021,birla Group Holdings Pvt Ltd,Delisted,F ,500000.00,INE09OL14862, ,Commercial Papers,-,-,-,-
721746,Axis Securities Limited,ASL281021,Axis Securities Ltd,Delisted,F ,500000.00,INE110O14419, ,Commercial Papers,-,-,-,-
721747,Bajaj Housing Finance Limited,BHFL281021,Bajaj Housing Finance Ltd,Delisted,F ,500000.00,INE377Y14900, ,Commercial Papers,-,-,-,-
721748,TATA STEEL LIMITED,TSL281021,TATA STEEL Ltd,Delisted,F ,500000.00,INE081A14BX5, ,Commercial Papers,-,-,-,-
721749,Julius Baer Capital (India) Private Limited,JBC281021,Julius Baer Capital (India) Pvt Ltd,Delisted,F ,500000.00,INE824H14FU0, ,Commercial Papers,-,-,-,-
721750,Julius Baer Capital (India) Private Limited,JBCL281021,Julius Baer Capital (India) Pvt Ltd,Delisted,F ,500000.00,INE824H14FV8, ,Commercial Papers,-,-,-,-
721751,The Ramco Cements Limited,TRC281021,The Ramco Cements Ltd,Delisted,F ,500000.00,INE331A14LN4, ,Commercial Papers,-,-,-,-
721752,TV18 Broadcast Ltd.,TVBL291021,TV18 Broadcast Ltd,Delisted,F ,500000.00,INE886H14GS1, ,Commercial Papers,-,-,-,-
721753,Sterlite Technologies Limited.,STL291021,Sterlite Technologies Ltd,Delisted,F ,500000.00,INE089C14BJ3, ,Commercial Papers,-,-,-,-
721754,HDFC Securities Limited,HSL291021,HDFC Securities Ltd,Delisted,F ,500000.00,INE700G14AB5, ,Commercial Papers,-,-,-,-
721755,Reliance Retail Ventures Limited,RRVL291021,Reliance Retail Ventures Ltd,Delisted,F ,500000.00,INE929O14438, ,Commercial Papers,-,-,-,-
721756,ICICI Securities Limited,ICICI291021,ICICI Securities Ltd,Delisted,F ,500000.00,INE763G14LG9, ,Commercial Papers,-,-,-,-
721757,ICICI Securities Limited,ISEC291021,ICICI Securities Ltd,Delisted,F ,500000.00,INE763G14LH7, ,Commercial Papers,-,-,-,-
721758,ICICI Securities Limited,ISECL291021,ICICI Securities Ltd,Delisted,F ,500000.00,INE763G14LI5, ,Commercial Papers,-,-,-,-
721759,Kotak Mahindra Investments Limited,KMIL291021,Kotak Mahindra Investments Ltd,Delisted,F ,500000.00,INE975F14WG8, ,Commercial Papers,-,-,-,-
721760,Infina Finance Private Limited,IFPL11121,Infina Finance Pvt Ltd,Delisted,F ,500000.00,INE879F14FB8, ,Commercial Papers,-,-,-,-
721761,Bajaj Finance Limited,BFL11121,Bajaj Finance Ltd,Delisted,F ,500000.00,INE296A14SI4, ,Commercial Papers,-,-,-,-
721762,Kotak Mahindra Prime Limited,KMPL011121,Kotak Mahindra Prime Ltd,Delisted,F ,500000.00,INE916D140K5, ,Commercial Papers,-,-,-,-
721763,Kotak Mahindra Prime Limited,KMPL1NOV21,Kotak Mahindra Prime Ltd,Delisted,F ,500000.00,INE916D140L3, ,Commercial Papers,-,-,-,-
721764,Julius Baer Capital (India) Private Limited,JBCPL011121,Julius Baer Capital (India) Pvt Ltd,Delisted,F ,500000.00,INE824H14FX4, ,Commercial Papers,-,-,-,-
721765,JSW Energy Limited,JSW21121,JSW Energy Ltd,Delisted,F ,500000.00,INE121E14185, ,Commercial Papers,-,-,-,-
721766,360 ONE WAM LIMITED,IIFL11121,IIFL Wealth Management Ltd,Delisted,F ,500000.00,INE466L14AI8, ,Commercial Papers,-,-,-,-
721767,Bajaj Finance Limited,BFL21121,Bajaj Finance Ltd,Delisted,F ,500000.00,INE296A14SH6, ,Commercial Papers,-,-,-,-
721768,ECL Finance Limited,ECL11121,ECL Finance Ltd,Delisted,F ,500000.00,INE804I14UT1, ,Commercial Papers,-,-,-,-
721769,360 ONE Prime Limited,IIFL011121,IIFL Wealth Prime Ltd,Delisted,F ,500000.00,INE248U14JT9, ,Commercial Papers,-,-,-,-
721770,BEML Ltd,BEML021121,BEML Ltd,Delisted,F ,500000.00,INE258A14076, ,Commercial Papers,-,-,-,-
721771,Network 18 Media & Investments Limited,NMIL21121,Network 18 Media & Investments Ltd,Delisted,F ,500000.00,INE870H14NF8, ,Commercial Papers,-,-,-,-
721772,Sharekhan BNP Paribas Financial Services Limited,SBNP21121,Sharekhan BNP Paribas Financial Services Ltd,Delisted,F ,500000.00,INE550X14755, ,Commercial Papers,-,-,-,-
721773,Bajaj Finance Limited,BFL021121,Bajaj Finance Ltd,Delisted,F ,500000.00,INE296A14SJ2, ,Commercial Papers,-,-,-,-
721774,Kotak Securities Limited,KSL021121,Kotak Securities Ltd,Delisted,F ,500000.00,INE028E14JD3, ,Commercial Papers,-,-,-,-
721775,POONAWALLA FINCORP LIMITED,PFL21121,POONAWALLA FINCORP Ltd,Delisted,F ,500000.00,INE511C14UO6, ,Commercial Papers,-,-,-,-
721776,Julius Baer Capital (India) Private Limited,JBC21121,Julius Baer Capital (India) Pvt Ltd,Delisted,F ,500000.00,INE824H14FW6, ,Commercial Papers,-,-,-,-
721777,Motilal Oswal Finvest Limited,MOFL21121,Motilal Oswal Finvest Ltd,Delisted,F ,500000.00,INE01WN14421, ,Commercial Papers,-,-,-,-
721778,Nuvama Wealth Finance Limited,EFIL021121,Edelweiss Finance & Investments Ltd,Delisted,F ,500000.00,INE918K14645, ,Commercial Papers,-,-,-,-
721779,JM Financial Properties and Holdings Limited,JMFL21121,JM Financial Properties and Holdings Ltd,Delisted,F ,500000.00,INE525R14759, ,Commercial Papers,-,-,-,-
721780,JM Financial Properties and Holdings Limited,JMFL021121,JM Financial Properties and Holdings Ltd,Delisted,F ,500000.00,INE525R14767, ,Commercial Papers,-,-,-,-
721781,JM Financial Properties and Holdings Limited,JMF021121,JM Financial Properties and Holdings Ltd,Delisted,F ,500000.00,INE525R14775, ,Commercial Papers,-,-,-,-
721782,MOTILAL OSWAL WEALTH LIMITED,MOWL021121,MOTILAL OSWAL WEALTH Ltd,Delisted,F ,500000.00,INE02KQ14013, ,Commercial Papers,-,-,-,-
721783,Adani Enterprises Ltd.,AEL21121,Adani Enterprises Ltd,Delisted,F ,500000.00,INE423A14NY2, ,Commercial Papers,-,-,-,-
721784,Infina Finance Private Limited,IFPL031121,Infina Finance Pvt Ltd,Delisted,F ,500000.00,INE879F14FC6, ,Commercial Papers,-,-,-,-
721785,Motilal Oswal Finvest Limited,MOFL021121,Motilal Oswal Finvest Ltd,Delisted,F ,500000.00,INE01WN14439, ,Commercial Papers,-,-,-,-
721786,360 ONE Prime Limited,IIFL021121,IIFL Wealth Prime Ltd,Delisted,F ,500000.00,INE248U14JS1, ,Commercial Papers,-,-,-,-
721787,Network 18 Media & Investments Limited,NMIL31121,Network 18 Media & Investments Ltd,Delisted,F ,500000.00,INE870H14NE1, ,Commercial Papers,-,-,-,-
721788,HDFC Securities Limited,HSL31121,HDFC Securities Ltd,Delisted,F ,500000.00,INE700G14AD1, ,Commercial Papers,-,-,-,-
721789,360 ONE WAM LIMITED,IIFLW021121,IIFL Wealth Management Ltd,Delisted,F ,500000.00,INE466L14AH0, ,Commercial Papers,-,-,-,-
721790,Time Technoplast Limited,TTL031121,Time Technoplast Ltd,Delisted,F ,500000.00,INE508G14BI5, ,Commercial Papers,-,-,-,-
721791,Indian Oil Corporation Ltd.,IOCL31121,Indian Oil Corporation Ltd,Delisted,F ,500000.00,INE242A14VD3, ,Commercial Papers,-,-,-,-
721792,Indian Oil Corporation Ltd.,IOCL031121,Indian Oil Corporation Ltd,Delisted,F ,500000.00,INE242A14VE1, ,Commercial Papers,-,-,-,-
721793,Indian Oil Corporation Ltd.,IOCL31121A,Indian Oil Corporation Ltd,Delisted,F ,500000.00,INE242A14VF8, ,Commercial Papers,-,-,-,-
721794,Reliance Retail Ventures Limited,RRVL31121,Reliance Retail Ventures Ltd,Delisted,F ,500000.00,INE929O14420, ,Commercial Papers,-,-,-,-
721795,NLC Tamilnadu Power Limited,NLC31121,NLC Tamilnadu Power Ltd,Delisted,F ,500000.00,INE05C614147, ,Commercial Papers,-,-,-,-
721796,JSW Steel Limited,JSW031121,JSW Steel Ltd,Delisted,F ,500000.00,INE019A14JZ3, ,Commercial Papers,-,-,-,-
721797,Kotak Mahindra Prime Limited,KMPL81121,Kotak Mahindra Prime Ltd,Delisted,F ,500000.00,INE916D140M1, ,Commercial Papers,-,-,-,-
721798,TV18 Broadcast Ltd.,TVBL81121,TV18 Broadcast Ltd,Delisted,F ,500000.00,INE886H14GT9, ,Commercial Papers,-,-,-,-
721799,Julius Baer Capital (India) Private Limited,JBCPL81121,Julius Baer Capital (India) Pvt Ltd,Delisted,F ,500000.00,INE824H14FZ9, ,Commercial Papers,-,-,-,-
721800,Reliance Retail Ventures Limited,RRVL81121,Reliance Retail Ventures Ltd,Delisted,F ,500000.00,INE929O14412, ,Commercial Papers,-,-,-,-
721801,Indian Oil Corporation Ltd.,IOCL081121,Indian Oil Corporation Ltd,Delisted,F ,500000.00,INE242A14VH4, ,Commercial Papers,-,-,-,-
721802,Indian Oil Corporation Ltd.,IOCL081121A,Indian Oil Corporation Ltd,Delisted,F ,500000.00,INE242A14VG6, ,Commercial Papers,-,-,-,-
721803,Indian Oil Corporation Ltd.,IOCL081121B,Indian Oil Corporation Ltd,Delisted,F ,500000.00,INE242A14VI2, ,Commercial Papers,-,-,-,-
721804,HDFC Securities Limited,HDFCSL91121,HDFC Securities Ltd,Delisted,F ,500000.00,INE700G14AE9, ,Commercial Papers,-,-,-,-
721805,birla Group Holdings Private Limited,BGHPL101121,birla Group Holdings Pvt Ltd,Delisted,F ,500000.00,INE09OL14888, ,Commercial Papers,-,-,-,-
721806,HDFC Securities Limited,HDFC101121,HDFC Securities Ltd,Delisted,F ,500000.00,INE700G14AF6, ,Commercial Papers,-,-,-,-
721807,Shree Cements Ltd.,SCL101121,Shree Cements Ltd,Delisted,F ,500000.00,INE070A14539, ,Commercial Papers,-,-,-,-
721808,Reliance Jio Infocomm Limited,RJIL101121,Reliance Jio Infocomm Ltd,Delisted,F ,500000.00,INE110L14QD9, ,Commercial Papers,-,-,-,-
721809,Reliance Jio Infocomm Limited,RJIL1011021,Reliance Jio Infocomm Ltd,Delisted,F ,500000.00,INE110L14QB3, ,Commercial Papers,-,-,-,-
721810,Reliance Industries Ltd,RIL101121,Reliance Industries Ltd,Delisted,F ,500000.00,INE002A14JJ3, ,Commercial Papers,-,-,-,-
721811,Indian Oil Corporation Ltd.,IOCL101121,Indian Oil Corporation Ltd,Delisted,F ,500000.00,INE242A14VJ0, ,Commercial Papers,-,-,-,-
721812,ICICI Securities Limited,ICICI101121,ICICI Securities Ltd,Delisted,F ,500000.00,INE763G14LJ3, ,Commercial Papers,-,-,-,-
721813,ICICI Securities Limited,ISEC101121,ICICI Securities Ltd,Delisted,F ,500000.00,INE763G14LK1, ,Commercial Papers,-,-,-,-
721814,Time Technoplast Limited,TTL111121,Time Technoplast Ltd,Delisted,F ,500000.00,INE508G14BK1, ,Commercial Papers,-,-,-,-
721815,Adani Ports and Special Economic Zone Ltd,405APSEZ22,Adani Ports and Special Economic Zone Ltd,Delisted,F ,500000.00,INE742F14PY9, ,Commercial Papers,-,-,-,-
721816,ECL Finance Limited,EFL111121,ECL Finance Ltd,Delisted,F ,500000.00,INE804I14UU9, ,Commercial Papers,-,-,-,-
721817,Julius Baer Capital (India) Private Limited,JBC111121,Julius Baer Capital (India) Pvt Ltd,Delisted,F ,500000.00,INE824H14FY2, ,Commercial Papers,-,-,-,-
721818,Infina Finance Private Limited,IFPL121121,Infina Finance Pvt Ltd,Delisted,F ,500000.00,INE879F14FD4, ,Commercial Papers,-,-,-,-
721819,360 ONE Prime Limited,IWPL111121,IIFL Wealth Prime Ltd,Delisted,F ,500000.00,INE248U14JU7, ,Commercial Papers,-,-,-,-
721820,360 ONE WAM LIMITED,IWML111121,IIFL Wealth Management Ltd,Delisted,F ,500000.00,INE466L14AJ6, ,Commercial Papers,-,-,-,-
721821,Nuvama Wealth Finance Limited,EFIL121121,Edelweiss Finance & Investments Ltd,Delisted,F ,500000.00,INE918K14652, ,Commercial Papers,-,-,-,-
721822,Bharat Petroleum Corpn. Ltd.,BPCL121121,Bharat Petroleum Corpn Ltd,Delisted,F ,500000.00,INE029A14BK1, ,Commercial Papers,-,-,-,-
721823,Dalmia Cement (Bharat) Limited,DCBL121121,Dalmia Cement (Bharat) Ltd,Delisted,F ,500000.00,INE755K14DX9, ,Commercial Papers,-,-,-,-
721824,Reliance Industries Ltd,RIL121121,Reliance Industries Ltd,Delisted,F ,500000.00,INE002A14JK1, ,Commercial Papers,-,-,-,-
721825,Reliance Jio Infocomm Limited,RJIL121121,Reliance Jio Infocomm Ltd,Delisted,F ,500000.00,INE110L14QC1, ,Commercial Papers,-,-,-,-
721826,Kotak Mahindra Prime Limited,KMPL121121,Kotak Mahindra Prime Ltd,Delisted,F ,500000.00,INE916D140O7, ,Commercial Papers,-,-,-,-
721827,birla Group Holdings Private Limited,BGHPL121121,birla Group Holdings Pvt Ltd,Delisted,F ,500000.00,INE09OL14870, ,Commercial Papers,-,-,-,-
721828,Indian Oil Corporation Ltd.,IOCL121121,Indian Oil Corporation Ltd,Delisted,F ,500000.00,INE242A14VK8, ,Commercial Papers,-,-,-,-
721829,Housing Development Finance Corp.Lt,HDFC121121,Housing Development Finance CorpLt,Delisted,F ,500000.00,INE001A14XY5, ,Commercial Papers,-,-,-,-
721830,360 ONE Prime Limited,IWPL121121,IIFL Wealth Prime Ltd,Delisted,F ,500000.00,INE248U14JW3, ,Commercial Papers,-,-,-,-
721831,Housing Development Finance Corp.Lt,HDFCL121121,Housing Development Finance CorpLt,Delisted,F ,500000.00,INE001A14XZ2, ,Commercial Papers,-,-,-,-
721832,360 ONE WAM LIMITED,IWML121121,IIFL Wealth Management Ltd,Delisted,F ,500000.00,INE466L14AK4, ,Commercial Papers,-,-,-,-
721833,Adani Enterprises Ltd.,AEL121121,Adani Enterprises Ltd,Delisted,F ,500000.00,INE423A14OB8, ,Commercial Papers,-,-,-,-
721834,Kotak Securities Limited,KSL151121,Kotak Securities Ltd,Delisted,F ,500000.00,INE028E14JE1, ,Commercial Papers,-,-,-,-
721835,Kotak Mahindra Investments Limited,KMIL121121,Kotak Mahindra Investments Ltd,Delisted,F ,500000.00,INE975F14WH6, ,Commercial Papers,-,-,-,-
721836,Kotak Mahindra Investments Limited,KMIL121121A,Kotak Mahindra Investments Ltd,Delisted,F ,500000.00,INE975F14WI4, ,Commercial Papers,-,-,-,-
721837,Kotak Mahindra Investments Limited,KMIL121121B,Kotak Mahindra Investments Ltd,Delisted,F ,500000.00,INE975F14WJ2, ,Commercial Papers,-,-,-,-
721838,TV18 Broadcast Ltd.,TVBL151121,TV18 Broadcast Ltd,Delisted,F ,500000.00,INE886H14GV5, ,Commercial Papers,-,-,-,-
721839,birla Group Holdings Private Limited,BGHP151121,birla Group Holdings Pvt Ltd,Delisted,F ,500000.00,INE09OL14904, ,Commercial Papers,-,-,-,-
721840,Bharat Heavy Electricals Ltd.,BHEL151121,Bharat Heavy Electricals Ltd,Delisted,F ,500000.00,INE257A14714, ,Commercial Papers,-,-,-,-
721841,JM Financial Properties and Holdings Limited,JMFPH151121,JM Financial Properties and Holdings Ltd,Delisted,F ,500000.00,INE525R14783, ,Commercial Papers,-,-,-,-
721842,Aarti Industries Ltd,AIL151121,Aarti Industries Ltd,Delisted,F ,500000.00,INE769A14692, ,Commercial Papers,-,-,-,-
721843,HDFC Securities Limited,HSL151121,HDFC Securities Ltd,Delisted,F ,500000.00,INE700G14AG4, ,Commercial Papers,-,-,-,-
721844,Julius Baer Capital (India) Private Limited,JBC151121,Julius Baer Capital (India) Pvt Ltd,Delisted,F ,500000.00,INE824H14GA0, ,Commercial Papers,-,-,-,-
721845,Bajaj Finance Limited,BFL151121,Bajaj Finance Ltd,Delisted,F ,500000.00,INE296A14SK0, ,Commercial Papers,-,-,-,-
721846,Kotak Mahindra Prime Limited,KMPL151121,Kotak Mahindra Prime Ltd,Delisted,F ,500000.00,INE916D140N9, ,Commercial Papers,-,-,-,-
721847,Aditya Birla Finance Limited,ABFL161121,Aditya Birla Finance Ltd,Delisted,F ,500000.00,INE860H14V02, ,Commercial Papers,-,-,-,-
721848,360 ONE Prime Limited,IWPL151121,IIFL Wealth Prime Ltd,Delisted,F ,500000.00,INE248U14JV5, ,Commercial Papers,-,-,-,-
721849,JSW Energy Limited,JEL161121,JSW Energy Ltd,Delisted,F ,500000.00,INE121E14193, ,Commercial Papers,-,-,-,-
721850,Motilal Oswal Finvest Limited,MOFL161121,Motilal Oswal Finvest Ltd,Delisted,F ,500000.00,INE01WN14447, ,Commercial Papers,-,-,-,-
721851,ICICI HOME FINANCE COMPANY LIMITED,IHFCL161121,ICICI HOME FINANCE COMPANY Ltd,Delisted,F ,500000.00,INE071G14DT7, ,Commercial Papers,-,-,-,-
721852,KEC International Ltd.,KIL161121,KEC International Ltd,Delisted,F ,500000.00,INE389H14HE4, ,Commercial Papers,-,-,-,-
721853,Network 18 Media & Investments Limited,NMIL161121,Network 18 Media & Investments Ltd,Delisted,F ,500000.00,INE870H14NG6, ,Commercial Papers,-,-,-,-
721854,Reliance Retail Ventures Limited,RRVL161121,Reliance Retail Ventures Ltd,Delisted,F ,500000.00,INE929O14446, ,Commercial Papers,-,-,-,-
721855,Kotak Mahindra Investments Limited,KMIL161121,Kotak Mahindra Investments Ltd,Delisted,F ,500000.00,INE975F14WK0, ,Commercial Papers,-,-,-,-
721856,ICICI Securities Limited,ISEC161121,ICICI Securities Ltd,Delisted,F ,500000.00,INE763G14LL9, ,Commercial Papers,-,-,-,-
721857,IndoStar Capital Finance Limited,ICFL161121,IndoStar Capital Finance Ltd,Delisted,F ,500000.00,INE896L14CV5, ,Commercial Papers,-,-,-,-
721858,Axis Securities Limited,ASL151121,Axis Securities Ltd,Delisted,F ,500000.00,INE110O14427, ,Commercial Papers,-,-,-,-
721859,Adani Ports and Special Economic Zone Ltd,APSE161121,Adani Ports and Special Economic Zone Ltd,Delisted,F ,500000.00,INE742F14PX1, ,Commercial Papers,-,-,-,-
721860,Chennai Petroleum Corporation Ltd.,CPCL161121,Chennai Petroleum Corporation Ltd,Delisted,F ,500000.00,INE178A14HB2, ,Commercial Papers,-,-,-,-
721861,TRUST INVESTMENT ADVISORS PRIVATE LIMITED,TIAL161121,TRUST INVESTMENT ADVISORS Pvt Ltd,Delisted,F ,500000.00,INE723X14AM9, ,Commercial Papers,-,-,-,-
721862,GIC Housing Finance Ltd.,GHFL171121,GIC Housing Finance Ltd,Delisted,F ,500000.00,INE289B14HS9, ,Commercial Papers,-,-,-,-
721863,TV18 Broadcast Ltd.,TVBL171121,TV18 Broadcast Ltd,Delisted,F ,500000.00,INE886H14GU7, ,Commercial Papers,-,-,-,-
721864,Time Technoplast Limited,TTL171121,Time Technoplast Ltd,Delisted,F ,500000.00,INE508G14BL9, ,Commercial Papers,-,-,-,-
721865,ICICI HOME FINANCE COMPANY LIMITED,IHFC171121,ICICI HOME FINANCE COMPANY Ltd,Delisted,F ,500000.00,INE071G14DS9, ,Commercial Papers,-,-,-,-
721866,Kotak Mahindra Prime Limited,475KMPL21,Kotak Mahindra Prime Ltd,Delisted,F ,500000.00,INE916D140P4, ,Commercial Papers,-,-,-,-
721867,J.K. CEMENT LTD,JKCL171121,JK CEMENT LTD,Delisted,F ,500000.00,INE823G14611, ,Commercial Papers,-,-,-,-
721868,Reliance Industries Ltd,RIL171121,Reliance Industries Ltd,Delisted,F ,500000.00,INE002A14JM7, ,Commercial Papers,-,-,-,-
721869,Reliance Industries Ltd,RIL1701121,Reliance Industries Ltd,Delisted,F ,500000.00,INE002A14JL9, ,Commercial Papers,-,-,-,-
721870,ICICI Securities Limited,ISEC171121,ICICI Securities Ltd,Delisted,F ,500000.00,INE763G14LM7, ,Commercial Papers,-,-,-,-
721871,TATA INTERNATIONAL LIMITED,TIL171121,TATA INTERNATIONAL Ltd,Delisted,F ,500000.00,INE751F14285, ,Commercial Papers,-,-,-,-
721872,birla Group Holdings Private Limited,BGHPL171121,BGHPL-16-2-22-CP,Delisted,F ,500000.00,INE09OL14896, ,Commercial Papers,-,-,-,-
721873,Nuvama Wealth Finance Limited,EFIL171121,EFIL-16-2-22-CP,Delisted,F ,500000.00,INE918K14678, ,Commercial Papers,-,-,-,-
721874,KEC International Ltd.,KECIL171121,KEC International Ltd,Delisted,F ,500000.00,INE389H14HD6, ,Commercial Papers,-,-,-,-
721875,Bajaj Financial Securities Limited,BFSL181121,Bajaj Financial Securities Ltd,Delisted,F ,500000.00,INE01C314171, ,Commercial Papers,-,-,-,-
721876,Kotak Mahindra Investments Limited,KMIL171121,Kotak Mahindra Investments Ltd,Delisted,F ,500000.00,INE975F14WL8, ,Commercial Papers,-,-,-,-
721877,Motilal Oswal Finvest Limited,MOFL171121,Motilal Oswal Finvest Ltd,Delisted,F ,500000.00,INE01WN14454, ,Commercial Papers,-,-,-,-
721878,Tata Power Co. Ltd,TPL181121,Tata Power Co Ltd,Delisted,F ,500000.00,INE245A14FI8, ,Commercial Papers,-,-,-,-
721879,Bajaj Housing Finance Limited,BHFL181121,Bajaj Housing Finance Ltd,Delisted,F ,500000.00,INE377Y14918, ,Commercial Papers,-,-,-,-
721880,MOTILAL OSWAL WEALTH LIMITED,MOWL171121,MOTILAL OSWAL WEALTH Ltd,Delisted,F ,500000.00,INE02KQ14047, ,Commercial Papers,-,-,-,-
721881,MOTILAL OSWAL WEALTH LIMITED,MOWL171121,MOTILAL OSWAL WEALTH Ltd,Delisted,F ,500000.00,INE02KQ14039, ,Commercial Papers,-,-,-,-
721882,Reliance Jio Infocomm Limited,RJIL181121,Reliance Jio Infocomm Ltd,Delisted,F ,500000.00,INE110L14QE7, ,Commercial Papers,-,-,-,-
721883,JSW Steel Limited,JSWSL181121,JSW Steel Ltd,Delisted,F ,500000.00,INE019A14KA4, ,Commercial Papers,-,-,-,-
721884,Axis Finance Limited,AFL181121,Axis Finance Ltd,Delisted,F ,500000.00,INE891K14LE5, ,Commercial Papers,-,-,-,-
721885,Julius Baer Capital (India) Private Limited,JBCPL181121,Julius Baer Capital (India) Pvt Ltd,Delisted,F ,500000.00,INE824H14GB8, ,Commercial Papers,-,-,-,-
721886,KEC International Ltd.,KECIL181121,KEC International Ltd,Delisted,F ,500000.00,INE389H14HF1, ,Commercial Papers,-,-,-,-
721887,Sterlite Technologies Limited.,STL181121,Sterlite Technologies Ltd,Delisted,F ,500000.00,INE089C14BK1, ,Commercial Papers,-,-,-,-
721888,Nuvama Wealth Finance Limited,585EFIL22,Edelweiss Finance & Investments Ltd,Delisted,F ,500000.00,INE918K14660, ,Commercial Papers,-,-,-,-
721889,Indian Oil Corporation Ltd.,IOCL181121,Indian Oil Corporation Ltd,Delisted,F ,500000.00,INE242A14VL6, ,Commercial Papers,-,-,-,-
721890,Bajaj Finance Limited,BFL181121,Bajaj Finance Ltd,Delisted,F ,500000.00,INE296A14SL8, ,Commercial Papers,-,-,-,-
721891,Kotak Securities Limited,KSL221121,Kotak Securities Ltd,Delisted,F ,500000.00,INE028E14JF8, ,Commercial Papers,-,-,-,-
721892,Tata Power Co. Ltd,TPCL221121,Tata Power Co Ltd,Delisted,F ,500000.00,INE245A14FJ6, ,Commercial Papers,-,-,-,-
721893,birla Group Holdings Private Limited,BGHPL221121,birla Group Holdings Pvt Ltd,Delisted,F ,500000.00,INE09OL14912, ,Commercial Papers,-,-,-,-
721894,Vardhman Textiles Limted,VTL221121,Vardhman Textiles Limted,Delisted,F ,500000.00,INE825A14932, ,Commercial Papers,-,-,-,-
721895,ECL Finance Limited,ECLFL221121,ECL Finance Ltd,Delisted,F ,500000.00,INE804I14UV7, ,Commercial Papers,-,-,-,-
721896,Bajaj Finance Limited,BFL221121,Bajaj Finance Ltd,Delisted,F ,500000.00,INE296A14SM6, ,Commercial Papers,-,-,-,-
721897,Avanse Financial Services Limited,AFSL221121,Avanse Financial Services Ltd,Delisted,F ,500000.00,INE087P14630, ,Commercial Papers,-,-,-,-
721898,Chennai Petroleum Corporation Ltd.,CPCL221121,Chennai Petroleum Corporation Ltd,Delisted,F ,500000.00,INE178A14HC0, ,Commercial Papers,-,-,-,-
721899,HT Media Ltd,HTML181121,HT Media Ltd,Delisted,F ,500000.00,INE501G14CF4, ,Commercial Papers,-,-,-,-
721900,ARKA FINCAP LIMITED,AFL221121,ARKA FINCAP Ltd,Delisted,F ,500000.00,INE03W114120, ,Commercial Papers,-,-,-,-
721901,Infina Finance Private Limited,IFPI221121,Infina Finance Pvt Ltd,Delisted,F ,500000.00,INE879F14FE2, ,Commercial Papers,-,-,-,-
721902,BOBCARD LIMITED,BOBFS221121,BOB Financial Solutions Ltd,Delisted,F ,500000.00,INE027214167, ,Commercial Papers,-,-,-,-
721903,Axis Securities Limited,ASL221121,Axis Securities Ltd,Delisted,F ,500000.00,INE110O14435, ,Commercial Papers,-,-,-,-
721904,Solar Industries India Limited,SIIL221121,Solar Industries India Ltd,Delisted,F ,500000.00,INE343H14121, ,Commercial Papers,-,-,-,-
721905,Steel Authority of India Ltd.,SAIL221121,Steel Authority of India Ltd,Delisted,F ,500000.00,INE114A14KH8, ,Commercial Papers,-,-,-,-
721906,Century Textiles & Industries Ltd.,CTIL221121,Century Textiles & Industries Ltd,Delisted,F ,500000.00,INE055A14IR6, ,Commercial Papers,-,-,-,-
721907,360 ONE Prime Limited,IIFLWP2211,IIFL Wealth Prime Ltd,Delisted,F ,500000.00,INE248U14JX1, ,Commercial Papers,-,-,-,-
721908,Kotak Mahindra Investments Limited,KMIL231121,Kotak Mahindra Investments Ltd,Delisted,F ,500000.00,INE975F14WM6, ,Commercial Papers,-,-,-,-
721909,Nuvama Wealth Finance Limited,EFIL221121,Edelweiss Finance & Investments Ltd,Delisted,F ,500000.00,INE918K14694, ,Commercial Papers,-,-,-,-
721910,Nuvama Wealth Finance Limited,EFI22112021,Edelweiss Finance & Investments Ltd,Delisted,F ,500000.00,INE918K14686, ,Commercial Papers,-,-,-,-
721911,Dalmia Cement (Bharat) Limited,DCBL221121,Dalmia Cement (Bharat) Ltd,Delisted,F ,500000.00,INE755K14DY7, ,Commercial Papers,-,-,-,-
721912,HT Media Ltd,HTML2211,HT Media Ltd,Delisted,F ,500000.00,INE501G14CE7, ,Commercial Papers,-,-,-,-
721913,Dalmia Cement (Bharat) Limited,DCBL231121,Dalmia Cement (Bharat) Ltd,Delisted,F ,500000.00,INE755K14DZ4, ,Commercial Papers,-,-,-,-
721914,360 ONE WAM LIMITED,IWML221121,IIFL Wealth Management Ltd,Delisted,F ,500000.00,INE466L14AL2, ,Commercial Papers,-,-,-,-
721915,Pilani Investment And Industries Corporation Limited,PIICL231121,Pilani Investment And Industries Corporation Ltd,Delisted,F ,500000.00,INE417C14223, ,Commercial Papers,-,-,-,-
721916,ICICI Securities Primary Dealership Limited,ISPDL231121,ICICI Securities Primary Dealership Ltd,Delisted,F ,500000.00,INE849D14GU4, ,Commercial Papers,-,-,-,-
721917,Tata Power Co. Ltd,TPCL231121,Tata Power Co Ltd,Delisted,F ,500000.00,INE245A14FK4, ,Commercial Papers,-,-,-,-
721918,JM Financial Properties and Holdings Limited,JMFPH231121,JM Financial Properties and Holdings Ltd,Delisted,F ,500000.00,INE525R14791, ,Commercial Papers,-,-,-,-
721919,Network 18 Media & Investments Limited,NMIL231121,Network 18 Media & Investments Ltd,Delisted,F ,500000.00,INE870H14NI2, ,Commercial Papers,-,-,-,-
721920,Shree Cements Ltd.,SCL231121,Shree Cements Ltd,Delisted,F ,500000.00,INE070A14547, ,Commercial Papers,-,-,-,-
721921,Can Fin Homes Ltd.,CFHL231121,Can Fin Homes Ltd,Delisted,F ,500000.00,INE477A14BP1, ,Commercial Papers,-,-,-,-
721922,Sharekhan Limited,SL231121,Sharekhan Ltd,Delisted,F ,500000.00,INE211H14211, ,Commercial Papers,-,-,-,-
721923,Steel Authority of India Ltd.,SAIL241121,Steel Authority of India Ltd,Delisted,F ,500000.00,INE114A14KI6, ,Commercial Papers,-,-,-,-
721924,Network 18 Media & Investments Limited,NMIL241121,Network 18 Media & Investments Ltd,Delisted,F ,500000.00,INE870H14NH4, ,Commercial Papers,-,-,-,-
721925,SBI CARDS AND PAYMENT SERVICES LIMITED,SBICP241121,SBI CARDS AND PAYMENT SERVICES Ltd,Delisted,F ,500000.00,INE018E14PG4, ,Commercial Papers,-,-,-,-
721926,J.K. CEMENT LTD,JKCL241121,JK CEMENT LTD,Delisted,F ,500000.00,INE823G14629, ,Commercial Papers,-,-,-,-
721927,Infina Finance Private Limited,IFPL251121,Infina Finance Pvt Ltd,Delisted,F ,500000.00,INE879F14FF9, ,Commercial Papers,-,-,-,-
721928,HDFC Securities Limited,HDFCS241121,HDFC Securities Ltd,Delisted,F ,500000.00,INE700G14AH2, ,Commercial Papers,-,-,-,-
721929,Housing Development Finance Corp.Lt,HDFC251121,Housing Development Finance CorpLt,Delisted,F ,500000.00,INE001A14YA3, ,Commercial Papers,-,-,-,-
721930,Kotak Mahindra Investments Limited,KMIL251121,Kotak Mahindra Investments Ltd,Delisted,F ,500000.00,INE975F14WN4, ,Commercial Papers,-,-,-,-
721931,Kotak Mahindra Investments Limited,KMIL251121A,Kotak Mahindra Investments Ltd,Delisted,F ,500000.00,INE975F14WO2, ,Commercial Papers,-,-,-,-
721932,STANDARD CHARTERED CAPITAL LIMITED,SCCL251121,Standard Chartered Capital Ltd,Delisted,F ,500000.00,INE403G14OU7, ,Commercial Papers,-,-,-,-
721933,Julius Baer Capital (India) Private Limited,JBC251121,Julius Baer Capital (India) Pvt Ltd,Delisted,F ,500000.00,INE824H14GC6, ,Commercial Papers,-,-,-,-
721934,GIC Housing Finance Ltd.,GICHF251121,GIC Housing Finance Ltd,Delisted,F ,500000.00,INE289B14HT7, ,Commercial Papers,-,-,-,-
721935,MUTHOOT FINANCE LIMITED,MFL241121,MUTHOOT FINANCE Ltd,Delisted,F ,500000.00,INE414G14SG4, ,Commercial Papers,-,-,-,-
721936,Nissan Renault Financial Services India Private Limited,NRFS241121,Nissan Renault Financial Services India Pvt Ltd,Delisted,F ,500000.00,INE566V14219, ,Commercial Papers,-,-,-,-
721937,Axis Securities Limited,ASL251121,Axis Securities Ltd,Delisted,F ,500000.00,INE110O14443, ,Commercial Papers,-,-,-,-
721938,Reliance Industries Ltd,RIL251121,Reliance Industries Ltd,Delisted,F ,500000.00,INE002A14JN5, ,Commercial Papers,-,-,-,-
721939,Reliance Industries Ltd,RIL251121A,Reliance Industries Ltd,Delisted,F ,500000.00,INE002A14JO3, ,Commercial Papers,-,-,-,-
721940,birla Group Holdings Private Limited,BGPL251121,birla Group Holdings Pvt Ltd,Delisted,F ,500000.00,INE09OL14920, ,Commercial Papers,-,-,-,-
721941,The Ramco Cements Limited,TRCL251121,The Ramco Cements Ltd,Delisted,F ,500000.00,INE331A14LO2, ,Commercial Papers,-,-,-,-
721942,Manappuram Finance Limited,MFL251121,Manappuram Finance Ltd,Delisted,F ,500000.00,INE522D14NJ6, ,Commercial Papers,-,-,-,-
721943,Manappuram Finance Limited,MFL261121,Manappuram Finance Ltd,Delisted,F ,500000.00,INE522D14NK4, ,Commercial Papers,-,-,-,-
721944,STANDARD CHARTERED CAPITAL LIMITED,SCCL251121A,Standard Chartered Capital Ltd,Delisted,F ,500000.00,INE403G14OT9, ,Commercial Papers,-,-,-,-
721945,STANDARD CHARTERED CAPITAL LIMITED,SCCL251121B,Standard Chartered Capital Ltd,Delisted,F ,500000.00,INE403G14OS1, ,Commercial Papers,-,-,-,-
721946,MUTHOOT FINANCE LIMITED,MFL261121A,MUTHOOT FINANCE Ltd,Delisted,F ,500000.00,INE414G14SI0, ,Commercial Papers,-,-,-,-
721947,NABHA POWER LIMITED,NPL261121,NABHA POWER Ltd,Delisted,F ,500000.00,INE445L14CC1, ,Commercial Papers,-,-,-,-
721948,BOBCARD LIMITED,BOBFS261121,BOB Financial Solutions Ltd,Delisted,F ,500000.00,INE027214175, ,Commercial Papers,-,-,-,-
721949,Axis Finance Limited,AFL261121,Axis Finance Ltd,Delisted,F ,500000.00,INE891K14LF2, ,Commercial Papers,-,-,-,-
721950,Bajaj Finance Limited,BFL261121,Bajaj Finance Ltd,Delisted,F ,500000.00,INE296A14SO2, ,Commercial Papers,-,-,-,-
721951,Network 18 Media & Investments Limited,NMIL261121,Network 18 Media & Investments Ltd,Delisted,F ,500000.00,INE870H14NJ0, ,Commercial Papers,-,-,-,-
721952,The Ramco Cements Limited,TRC261121,The Ramco Cements Ltd,Delisted,F ,500000.00,INE331A14LP9, ,Commercial Papers,-,-,-,-
721953,TATA INTERNATIONAL LIMITED,TIL261121,TATA INTERNATIONAL Ltd,Delisted,F ,500000.00,INE751F14293, ,Commercial Papers,-,-,-,-
721954,Steel Authority of India Ltd.,SAIL261121,Steel Authority of India Ltd,Delisted,F ,500000.00,INE114A14KJ4, ,Commercial Papers,-,-,-,-
721955,Bajaj Finance Limited,BFL291121,Bajaj Finance Ltd,Delisted,F ,500000.00,INE296A14SN4, ,Commercial Papers,-,-,-,-
721956,birla Group Holdings Private Limited,BGHPL291121,birla Group Holdings Pvt Ltd,Delisted,F ,500000.00,INE09OL14938, ,Commercial Papers,-,-,-,-
721957,MUTHOOT FINANCE LIMITED,MFL291121,MUTHOOT FINANCE Ltd,Delisted,F ,500000.00,INE414G14SH2, ,Commercial Papers,-,-,-,-
721958,Tata Power Co. Ltd,TPCL291121,Tata Power Co Ltd,Delisted,F ,500000.00,INE245A14FL2, ,Commercial Papers,-,-,-,-
721959,Motilal Oswal Financial Services Limited,MOFSL291121,Motilal Oswal Financial Services Ltd,Delisted,F ,500000.00,INE338I14CT8, ,Commercial Papers,-,-,-,-
721960,HDFC Securities Limited,HSEC291121,HDFC Securities Ltd,Delisted,F ,500000.00,INE700G14AI0, ,Commercial Papers,-,-,-,-
721961,Motilal Oswal Financial Services Limited,MOFS291121,Motilal Oswal Financial Services Ltd,Delisted,F ,500000.00,INE338I14CU6, ,Commercial Papers,-,-,-,-
721962,Kotak Mahindra Prime Limited,KMPL291121,Kotak Mahindra Prime Ltd,Delisted,F ,500000.00,INE916D140Q2, ,Commercial Papers,-,-,-,-
721963,360 ONE WAM LIMITED,IWML291121,IIFL Wealth Management Ltd,Delisted,F ,500000.00,INE466L14AM0, ,Commercial Papers,-,-,-,-
721964,Bajaj Housing Finance Limited,BHFL291121,Bajaj Housing Finance Ltd,Delisted,F ,500000.00,INE377Y14926, ,Commercial Papers,-,-,-,-
721965,National Bank for Agriculture and Rural Development,NBARD291121,National Bank for Agriculture and Rural Development,Delisted,F ,500000.00,INE261F14IJ6, ,Commercial Papers,-,-,-,-
721966,Kotak Securities Limited,KSL291121,Kotak Securities Ltd,Delisted,F ,500000.00,INE028E14JG6, ,Commercial Papers,-,-,-,-
721967,ONGC Petro additions Limited.,OPAL301121,ONGC Petro additions Ltd,Delisted,F ,500000.00,INE163N14204, ,Commercial Papers,-,-,-,-
721968,Julius Baer Capital (India) Private Limited,JBCPL301121,Julius Baer Capital (India) Pvt Ltd,Delisted,F ,500000.00,INE824H14GD4, ,Commercial Papers,-,-,-,-
721969,The Ramco Cements Limited,RCL301121,The Ramco Cements Ltd,Delisted,F ,500000.00,INE331A14LQ7, ,Commercial Papers,-,-,-,-
721970,Reliance Jio Infocomm Limited,RJIL301121,Reliance Jio Infocomm Ltd,Delisted,F ,500000.00,INE110L14QG2, ,Commercial Papers,-,-,-,-
721971,Larsen & Toubro Limited,LT301121,Larsen & Toubro Ltd,Delisted,F ,500000.00,INE018A14IK9, ,Commercial Papers,-,-,-,-
721972,Dollar Industries Limited,DIL301121,Dollar Industries Ltd,Delisted,F ,500000.00,INE325C14046, ,Commercial Papers,-,-,-,-
721973,JSW Steel Limited,JSW301121,JSW Steel Ltd,Delisted,F ,500000.00,INE019A14KC0, ,Commercial Papers,-,-,-,-
721974,JSW Steel Limited,JSW301121A,JSW Steel Ltd,Delisted,F ,500000.00,INE019A14KB2, ,Commercial Papers,-,-,-,-
721975,Pilani Investment And Industries Corporation Limited,PIIC011221,Pilani Investment And Industries Corporation Ltd,Delisted,F ,500000.00,INE417C14231, ,Commercial Papers,-,-,-,-
721976,Julius Baer Capital (India) Private Limited,JBC011221,Julius Baer Capital (India) Pvt Ltd,Delisted,F ,500000.00,INE824H14GE2, ,Commercial Papers,-,-,-,-
721977,Reliance Retail Ventures Limited,RRVL011221,Reliance Retail Ventures Ltd,Delisted,F ,500000.00,INE929O14461, ,Commercial Papers,-,-,-,-
721978,Reliance Retail Ventures Limited,RRVL11221,Reliance Retail Ventures Ltd,Delisted,F ,500000.00,INE929O14453, ,Commercial Papers,-,-,-,-
721979,Tata Power Co. Ltd,TPCL021221,Tata Power Co Ltd,Delisted,F ,500000.00,INE245A14FM0, ,Commercial Papers,-,-,-,-
721980,ECL Finance Limited,EFL021221,ECL Finance Ltd,Delisted,F ,500000.00,INE804I14UW5, ,Commercial Papers,-,-,-,-
721981,SBI CARDS AND PAYMENT SERVICES LIMITED,SBICPS21221,SBI CARDS AND PAYMENT SERVICES Ltd,Delisted,F ,500000.00,INE018E14PH2, ,Commercial Papers,-,-,-,-
721982,Sterlite Technologies Limited.,STL021221,Sterlite Technologies Ltd,Delisted,F ,500000.00,INE089C14BL9, ,Commercial Papers,-,-,-,-
721983,EPL LIMITED,EPL11221,EPL Ltd,Delisted,F ,500000.00,INE225A14635, ,Commercial Papers,-,-,-,-
721984,EPL LIMITED,EPL011221,EPL Ltd,Delisted,F ,500000.00,INE255A14643, ,Commercial Papers,-,-,-,-
721985,REC LIMITED,REC011221,REC Ltd,Delisted,F ,500000.00,INE020B14656, ,Commercial Papers,-,-,-,-
721987,Tata Housing Development Company Limited,THDC021221,Tata Housing Development Company Ltd,Delisted,F ,500000.00,INE582L14GF5, ,Commercial Papers,-,-,-,-
721988,Infina Finance Private Limited,IFPL031221,Infina Finance Pvt Ltd,Delisted,F ,500000.00,INE879F14FG7, ,Commercial Papers,-,-,-,-
721989,Infina Finance Private Limited,IFL031221,Infina Finance Pvt Ltd,Delisted,F ,500000.00,INE879F14FH5, ,Commercial Papers,-,-,-,-
721990,Bharat Oman Refineries Limited,BORL21221,Bharat Oman Refineries Ltd,Delisted,F ,500000.00,INE322J14345, ,Commercial Papers,-,-,-,-
721991,Sharekhan BNP Paribas Financial Services Limited,SBNPFS31221,Sharekhan BNP Paribas Financial Services Ltd,Delisted,F ,500000.00,INE550X14771, ,Commercial Papers,-,-,-,-
721992,Kotak Securities Limited,KSL031221,Kotak Securities Ltd,Delisted,F ,500000.00,INE028E14JH4, ,Commercial Papers,-,-,-,-
721993,TATA STEEL LIMITED,TSL031221,TATA STEEL Ltd,Delisted,F ,500000.00,INE081A14BY3, ,Commercial Papers,-,-,-,-
721994,HDFC Securities Limited,HSL031221,HDFC Securities Ltd,Delisted,F ,500000.00,INE700G14AJ8, ,Commercial Papers,-,-,-,-
721995,Manappuram Finance Limited,MFL31221,Manappuram Finance Ltd,Delisted,F ,500000.00,INE522D14NL2, ,Commercial Papers,-,-,-,-
721996,Tata Power Co. Ltd,TPCL31221,Tata Power Co Ltd,Delisted,F ,500000.00,INE245A14FN8, ,Commercial Papers,-,-,-,-
721997,JSW Steel Limited,JSW031221,JSW Steel Ltd,Delisted,F ,500000.00,INE019A14KD8, ,Commercial Papers,-,-,-,-
721998,Kotak Mahindra Prime Limited,KMPL31221,Kotak Mahindra Prime Ltd,Delisted,F ,500000.00,INE916D140R0, ,Commercial Papers,-,-,-,-
722000,Reliance Jio Infocomm Limited,RJIL031221,Reliance Jio Infocomm Ltd,Delisted,F ,500000.00,INE110L14QH0, ,Commercial Papers,-,-,-,-
722001,Northern Arc Capital Ltd.,NAC021221,Northern Arc Capital Ltd,Delisted,F ,500000.00,INE850M14AM3, ,Commercial Papers,-,-,-,-
722002,Nuvama Wealth Finance Limited,EFIL031221,Edelweiss Finance & Investments Ltd,Delisted,F ,500000.00,INE918K14702, ,Commercial Papers,-,-,-,-
722003,MOTILAL OSWAL WEALTH LIMITED,MOWL031221,MOTILAL OSWAL WEALTH Ltd,Delisted,F ,500000.00,INE02KQ14054, ,Commercial Papers,-,-,-,-
722004,ŠKODA AUTO Volkswagen India Private Limited,SVL251121,ŠKODA AUTO Volkswagen India Pvt Ltd,Delisted,F ,500000.00,INE04TA14196, ,Commercial Papers,-,-,-,-
722005,Aarti Industries Ltd,AIL31221,Aarti Industries Ltd,Delisted,F ,500000.00,INE769A14700, ,Commercial Papers,-,-,-,-
722006,ŠKODA AUTO Volkswagen India Private Limited,SVPL251121,ŠKODA AUTO Volkswagen India Pvt Ltd,Delisted,F ,500000.00,INE04TA14204, ,Commercial Papers,-,-,-,-
722007,Kotak Mahindra Investments Limited,KMIL031221,Kotak Mahindra Investments Ltd,Delisted,F ,500000.00,INE975F14WP9, ,Commercial Papers,-,-,-,-
722008,ICICI Securities Limited,ISEC31221,ICICI Securities Ltd,Delisted,F ,500000.00,INE763G14LO3, ,Commercial Papers,-,-,-,-
722009,ICICI Securities Limited,ISEC031221,ICICI Securities Ltd,Delisted,F ,500000.00,INE763G14LN5, ,Commercial Papers,-,-,-,-
722010,360 ONE Prime Limited,IIFL31221,IIFL Wealth Prime Ltd,Delisted,F ,500000.00,INE248U14JY9, ,Commercial Papers,-,-,-,-
722011,Motilal Oswal Finvest Limited,MOFL031221,Motilal Oswal Finvest Ltd,Delisted,F ,500000.00,INE01WN14462, ,Commercial Papers,-,-,-,-
722012,Sterlite Technologies Limited.,STL61221,Sterlite Technologies Ltd,Delisted,F ,500000.00,INE089C14BM7, ,Commercial Papers,-,-,-,-
722013,MUTHOOT FINCORP LIMITED,MFL61221,MUTHOOT FINCORP Ltd,Delisted,F ,500000.00,INE549K14BH3, ,Commercial Papers,-,-,-,-
722014,Julius Baer Capital (India) Private Limited,JBC61221,Julius Baer Capital (India) Pvt Ltd,Delisted,F ,500000.00,INE824H14GF9, ,Commercial Papers,-,-,-,-
722015,Chennai Petroleum Corporation Ltd.,CPCL031221,Chennai Petroleum Corporation Ltd,Delisted,F ,500000.00,INE178A14HD8, ,Commercial Papers,-,-,-,-
722016,Bajaj Finance Limited,BFL061221,Bajaj Finance Ltd,Delisted,F ,500000.00,INE296A14SP9, ,Commercial Papers,-,-,-,-
722017,Bharat Petroleum Corpn. Ltd.,BPCL61221,Bharat Petroleum Corpn Ltd,Delisted,F ,500000.00,INE029A14BL9, ,Commercial Papers,-,-,-,-
722018,JM Financial Properties and Holdings Limited,JMFPH61221,JM Financial Properties and Holdings Ltd,Delisted,F ,500000.00,INE525R14809, ,Commercial Papers,-,-,-,-
722019,Vardhman Special Steels Ltd,VSSL061221,Vardhman Special Steels Ltd,Delisted,F ,500000.00,INE050M14858, ,Commercial Papers,-,-,-,-
722020,360 ONE WAM LIMITED,IWML31221,IIFL Wealth Management Ltd,Delisted,F ,500000.00,INE466L14AN8, ,Commercial Papers,-,-,-,-
722021,STANDARD CHARTERED CAPITAL LIMITED,SCCL61221,Standard Chartered Capital Ltd,Delisted,F ,500000.00,INE403G14OV5, ,Commercial Papers,-,-,-,-
722022,Bharat Heavy Electricals Ltd.,BHEL7122021,Bharat Heavy Electricals Ltd,Delisted,F ,500000.00,INE257A14722, ,Commercial Papers,-,-,-,-
722023,JM Financial Properties and Holdings Limited,JMP071221,JM Financial Properties and Holdings Ltd,Delisted,F ,500000.00,INE525R14817, ,Commercial Papers,-,-,-,-
722024,360 ONE Prime Limited,IWPL71221,IIFL Wealth Prime Ltd,Delisted,F ,500000.00,INE248U14KB5, ,Commercial Papers,-,-,-,-
722025,Bharat Oman Refineries Limited,BOFL081221,Bharat Oman Refineries Ltd,Delisted,F ,500000.00,INE322J14352, ,Commercial Papers,-,-,-,-
722026,HDFC Securities Limited,HDFCS81221,HDFC Securities Ltd,Delisted,F ,500000.00,INE700G14AK6, ,Commercial Papers,-,-,-,-
722027,BEML Ltd,BEML81221,BEML Ltd,Delisted,F ,500000.00,INE258A14084, ,Commercial Papers,-,-,-,-
722028,TATA INTERNATIONAL LIMITED,TIL81221,TATA INTERNATIONAL Ltd,Delisted,F ,500000.00,INE751F14301, ,Commercial Papers,-,-,-,-
722029,Mishra Dhatu Nigam Limited,MDNL71221,Mishra Dhatu Nigam Ltd,Delisted,F ,500000.00,INE099Z14055, ,Commercial Papers,-,-,-,-
722030,Bajaj Financial Securities Limited,BFSL081221,Bajaj Financial Securities Ltd,Delisted,F ,500000.00,INE01C314189, ,Commercial Papers,-,-,-,-
722031,Motilal Oswal Financial Services Limited,MOFSL81221,Motilal Oswal Financial Services Ltd,Delisted,F ,500000.00,INE338I14CV4, ,Commercial Papers,-,-,-,-
722032,HT Media Ltd,HTML81221,HT Media Ltd,Delisted,F ,500000.00,INE501G14CH0, ,Commercial Papers,-,-,-,-
722033,GIC Housing Finance Ltd.,GICHFL91221,GIC Housing Finance Ltd,Delisted,F ,500000.00,INE289B14HU5, ,Commercial Papers,-,-,-,-
722034,Axis Securities Limited,ASL81221,Axis Securities Ltd,Delisted,F ,500000.00,INE110O14450, ,Commercial Papers,-,-,-,-
722035,Infina Finance Private Limited,IFPL91221,Infina Finance Pvt Ltd,Delisted,F ,500000.00,INE879F14FI3, ,Commercial Papers,-,-,-,-
722036,Kotak Mahindra Prime Limited,KMPL81221,Kotak Mahindra Prime Ltd,Delisted,F ,500000.00,INE916D140S8, ,Commercial Papers,-,-,-,-
722037,CaratLane Trading Private Limited,CTPL91221,CaratLane Trading Pvt Ltd,Delisted,F ,500000.00,INE015Y14211, ,Commercial Papers,-,-,-,-
722038,Julius Baer Capital (India) Private Limited,JBC091221,Julius Baer Capital (India) Pvt Ltd,Delisted,F ,500000.00,INE824H14GH5, ,Commercial Papers,-,-,-,-
722039,NLC Tamilnadu Power Limited,NLCT101221,NLC Tamilnadu Power Ltd,Delisted,F ,500000.00,INE05C614154, ,Commercial Papers,-,-,-,-
722040,Sharekhan BNP Paribas Financial Services Limited,SBNP101221,Sharekhan BNP Paribas Financial Services Ltd,Delisted,F ,500000.00,INE550X14789, ,Commercial Papers,-,-,-,-
722041,IGH Holdings Private Limited,IGHHP101221,IGH Holdings Pvt Ltd,Delisted,F ,500000.00,INE02FN14028, ,Commercial Papers,-,-,-,-
722042,IndoStar Capital Finance Limited,ICFL101221,IndoStar Capital Finance Ltd,Delisted,F ,500000.00,INE896L14CW3, ,Commercial Papers,-,-,-,-
722043,Kotak Mahindra Prime Limited,KMPL101221,Kotak Mahindra Prime Ltd,Delisted,F ,500000.00,INE916D140U4, ,Commercial Papers,-,-,-,-
722044,Julius Baer Capital (India) Private Limited,JBC101221,Julius Baer Capital (India) Pvt Ltd,Delisted,F ,500000.00,INE824H14GG7, ,Commercial Papers,-,-,-,-
722045,TATA STEEL LIMITED,TSL101221,TATA STEEL Ltd,Delisted,F ,500000.00,INE081A14BZ0, ,Commercial Papers,-,-,-,-
722046,ICICI Securities Limited,ICICI101221,ICICI Securities Ltd,Delisted,F ,500000.00,INE763G14LP0, ,Commercial Papers,-,-,-,-
722047,Mangalore Refinery & Petrochemicals,MRPL101221,Mangalore Refinery & Petrochemicals,Delisted,F ,500000.00,INE103A14405, ,Commercial Papers,-,-,-,-
722048,HT Media Ltd,HTML101221,HT Media Ltd,Delisted,F ,500000.00,INE501G14CG2, ,Commercial Papers,-,-,-,-
722049,Infina Finance Private Limited,IFPL131221,Infina Finance Pvt Ltd,Delisted,F ,500000.00,INE879F14FJ1, ,Commercial Papers,-,-,-,-
722050,Kotak Securities Limited,KSL131221,Kotak Securities Ltd,Delisted,F ,500000.00,INE028E14JI2, ,Commercial Papers,-,-,-,-
722051,Reliance Retail Ventures Limited,RRVL101221,Reliance Retail Ventures Ltd,Delisted,F ,500000.00,INE929O14479, ,Commercial Papers,-,-,-,-
722052,Kotak Mahindra Investments Limited,KMIL131221,Kotak Mahindra Investments Ltd,Delisted,F ,500000.00,INE975F14WQ7, ,Commercial Papers,-,-,-,-
722053,360 ONE Prime Limited,IIFLW101221,IIFL Wealth Prime Ltd,Delisted,F ,500000.00,INE248U14KD1, ,Commercial Papers,-,-,-,-
722054,Kotak Mahindra Investments Limited,KMIL131221A,Kotak Mahindra Investments Ltd,Delisted,F ,500000.00,INE975F14WR5, ,Commercial Papers,-,-,-,-
722055,Reliance Retail Ventures Limited,RRVL131221,Reliance Retail Ventures Ltd,Delisted,F ,500000.00,INE929O14487, ,Commercial Papers,-,-,-,-
722056,360 ONE Prime Limited,IIFL101221A,IIFL Wealth Prime Ltd,Delisted,F ,500000.00,INE248U14KC3, ,Commercial Papers,-,-,-,-
722057,HDFC Securities Limited,HDFC131221,HDFC Securities Ltd,Delisted,F ,500000.00,INE700G14AL4, ,Commercial Papers,-,-,-,-
722058,360 ONE WAM LIMITED,IIFL101221,IIFL Wealth Management Ltd,Delisted,F ,500000.00,INE466L14AO6, ,Commercial Papers,-,-,-,-
722059,STANDARD CHARTERED CAPITAL LIMITED,SCCL131221,Standard Chartered Capital Ltd,Delisted,F ,500000.00,INE403G14OW3, ,Commercial Papers,-,-,-,-
722060,Kotak Mahindra Prime Limited,KMPL131221,Kotak Mahindra Prime Ltd,Delisted,F ,500000.00,INE916D140T6, ,Commercial Papers,-,-,-,-
722061,Sterlite Technologies Limited.,STL131221,Sterlite Technologies Ltd,Delisted,F ,500000.00,INE089C14BN5, ,Commercial Papers,-,-,-,-
722062,Nuvama Wealth Finance Limited,EFIL141221,Edelweiss Finance & Investments Ltd,Delisted,F ,500000.00,INE918K14728, ,Commercial Papers,-,-,-,-
722063,MOTILAL OSWAL WEALTH LIMITED,MOWL141221,MOTILAL OSWAL WEALTH Ltd,Delisted,F ,500000.00,INE02KQ14062, ,Commercial Papers,-,-,-,-
722064,JM Financial Properties and Holdings Limited,JMFL141221,JM Financial Properties and Holdings Ltd,Delisted,F ,500000.00,INE525R14825, ,Commercial Papers,-,-,-,-
722065,Sharekhan BNP Paribas Financial Services Limited,SBNP141221,Sharekhan BNP Paribas Financial Services Ltd,Delisted,F ,500000.00,INE550X14797, ,Commercial Papers,-,-,-,-
722066,Sharekhan BNP Paribas Financial Services Limited,SBNP211214,Sharekhan BNP Paribas Financial Services Ltd,Delisted,F ,500000.00,INE550X14805, ,Commercial Papers,-,-,-,-
722067,Bajaj Finance Limited,BFL141221,Bajaj Finance Ltd,Delisted,F ,500000.00,INE296A14SQ7, ,Commercial Papers,-,-,-,-
722068,Motilal Oswal Finvest Limited,MOFL141221,Motilal Oswal Finvest Ltd,Delisted,F ,500000.00,INE01WN14470, ,Commercial Papers,-,-,-,-
722069,Kotak Mahindra Investments Limited,KMIL141221,Kotak Mahindra Investments Ltd,Delisted,F ,500000.00,INE975F14WS3, ,Commercial Papers,-,-,-,-
722070,HDFC Securities Limited,HDFC141221,HDFC Securities Ltd,Delisted,F ,500000.00,INE700G14AM2, ,Commercial Papers,-,-,-,-
722071,Dalmia Cement (Bharat) Limited,DCBL141221,Dalmia Cement (Bharat) Ltd,Delisted,F ,500000.00,INE755K14EA5, ,Commercial Papers,-,-,-,-
722072,Infina Finance Private Limited,IFPL151221,Infina Finance Pvt Ltd,Delisted,F ,500000.00,INE879F14FK9, ,Commercial Papers,-,-,-,-
722073,Kotak Securities Limited,KSL151221,Kotak Securities Ltd,Delisted,F ,500000.00,INE028E14JJ0, ,Commercial Papers,-,-,-,-
722074,JSW Steel Limited,JSWSL151221,JSW Steel Ltd,Delisted,F ,500000.00,INE019A14KE6, ,Commercial Papers,-,-,-,-
722075,Kotak Mahindra Prime Limited,KMPL151221,Kotak Mahindra Prime Ltd,Delisted,F ,500000.00,INE916D140W0, ,Commercial Papers,-,-,-,-
722076,TV18 Broadcast Ltd.,TVBL151221,TV18 Broadcast Ltd,Delisted,F ,500000.00,INE886H14GX1, ,Commercial Papers,-,-,-,-
722077,Kotak Mahindra Prime Limited,KMPL141221,Kotak Mahindra Prime Ltd,Delisted,F ,500000.00,INE916D140V2, ,Commercial Papers,-,-,-,-
722078,J.K. CEMENT LTD,JKCL141221,JK CEMENT LTD,Delisted,F ,500000.00,INE823G14637, ,Commercial Papers,-,-,-,-
722079,Bajaj Finance Limited,BFL151221,Bajaj Finance Ltd,Delisted,F ,500000.00,INE296A14SR5, ,Commercial Papers,-,-,-,-
722080,Kotak Mahindra Investments Limited,KMIL151221,Kotak Mahindra Investments Ltd,Delisted,F ,500000.00,INE975F14WT1, ,Commercial Papers,-,-,-,-
722081,Infina Finance Private Limited,IFPL161221,Infina Finance Pvt Ltd,Delisted,F ,500000.00,INE879F14FL7, ,Commercial Papers,-,-,-,-
722082,STANDARD CHARTERED CAPITAL LIMITED,SCCL161221,Standard Chartered Capital Ltd,Delisted,F ,500000.00,INE403G14OX1, ,Commercial Papers,-,-,-,-
722083,ICICI Securities Limited,ISEC161221,ICICI Securities Ltd,Delisted,F ,500000.00,INE763G14LQ8, ,Commercial Papers,-,-,-,-
722084,360 ONE WAM LIMITED,IIFL151221,IIFL Wealth Management Ltd,Delisted,F ,500000.00,INE466L14AQ1, ,Commercial Papers,-,-,-,-
722085,Tata Housing Development Company Limited,THDC151221,Tata Housing Development Company Ltd,Delisted,F ,500000.00,INE582L14GH1, ,Commercial Papers,-,-,-,-
722086,STANDARD CHARTERED CAPITAL LIMITED,SCC161221,Standard Chartered Capital Ltd,Delisted,F ,500000.00,INE403G14OY9, ,Commercial Papers,-,-,-,-
722087,ECL Finance Limited,ECLFL161221,ECL Finance Ltd,Delisted,F ,500000.00,INE804I14UX3, ,Commercial Papers,-,-,-,-
722088,Network 18 Media & Investments Limited,NMIL151221,Network 18 Media & Investments Ltd,Delisted,F ,500000.00,INE870H14NK8, ,Commercial Papers,-,-,-,-
722089,ICICI Securities Limited,ISEC171221,ICICI Securities Ltd,Delisted,F ,500000.00,INE763G14LR6, ,Commercial Papers,-,-,-,-
722090,Larsen & Toubro Limited,LT171221,Larsen & Toubro Ltd,Delisted,F ,500000.00,INE018A14IL7, ,Commercial Papers,-,-,-,-
722091,TATA STEEL LIMITED,TSL171221,TATA STEEL Ltd,Delisted,F ,500000.00,INE081A14CB9, ,Commercial Papers,-,-,-,-
722092,birla Group Holdings Private Limited,BGHPL171221,birla Group Holdings Pvt Ltd,Delisted,F ,500000.00,INE09OL14946, ,Commercial Papers,-,-,-,-
722093,Century Textiles & Industries Ltd.,CTIL171221,Century Textiles & Industries Ltd,Delisted,F ,500000.00,INE055A14IS4, ,Commercial Papers,-,-,-,-
722094,Tata Housing Development Company Limited,THDCL171221,Tata Housing Development Company Ltd,Delisted,F ,500000.00,INE582L14GG3, ,Commercial Papers,-,-,-,-
722095,360 ONE Prime Limited,IWPL171221,IIFL Wealth Prime Ltd,Delisted,F ,500000.00,INE248U14KE9, ,Commercial Papers,-,-,-,-
722096,Grasim Industries Ltd,GIL171221,Grasim Industries Ltd,Delisted,F ,500000.00,INE047A14784, ,Commercial Papers,-,-,-,-
722097,TATA STEEL LIMITED,TSL211217,TATA STEEL Ltd,Delisted,F ,500000.00,INE081A14CA1, ,Commercial Papers,-,-,-,-
722098,J.K. CEMENT LTD,JKCL171221,JK CEMENT LTD,Delisted,F ,500000.00,INE823G14645, ,Commercial Papers,-,-,-,-
722099,Axis Securities Limited,ASL171221,Axis Securities Ltd,Delisted,F ,500000.00,INE110O14468, ,Commercial Papers,-,-,-,-
722100,Kotak Mahindra Investments Limited,KMIL161221,Kotak Mahindra Investments Ltd,Delisted,F ,500000.00,INE975F14WU9, ,Commercial Papers,-,-,-,-
722101,Tata Housing Development Company Limited,THDC171221,Tata Housing Development Company Ltd,Delisted,F ,500000.00,INE582L14GI9, ,Commercial Papers,-,-,-,-
722102,Sharekhan Limited,SL171221,Sharekhan Ltd,Delisted,F ,500000.00,INE211H14237, ,Commercial Papers,-,-,-,-
722103,Infina Finance Private Limited,IFPL201221,Infina Finance Pvt Ltd,Delisted,F ,500000.00,INE879F14FM5, ,Commercial Papers,-,-,-,-
722104,Kotak Securities Limited,KSL201221,Kotak Securities Ltd,Delisted,F ,500000.00,INE028E14JK8, ,Commercial Papers,-,-,-,-
722105,Northern Arc Capital Ltd.,NAC201221,Northern Arc Capital Ltd,Delisted,F ,500000.00,INE850M14AN1, ,Commercial Papers,-,-,-,-
722106,Kotak Mahindra Prime Limited,KMPL201221,Kotak Mahindra Prime Ltd,Delisted,F ,500000.00,INE916D140X8, ,Commercial Papers,-,-,-,-
722107,Chennai Petroleum Corporation Ltd.,CPCL171221,Chennai Petroleum Corporation Ltd,Delisted,F ,500000.00,INE178A14HF3, ,Commercial Papers,-,-,-,-
722108,Chennai Petroleum Corporation Ltd.,CPC171221,Chennai Petroleum Corporation Ltd,Delisted,F ,500000.00,INE178A14HE6, ,Commercial Papers,-,-,-,-
722109,Sterlite Technologies Limited.,STL201221,Sterlite Technologies Ltd,Delisted,F ,500000.00,INE089C14BO3, ,Commercial Papers,-,-,-,-
722110,Infina Finance Private Limited,IFL201221,Infina Finance Pvt Ltd,Delisted,F ,500000.00,INE879F14FN3, ,Commercial Papers,-,-,-,-
722111,TV18 Broadcast Ltd.,TVBL201221,TV18 Broadcast Ltd,Delisted,F ,500000.00,INE886H14GW3, ,Commercial Papers,-,-,-,-
722112,Kotak Mahindra Investments Limited,KMIL201221,Kotak Mahindra Investments Ltd,Delisted,F ,500000.00,INE975F14WV7, ,Commercial Papers,-,-,-,-
722113,HDFC Securities Limited,HDFC201221,HDFC Securities Ltd,Delisted,F ,500000.00,INE700G14AO8, ,Commercial Papers,-,-,-,-
722114,J.K. CEMENT LTD,JKC201221,JK CEMENT LTD,Delisted,F ,500000.00,INE823G14652, ,Commercial Papers,-,-,-,-
722115,360 ONE Prime Limited,IIFL201221,IIFL Wealth Prime Ltd,Delisted,F ,500000.00,INE248U14KF6, ,Commercial Papers,-,-,-,-
722116,360 ONE WAM LIMITED,IIFL201221A,IIFL Wealth Management Ltd,Delisted,F ,500000.00,INE466L14AR9, ,Commercial Papers,-,-,-,-
722117,Dalmia Cement (Bharat) Limited,DCL201221,Dalmia Cement (Bharat) Ltd,Delisted,F ,500000.00,INE755K14EB3, ,Commercial Papers,-,-,-,-
722118,birla Group Holdings Private Limited,BGHPL211221,birla Group Holdings Pvt Ltd,Delisted,F ,500000.00,INE09OL14953, ,Commercial Papers,-,-,-,-
722119,STANDARD CHARTERED CAPITAL LIMITED,SCCL211221,Standard Chartered Capital Ltd,Delisted,F ,500000.00,INE403G14OZ6, ,Commercial Papers,-,-,-,-
722120,Bajaj Finance Limited,BFL211221,Bajaj Finance Ltd,Delisted,F ,500000.00,INE296A14SS3, ,Commercial Papers,-,-,-,-
722121,Sterlite Technologies Limited.,STL211221,Sterlite Technologies Ltd,Delisted,F ,500000.00,INE089C14BP0, ,Commercial Papers,-,-,-,-
722122,HDFC Securities Limited,HDFCS211221,HDFC Securities Ltd,Delisted,F ,500000.00,INE700G14AN0, ,Commercial Papers,-,-,-,-
722123,Sharekhan BNP Paribas Financial Services Limited,SBNP211221,Sharekhan BNP Paribas Financial Services Ltd,Delisted,F ,500000.00,INE550X14813, ,Commercial Papers,-,-,-,-
722124,Julius Baer Capital (India) Private Limited,JBCPL211221,Julius Baer Capital (India) Pvt Ltd,Delisted,F ,500000.00,INE824H14GJ1, ,Commercial Papers,-,-,-,-
722125,Motilal Oswal Financial Services Limited,MOFSL211221,Motilal Oswal Financial Services Ltd,Delisted,F ,500000.00,INE338I14CW2, ,Commercial Papers,-,-,-,-
722126,Sharekhan Limited,SL211221,Sharekhan Ltd,Delisted,F ,500000.00,INE211H14245, ,Commercial Papers,-,-,-,-
722127,Sharekhan BNP Paribas Financial Services Limited,SBNP211221A,Sharekhan BNP Paribas Financial Services Ltd,Delisted,F ,500000.00,INE550X14821, ,Commercial Papers,-,-,-,-
722128,360 ONE Prime Limited,IIFL211221,IIFL Wealth Prime Ltd,Delisted,F ,500000.00,INE248U14KH2, ,Commercial Papers,-,-,-,-
722129,360 ONE Prime Limited,IIFL211221A,IIFL Wealth Prime Ltd,Delisted,F ,500000.00,INE248U14KI0, ,Commercial Papers,-,-,-,-
722130,360 ONE Prime Limited,IIFL211221B,IIFL Wealth Prime Ltd,Delisted,F ,500000.00,INE248U14KG4, ,Commercial Papers,-,-,-,-
722131,Tata Housing Development Company Limited,THDC221221,Tata Housing Development Company Ltd,Delisted,F ,500000.00,INE582L14GJ7, ,Commercial Papers,-,-,-,-
722132,Reliance Retail Ventures Limited,RRVL221221,Reliance Retail Ventures Ltd,Delisted,F ,500000.00,INE929O14495, ,Commercial Papers,-,-,-,-
722133,360 ONE WAM LIMITED,IIFL211221C,IIFL Wealth Management Ltd,Delisted,F ,500000.00,INE466L14AS7, ,Commercial Papers,-,-,-,-
722134,360 ONE WAM LIMITED,IIFL211221D,IIFL Wealth Management Ltd,Delisted,F ,500000.00,INE466L14AU3, ,Commercial Papers,-,-,-,-
722135,Julius Baer Capital (India) Private Limited,JBPL221221,Julius Baer Capital (India) Pvt Ltd,Delisted,F ,500000.00,INE824H14GI3, ,Commercial Papers,-,-,-,-
722136,360 ONE WAM LIMITED,IIFL211221E,IIFL Wealth Management Ltd,Delisted,F ,500000.00,INE466L14AT5, ,Commercial Papers,-,-,-,-
722137,Manappuram Finance Limited,MFL221221,Manappuram Finance Ltd,Delisted,F ,500000.00,INE522D14NM0, ,Commercial Papers,-,-,-,-
722138,CaratLane Trading Private Limited,CTPL221221,CaratLane Trading Pvt Ltd,Delisted,F ,500000.00,INE015Y14229, ,Commercial Papers,-,-,-,-
722139,STANDARD CHARTERED CAPITAL LIMITED,SCCL221221,Standard Chartered Capital Ltd,Delisted,F ,500000.00,INE403G14PA6, ,Commercial Papers,-,-,-,-
722140,Steel Authority of India Ltd.,SAIL231221,Steel Authority of India Ltd,Delisted,F ,500000.00,INE114A14KK2, ,Commercial Papers,-,-,-,-
722141,Julius Baer Capital (India) Private Limited,JBC231221,Julius Baer Capital (India) Pvt Ltd,Delisted,F ,500000.00,INE824H14GK9, ,Commercial Papers,-,-,-,-
722142,Motilal Oswal Financial Services Limited,MOFL231221,Motilal Oswal Financial Services Ltd,Delisted,F ,500000.00,INE338I14CX0, ,Commercial Papers,-,-,-,-
722143,Motilal Oswal Finvest Limited,MOF231221,Motilal Oswal Finvest Ltd,Delisted,F ,500000.00,INE01WN14488, ,Commercial Papers,-,-,-,-
722144,J.K. CEMENT LTD,JKC231221,JK CEMENT LTD,Delisted,F ,500000.00,INE823G14660, ,Commercial Papers,-,-,-,-
722145,Housing Development Finance Corp.Lt,HDFC241221,Housing Development Finance CorpLt,Delisted,F ,500000.00,INE001A14YB1, ,Commercial Papers,-,-,-,-
722146,Sharekhan Limited,SL241221,Sharekhan Ltd,Delisted,F ,500000.00,INE211H14252, ,Commercial Papers,-,-,-,-
722147,KEC International Ltd.,KEC241221,KEC International Ltd,Delisted,F ,500000.00,INE389H14HJ3, ,Commercial Papers,-,-,-,-
722148,KEC International Ltd.,KECIL241221,KEC International Ltd,Delisted,F ,500000.00,INE389H14HK1, ,Commercial Papers,-,-,-,-
722149,J.K. CEMENT LTD,JK241221,JK CEMENT LTD,Delisted,F ,500000.00,INE823G14678, ,Commercial Papers,-,-,-,-
722150,Manappuram Finance Limited,MFL241221,Manappuram Finance Ltd,Delisted,F ,500000.00,INE522D14NN8, ,Commercial Papers,-,-,-,-
722151,Kotak Securities Limited,KSL241221,Kotak Securities Ltd,Delisted,F ,500000.00,INE028E14JL6, ,Commercial Papers,-,-,-,-
722152,HDFC Securities Limited,HSL241221,HDFC Securities Ltd,Delisted,F ,500000.00,INE700G14AP5, ,Commercial Papers,-,-,-,-
722153,Reliance Retail Ventures Limited,RRVL241221,Reliance Retail Ventures Ltd,Delisted,F ,500000.00,INE929O14503, ,Commercial Papers,-,-,-,-
722154,Axis Securities Limited,ASL241221,Axis Securities Ltd,Delisted,F ,500000.00,INE110O14476, ,Commercial Papers,-,-,-,-
722155,Adani Ports and Special Economic Zone Ltd,APSEZ241221,Adani Ports and Special Economic Zone Ltd,Delisted,F ,500000.00,INE742F14QA7, ,Commercial Papers,-,-,-,-
722156,Bajaj Finance Limited,BFL271221,Bajaj Finance Ltd,Delisted,F ,500000.00,INE296A14ST1, ,Commercial Papers,-,-,-,-
722157,KEC International Ltd.,KIL271221,KEC International Ltd,Delisted,F ,500000.00,INE389H14HG9, ,Commercial Papers,-,-,-,-
722158,KEC International Ltd.,KEIL271221,KEC International Ltd,Delisted,F ,500000.00,INE389H14HI5, ,Commercial Papers,-,-,-,-
722159,Steel Authority of India Ltd.,SAIL271221,Steel Authority of India Ltd,Delisted,F ,500000.00,INE114A14KL0, ,Commercial Papers,-,-,-,-
722160,HDFC Securities Limited,HSL271221,HDFC Securities Ltd,Delisted,F ,500000.00,INE700G14AR1, ,Commercial Papers,-,-,-,-
722161,Motilal Oswal Finvest Limited,MOFL271221,Motilal Oswal Finvest Ltd,Delisted,F ,500000.00,INE01WN14496, ,Commercial Papers,-,-,-,-
722162,birla Group Holdings Private Limited,BGHPL271221,birla Group Holdings Pvt Ltd,Delisted,F ,500000.00,INE09OL14961, ,Commercial Papers,-,-,-,-
722163,Housing Development Finance Corp.Lt,HDFC271221,Housing Development Finance CorpLt,Delisted,F ,500000.00,INE001A14YD7, ,Commercial Papers,-,-,-,-
722164,Housing Development Finance Corp.Lt,HDFC271221A,Housing Development Finance CorpLt,Delisted,F ,500000.00,INE001A14YC9, ,Commercial Papers,-,-,-,-
722165,Network 18 Media & Investments Limited,NMIL271221,Network 18 Media & Investments Ltd,Delisted,F ,500000.00,INE870H14NL6, ,Commercial Papers,-,-,-,-
722166,Adani Ports and Special Economic Zone Ltd,APSEZ271221,Adani Ports and Special Economic Zone Ltd,Delisted,F ,500000.00,INE742F14PZ6, ,Commercial Papers,-,-,-,-
722167,Julius Baer Capital (India) Private Limited,JBC271221,Julius Baer Capital (India) Pvt Ltd,Delisted,F ,500000.00,INE824H14GL7, ,Commercial Papers,-,-,-,-
722168,HDFC Securities Limited,HDFC281221,HDFC Securities Ltd,Delisted,F ,500000.00,INE700G14AQ3, ,Commercial Papers,-,-,-,-
722169,Infina Finance Private Limited,IFPL281221,Infina Finance Pvt Ltd,Delisted,F ,500000.00,INE879F14FO1, ,Commercial Papers,-,-,-,-
722170,Jamnagar Utilities & Power Private Limited,JUPL291221,Jamnagar Utilities & Power Pvt Ltd,Delisted,F ,500000.00,INE936D14147, ,Commercial Papers,-,-,-,-
722171,Manappuram Finance Limited,MFL291221,Manappuram Finance Ltd,Delisted,F ,500000.00,INE522D14NO6, ,Commercial Papers,-,-,-,-
722172,Axis Securities Limited,ASL281221,Axis Securities Ltd,Delisted,F ,500000.00,INE110O14484, ,Commercial Papers,-,-,-,-
722173,Steel Authority of India Ltd.,SAIL291221,Steel Authority of India Ltd,Delisted,F ,500000.00,INE114A14KM8, ,Commercial Papers,-,-,-,-
722174,Nissan Renault Financial Services India Private Limited,NRFS281221,Nissan Renault Financial Services India Pvt Ltd,Delisted,F ,500000.00,INE566V14227, ,Commercial Papers,-,-,-,-
722175,L&T Metro Rail (Hyderabad) Limited,LTMR301221,L&T Metro Rail (Hyderabad) Ltd,Delisted,F ,500000.00,INE128M14019, ,Commercial Papers,-,-,-,-
722176,L&T Metro Rail (Hyderabad) Limited,LTMR311221A,L&T Metro Rail (Hyderabad) Ltd,Delisted,F ,500000.00,INE128M14027, ,Commercial Papers,-,-,-,-
722177,L&T Metro Rail (Hyderabad) Limited,LTMR301221B,L&T Metro Rail (Hyderabad) Ltd,Delisted,F ,500000.00,INE128M14035, ,Commercial Papers,-,-,-,-
722178,L&T Metro Rail (Hyderabad) Limited,LTMR301221C,L&T Metro Rail (Hyderabad) Ltd,Delisted,F ,500000.00,INE128M14043, ,Commercial Papers,-,-,-,-
722179,Kotak Mahindra Investments Limited,KMIL291221,Kotak Mahindra Investments Ltd,Delisted,F ,500000.00,INE975F14WW5, ,Commercial Papers,-,-,-,-
722180,KEC International Ltd.,KECL301221,KEC International Ltd,Delisted,F ,500000.00,INE389H14HH7, ,Commercial Papers,-,-,-,-
722181,Motilal Oswal Financial Services Limited,MOFS301221,Motilal Oswal Financial Services Ltd,Delisted,F ,500000.00,INE338114CY8, ,Commercial Papers,-,-,-,-
722182,Motilal Oswal Financial Services Limited,MOFL301221,Motilal Oswal Financial Services Ltd,Delisted,F ,500000.00,INE338I14CZ5, ,Commercial Papers,-,-,-,-
722183,360 ONE Prime Limited,IIFL301221,IIFL Wealth Prime Ltd,Delisted,F ,500000.00,INE248U14KJ8, ,Commercial Papers,-,-,-,-
722184,Siyaram Silk Mills Ltd.,SSML301221,Siyaram Silk Mills Ltd,Delisted,F ,500000.00,INE076B14559, ,Commercial Papers,-,-,-,-
722185,SIKKA PORTS & TERMINALS LTD,STPL311221,SIKKA PORTS & TERMINALS LTD,Delisted,F ,500000.00,INE941D14170, ,Commercial Papers,-,-,-,-
722186,Avanse Financial Services Limited,AFSL301221,Avanse Financial Services Ltd,Delisted,F ,500000.00,INE087P14648, ,Commercial Papers,-,-,-,-
722187,ARKA FINCAP LIMITED,AFL301221,ARKA FINCAP Ltd,Delisted,F ,500000.00,INE03W114138, ,Commercial Papers,-,-,-,-
722188,TRUST INVESTMENT ADVISORS PRIVATE LIMITED,TIAPL281221,TRUST INVESTMENT ADVISORS Pvt Ltd,Delisted,F ,500000.00,INE723X14AA4, ,Commercial Papers,-,-,-,-
722189,Trident Ltd,TL301221,Trident Ltd,Delisted,F ,500000.00,INE064C14090, ,Commercial Papers,-,-,-,-
722190,Chennai Petroleum Corporation Ltd.,CPCL3122,Chennai Petroleum Corporation Ltd,Delisted,F ,500000.00,INE178A14HG1, ,Commercial Papers,-,-,-,-
722191,BOBCARD LIMITED,BOBFS3122,BOB Financial Solutions Ltd,Delisted,F ,500000.00,INE027214191, ,Commercial Papers,-,-,-,-
722192,BOBCARD LIMITED,BOBFS220103,BOB Financial Solutions Ltd,Delisted,F ,500000.00,INE027214183, ,Commercial Papers,-,-,-,-
722193,JM Financial Properties and Holdings Limited,JMFPHL03122,JM Financial Properties and Holdings Ltd,Delisted,F ,500000.00,INE525R14858, ,Commercial Papers,-,-,-,-
722194,Adani Ports and Special Economic Zone Ltd,APSEZ3122,Adani Ports and Special Economic Zone Ltd,Delisted,F ,500000.00,INE742F14QC3, ,Commercial Papers,-,-,-,-
722195,Adani Ports and Special Economic Zone Ltd,APSEZL3122,Adani Ports and Special Economic Zone Ltd,Delisted,F ,500000.00,INE742F14QB5, ,Commercial Papers,-,-,-,-
722196,Can Fin Homes Ltd.,CFHL3122,Can Fin Homes Ltd,Delisted,F ,500000.00,INE477A14BQ9, ,Commercial Papers,-,-,-,-
722197,Northern Arc Capital Ltd.,NACL4122,Northern Arc Capital Ltd,Delisted,F ,500000.00,INE850M14AO9, ,Commercial Papers,-,-,-,-
722198,ICICI Securities Limited,ISEC4122,ICICI Securities Ltd,Delisted,F ,500000.00,INE763G14LS4, ,Commercial Papers,-,-,-,-
722199,ARKA FINCAP LIMITED,AFL050122,ARKA FINCAP Ltd,Delisted,F ,500000.00,INE03W114146, ,Commercial Papers,-,-,-,-
722200,Sharekhan Limited,SL05122,Sharekhan Ltd,Delisted,F ,500000.00,INE211H14260, ,Commercial Papers,-,-,-,-
722201,Sharekhan Limited,SL5122,Sharekhan Ltd,Delisted,F ,500000.00,INE211H14278, ,Commercial Papers,-,-,-,-
722202,Julius Baer Capital (India) Private Limited,JBCPL5122,Julius Baer Capital (India) Pvt Ltd,Delisted,F ,500000.00,INE824H14GN3, ,Commercial Papers,-,-,-,-
722203,JM Financial Properties and Holdings Limited,JMFPH5122,JM Financial Properties and Holdings Ltd,Delisted,F ,500000.00,INE525R14841, ,Commercial Papers,-,-,-,-
722204,Can Fin Homes Ltd.,CFHL5122,Can Fin Homes Ltd,Delisted,F ,500000.00,INE477A14BR7, ,Commercial Papers,-,-,-,-
722205,Adani Enterprises Ltd.,AEL5122,Adani Enterprises Ltd,Delisted,F ,500000.00,INE423A14ON3, ,Commercial Papers,-,-,-,-
722206,Manappuram Finance Limited,MFL060122,Manappuram Finance Ltd,Delisted,F ,500000.00,INE522D14NQ1, ,Commercial Papers,-,-,-,-
722207,Manappuram Finance Limited,MFL060122A,Manappuram Finance Ltd,Delisted,F ,500000.00,INE522D14NR9, ,Commercial Papers,-,-,-,-
722208,Manappuram Finance Limited,MFL060122B,Manappuram Finance Ltd,Delisted,F ,500000.00,INE522D14NP3, ,Commercial Papers,-,-,-,-
722209,Indian Oil Corporation Ltd.,IOCL060122,Indian Oil Corporation Ltd,Delisted,F ,500000.00,INE242A14VQ5, ,Commercial Papers,-,-,-,-
722210,The Ramco Cements Limited,TRCL060122,The Ramco Cements Ltd,Delisted,F ,500000.00,INE331A14LS3, ,Commercial Papers,-,-,-,-
722211,Indian Oil Corporation Ltd.,IOCL06122,Indian Oil Corporation Ltd,Delisted,F ,500000.00,INE242A14VP7, ,Commercial Papers,-,-,-,-
722212,Indian Oil Corporation Ltd.,IOCL6122,Indian Oil Corporation Ltd,Delisted,F ,500000.00,INE242A14VR3, ,Commercial Papers,-,-,-,-
722213,Indian Oil Corporation Ltd.,IOCL0601022,Indian Oil Corporation Ltd,Delisted,F ,500000.00,INE242A14VS1, ,Commercial Papers,-,-,-,-
722214,The Ramco Cements Limited,TRCL060122A,The Ramco Cements Ltd,Delisted,F ,500000.00,INE331A14LR5, ,Commercial Papers,-,-,-,-
722215,Shree Cements Ltd.,SCL060122,Shree Cements Ltd,Delisted,F ,500000.00,INE070A14554, ,Commercial Papers,-,-,-,-
722216,birla Group Holdings Private Limited,BGHPL070122,birla Group Holdings Pvt Ltd,Delisted,F ,500000.00,INE09OL14979, ,Commercial Papers,-,-,-,-
722217,HDFC Securities Limited,HSL07122,HDFC Securities Ltd,Delisted,F ,500000.00,INE700G14AS9, ,Commercial Papers,-,-,-,-
722218,Bajaj Finance Limited,BFL070122,Bajaj Finance Ltd,Delisted,F ,500000.00,INE296A14SU9, ,Commercial Papers,-,-,-,-
722219,Reliance Jio Infocomm Limited,RJIL7122,Reliance Jio Infocomm Ltd,Delisted,F ,500000.00,INE110L14QL2, ,Commercial Papers,-,-,-,-
722220,Reliance Jio Infocomm Limited,RJIL712022,Reliance Jio Infocomm Ltd,Delisted,F ,500000.00,INE110L14QJ6, ,Commercial Papers,-,-,-,-
722221,Kotak Mahindra Prime Limited,KMPL070122,Kotak Mahindra Prime Ltd,Delisted,F ,500000.00,INE916D140Y6, ,Commercial Papers,-,-,-,-
722222,Reliance Jio Infocomm Limited,RJIL07122,Reliance Jio Infocomm Ltd,Delisted,F ,500000.00,INE110L14QI8, ,Commercial Papers,-,-,-,-
722223,Kotak Mahindra Investments Limited,KMIL070122,Kotak Mahindra Investments Ltd,Delisted,F ,500000.00,INE975F14WX3, ,Commercial Papers,-,-,-,-
722224,Reliance Jio Infocomm Limited,RJIL070122,Reliance Jio Infocomm Ltd,Delisted,F ,500000.00,INE110L14QK4, ,Commercial Papers,-,-,-,-
722225,Kotak Securities Limited,KSL070122,Kotak Securities Ltd,Delisted,F ,500000.00,INE028E14JM4, ,Commercial Papers,-,-,-,-
722226,KEC International Ltd.,KIL070122,KEC International Ltd,Delisted,F ,500000.00,INE389H14HM7, ,Commercial Papers,-,-,-,-
722227,KEC International Ltd.,KEC070122,KEC International Ltd,Delisted,F ,500000.00,INE389H14HL9, ,Commercial Papers,-,-,-,-
722228,NLC Tamilnadu Power Limited,NLC070122,NLC Tamilnadu Power Ltd,Delisted,F ,500000.00,INE05C614162, ,Commercial Papers,-,-,-,-
722229,Axis Securities Limited,ASL070122,Axis Securities Ltd,Delisted,F ,500000.00,INE110O14492, ,Commercial Papers,-,-,-,-
722230,ICICI Securities Limited,ICICI070122,ICICI Securities Ltd,Delisted,F ,500000.00,INE763G14LT2, ,Commercial Papers,-,-,-,-
722231,Adani Enterprises Ltd.,AEL070122,Adani Enterprises Ltd,Delisted,F ,500000.00,INE423A14OO1, ,Commercial Papers,-,-,-,-
722232,Julius Baer Capital (India) Private Limited,JBCPL100122,Julius Baer Capital (India) Pvt Ltd,Delisted,F ,500000.00,INE824H14GM5, ,Commercial Papers,-,-,-,-
722233,IndoStar Capital Finance Limited,ICFL100122,IndoStar Capital Finance Ltd,Delisted,F ,500000.00,INE896L14CX1, ,Commercial Papers,-,-,-,-
722234,Time Technoplast Limited,TTL110122,Time Technoplast Ltd,Delisted,F ,500000.00,INE508G14BR6, ,Commercial Papers,-,-,-,-
722235,JSW Steel Limited,JSWL110122,JSW Steel Ltd,Delisted,F ,500000.00,INE019A14KJ5, ,Commercial Papers,-,-,-,-
722236,HDFC Securities Limited,HSL110122,HDFC Securities Ltd,Delisted,F ,500000.00,INE700G14AT7, ,Commercial Papers,-,-,-,-
722237,JSW Steel Limited,JSW110122,JSW Steel Ltd,Delisted,F ,500000.00,INE019A14KI7, ,Commercial Papers,-,-,-,-
722238,Julius Baer Capital (India) Private Limited,JBC110122,Julius Baer Capital (India) Pvt Ltd,Delisted,F ,500000.00,INE824H14GO1, ,Commercial Papers,-,-,-,-
722239,Kotak Mahindra Prime Limited,KMP110122,Kotak Mahindra Prime Ltd,Delisted,F ,500000.00,INE916D140Z3, ,Commercial Papers,-,-,-,-
722240,Bharat Heavy Electricals Ltd.,BHEL110122,Bharat Heavy Electricals Ltd,Delisted,F ,500000.00,INE257A14730, ,Commercial Papers,-,-,-,-
722241,STANDARD CHARTERED CAPITAL LIMITED,SCCL110122,STANDARD CHARTERED CAPITAL Ltd,Delisted,F ,500000.00,INE403G14PB4, ,Commercial Papers,-,-,-,-
722242,Bharat Oman Refineries Limited,BORL120122,Bharat Oman Refineries Ltd,Delisted,F ,500000.00,INE322J14360, ,Commercial Papers,-,-,-,-
722243,Motilal Oswal Finvest Limited,MOFL120122,Motilal Oswal Finvest Ltd,Delisted,F ,500000.00,INE01WN14504, ,Commercial Papers,-,-,-,-
722244,TVS Srichakra Ltd.,TVSSL110122,TVS Srichakra Ltd,Delisted,F ,500000.00,INE421C14373, ,Commercial Papers,-,-,-,-
722245,Godrej Housing Finance Limited,GHFL120122,Godrej Housing Finance Ltd,Delisted,F ,500000.00,INE02JD14021, ,Commercial Papers,-,-,-,-
722246,GIC Housing Finance Ltd.,GICH130122,GIC Housing Finance Ltd,Delisted,F ,500000.00,INE289B14HV3, ,Commercial Papers,-,-,-,-
722247,Kotak Securities Limited,KSL130122,Kotak Securities Ltd,Delisted,F ,500000.00,INE028E14JN2, ,Commercial Papers,-,-,-,-
722248,ARKA FINCAP LIMITED,AFL120122,ARKA FINCAP Ltd,Delisted,F ,500000.00,INE03W114153, ,Commercial Papers,-,-,-,-
722249,Reliance Jio Infocomm Limited,RJIL130122,Reliance Jio Infocomm Ltd,Delisted,F ,500000.00,INE110L14QM0, ,Commercial Papers,-,-,-,-
722250,Bharat Oman Refineries Limited,BORL130122,Bharat Oman Refineries Ltd,Delisted,F ,500000.00,INE322J14378, ,Commercial Papers,-,-,-,-
722251,Adani Enterprises Ltd.,AEL130122,Adani Enterprises Ltd,Delisted,F ,500000.00,INE423A14OR4, ,Commercial Papers,-,-,-,-
722252,Bajaj Housing Finance Limited,BHFL140122,Bajaj Housing Finance Ltd,Delisted,F ,500000.00,INE377Y14934, ,Commercial Papers,-,-,-,-
722253,Indian Oil Corporation Ltd.,IOC140122,Indian Oil Corporation Ltd,Delisted,F ,500000.00,INE242A14VT9, ,Commercial Papers,-,-,-,-
722254,KEC International Ltd.,KEC140122,KEC International Ltd,Delisted,F ,500000.00,INE389H14HN5, ,Commercial Papers,-,-,-,-
722255,POONAWALLA FINCORP LIMITED,PFL140122,POONAWALLA FINCORP Ltd,Delisted,F ,500000.00,INE511C14UP3, ,Commercial Papers,-,-,-,-
722256,Sharekhan BNP Paribas Financial Services Limited,SBNPFS17122,Sharekhan BNP Paribas Financial Services Ltd,Delisted,F ,500000.00,INE550X14839, ,Commercial Papers,-,-,-,-
722257,Sharekhan Limited,SL170122,Sharekhan Ltd,Delisted,F ,500000.00,INE211H14286, ,Commercial Papers,-,-,-,-
722258,STANDARD CHARTERED CAPITAL LIMITED,SCCL170122,STANDARD CHARTERED CAPITAL Ltd,Delisted,F ,500000.00,INE403G14PC2, ,Commercial Papers,-,-,-,-
722259,TATA STEEL LIMITED,TSL170122,TATA STEEL Ltd,Delisted,F ,500000.00,INE081A14CD5, ,Commercial Papers,-,-,-,-
722260,Reliance Jio Infocomm Limited,RJIL170122,Reliance Jio Infocomm Ltd,Delisted,F ,500000.00,INE110L14QN8, ,Commercial Papers,-,-,-,-
722261,Century Textiles & Industries Ltd.,CTIL140122,Century Textiles & Industries Ltd,Delisted,F ,500000.00,INE055A14IT2, ,Commercial Papers,-,-,-,-
722262,Axis Securities Limited,ASL140122,Axis Securities Ltd,Delisted,F ,500000.00,INE110O14500, ,Commercial Papers,-,-,-,-
722263,Bharat Heavy Electricals Ltd.,BHEL180122,Bharat Heavy Electricals Ltd,Delisted,F ,500000.00,INE257A14748, ,Commercial Papers,-,-,-,-
722264,Indian Oil Corporation Ltd.,IOCL18122,Indian Oil Corporation Ltd,Delisted,F ,500000.00,INE242A14VU7, ,Commercial Papers,-,-,-,-
722265,TATA STEEL LIMITED,TSL190122,TATA STEEL Ltd,Delisted,F ,500000.00,INE081A14CC7, ,Commercial Papers,-,-,-,-
722266,Chennai Petroleum Corporation Ltd.,CPL180122,Chennai Petroleum Corporation Ltd,Delisted,F ,500000.00,INE178A14HH9, ,Commercial Papers,-,-,-,-
722267,Godrej Housing Finance Limited,GHFL19122,Godrej Housing Finance Ltd,Delisted,F ,500000.00,INE02JD14039, ,Commercial Papers,-,-,-,-
722268,Kotak Mahindra Prime Limited,KMPL190122,Kotak Mahindra Prime Ltd,Delisted,F ,500000.00,INE916D141A4, ,Commercial Papers,-,-,-,-
722269,ŠKODA AUTO Volkswagen India Private Limited,SAPL200122,ŠKODA AUTO Volkswagen India Pvt Ltd,Delisted,F ,500000.00,INE04TA14212, ,Commercial Papers,-,-,-,-
722270,Pilani Investment And Industries Corporation Limited,PIICL20122,Pilani Investment And Industries Corporation Ltd,Delisted,F ,500000.00,INE417C14249, ,Commercial Papers,-,-,-,-
722271,JSW Steel Limited,JSWL200122,JSW Steel Ltd,Delisted,F ,500000.00,INE019A14KL1, ,Commercial Papers,-,-,-,-
722272,Axis Securities Limited,ASL19122,Axis Securities Ltd,Delisted,F ,500000.00,INE110O14518, ,Commercial Papers,-,-,-,-
722273,JSW Steel Limited,JSWL20122,JSW Steel Ltd,Delisted,F ,500000.00,INE019A14KK3, ,Commercial Papers,-,-,-,-
722274,Adani Enterprises Ltd.,AEL190122,Adani Enterprises Ltd,Delisted,F ,500000.00,INE423A14OJ1, ,Commercial Papers,-,-,-,-
722275,HDFC Securities Limited,HSL200122,HDFC Securities Ltd,Delisted,F ,500000.00,INE700G14AU5, ,Commercial Papers,-,-,-,-
722276,Adani Enterprises Ltd.,AEL19122,Adani Enterprises Ltd,Delisted,F ,500000.00,INE423A14NR6, ,Commercial Papers,-,-,-,-
722277,Kotak Mahindra Prime Limited,KMPL200122,Kotak Mahindra Prime Ltd,Delisted,F ,500000.00,INE916D141B2, ,Commercial Papers,-,-,-,-
722278,Kotak Mahindra Investments Limited,KMIL200122,Kotak Mahindra Investments Ltd,Delisted,F ,500000.00,INE975F14WY1, ,Commercial Papers,-,-,-,-
722279,The Ramco Cements Limited,TRCL20122,The Ramco Cements Ltd,Delisted,F ,500000.00,INE331A14LU9, ,Commercial Papers,-,-,-,-
722280,Century Textiles & Industries Ltd.,CTIL21122,Century Textiles & Industries Ltd,Delisted,F ,500000.00,INE055A14IU0, ,Commercial Papers,-,-,-,-
722281,Sharekhan BNP Paribas Financial Services Limited,SBNP210122,Sharekhan BNP Paribas Financial Services Ltd,Delisted,F ,500000.00,INE550X14847, ,Commercial Papers,-,-,-,-
722282,ONGC Petro additions Limited.,OPAL20122,ONGC Petro additions Ltd,Delisted,F ,500000.00,INE163N14212, ,Commercial Papers,-,-,-,-
722283,Kotak Securities Limited,KSL21122,Kotak Securities Ltd,Delisted,F ,500000.00,INE028E14JO0, ,Commercial Papers,-,-,-,-
722284,Network 18 Media & Investments Limited,NMIL21122,Network 18 Media & Investments Ltd,Delisted,F ,500000.00,INE870H14NM4, ,Commercial Papers,-,-,-,-
722285,ICICI HOME FINANCE COMPANY LIMITED,IHFCL21122,ICICI HOME FINANCE COMPANY Ltd,Delisted,F ,500000.00,INE071G14DU5, ,Commercial Papers,-,-,-,-
722286,Bajaj Housing Finance Limited,BHFL21122,Bajaj Housing Finance Ltd,Delisted,F ,500000.00,INE377Y14942, ,Commercial Papers,-,-,-,-
722287,The Ramco Cements Limited,TRCL210122,The Ramco Cements Ltd,Delisted,F ,500000.00,INE331A14LT1, ,Commercial Papers,-,-,-,-
722288,Julius Baer Capital (India) Private Limited,JBC21122,Julius Baer Capital (India) Pvt Ltd,Delisted,F ,500000.00,INE824H14GP8, ,Commercial Papers,-,-,-,-
722289,Shree Cements Ltd.,SCL210122,Shree Cements Ltd,Delisted,F ,500000.00,INE070A14562, ,Commercial Papers,-,-,-,-
722290,Nuvama Wealth and Investment Limited,NWIL210122,Edelweiss Broking Ltd,Delisted,F ,500000.00,INE523L14021, ,Commercial Papers,-,-,-,-
722291,Northern Arc Capital Ltd.,NAC210122,Northern Arc Capital Ltd,Delisted,F ,500000.00,INE850M14AP6, ,Commercial Papers,-,-,-,-
722292,Can Fin Homes Ltd.,CFH210122,Can Fin Homes Ltd,Delisted,F ,500000.00,INE477A14BS5, ,Commercial Papers,-,-,-,-
722293,STANDARD CHARTERED CAPITAL LIMITED,SCCL240122,STANDARD CHARTERED CAPITAL Ltd,Delisted,F ,500000.00,INE403G14PD0, ,Commercial Papers,-,-,-,-
722294,Bajaj Financial Securities Limited,BFSL240122,Bajaj Financial Securities Ltd,Delisted,F ,500000.00,INE01C314205, ,Commercial Papers,-,-,-,-
722295,Kotak Securities Limited,KSL24122,Kotak Securities Ltd,Delisted,F ,500000.00,INE028E14JP7, ,Commercial Papers,-,-,-,-
722296,TV18 Broadcast Ltd.,TVBL24122,TV18 Broadcast Ltd,Delisted,F ,500000.00,INE886H14GY9, ,Commercial Papers,-,-,-,-
722297,HDFC Securities Limited,HSL24122,HDFC Securities Ltd,Delisted,F ,500000.00,INE700G14AV3, ,Commercial Papers,-,-,-,-
722298,Network 18 Media & Investments Limited,NIL24122,Network 18 Media & Investments Ltd,Delisted,F ,500000.00,INE870H14NN2, ,Commercial Papers,-,-,-,-
722299,HDFC Credila Financial Services Ltd,HCFS24122,HDFC Credila Financial Services Ltd,Delisted,F ,500000.00,INE539K14AP9, ,Commercial Papers,-,-,-,-
722300,Motilal Oswal Home Finance Limited,MOHFL24122,Motilal Oswal Home Finance Ltd,Delisted,F ,500000.00,INE658R14444, ,Commercial Papers,-,-,-,-
722301,The Ramco Cements Limited,TRCL240122,The Ramco Cements Ltd,Delisted,F ,500000.00,INE331A14LW5, ,Commercial Papers,-,-,-,-
722302,Indian Oil Corporation Ltd.,IOCL240122,Indian Oil Corporation Ltd,Delisted,F ,500000.00,INE242A14VV5, ,Commercial Papers,-,-,-,-
722303,Bharat Oman Refineries Limited,BORL240122,Bharat Oman Refineries Ltd,Delisted,F ,500000.00,INE322J14386, ,Commercial Papers,-,-,-,-
722304,KEC International Ltd.,KECIL25122,KEC International Ltd,Delisted,F ,500000.00,INE389H14HO3, ,Commercial Papers,-,-,-,-
722305,ARKA FINCAP LIMITED,AFL250122,ARKA FINCAP Ltd,Delisted,F ,500000.00,INE03W114161, ,Commercial Papers,-,-,-,-
722306,Fedbank Financial Services Limited,FFSL24122,Fedbank Financial Services Ltd,Delisted,F ,500000.00,INE007N14CZ6, ,Commercial Papers,-,-,-,-
722307,Julius Baer Capital (India) Private Limited,JBC250122,Julius Baer Capital (India) Pvt Ltd,Delisted,F ,500000.00,INE824H14GQ6, ,Commercial Papers,-,-,-,-
722308,HDFC Securities Limited,HSL270122,HDFC Securities Ltd,Delisted,F ,500000.00,INE700G14AW1, ,Commercial Papers,-,-,-,-
722309,STANDARD CHARTERED CAPITAL LIMITED,SCCL270122,STANDARD CHARTERED CAPITAL Ltd,Delisted,F ,500000.00,INE403G14PE8, ,Commercial Papers,-,-,-,-
722310,The Ramco Cements Limited,TRCL25122,The Ramco Cements Ltd,Delisted,F ,500000.00,INE331A14LV7, ,Commercial Papers,-,-,-,-
722311,Infina Finance Private Limited,IFPL27122,Infina Finance Pvt Ltd,Delisted,F ,500000.00,INE879F14FP8, ,Commercial Papers,-,-,-,-
722312,SK Finance Limited,SKFL27122,SK Finance Ltd,Delisted,F ,500000.00,INE124N14040, ,Commercial Papers,-,-,-,-
722313,Julius Baer Capital (India) Private Limited,JBCL27122,Julius Baer Capital (India) Pvt Ltd,Delisted,F ,500000.00,INE824H14GS2, ,Commercial Papers,-,-,-,-
722314,ICICI Securities Primary Dealership Limited,ICPD27122,ICICI Securities Primary Dealership Ltd,Delisted,F ,500000.00,INE849D14GV2, ,Commercial Papers,-,-,-,-
722315,Tata Realty and Infrastructure Limited,TRIL27122,Tata Realty and Infrastructure Ltd,Delisted,F ,500000.00,INE371K14AV5, ,Commercial Papers,-,-,-,-
722316,birla Group Holdings Private Limited,BGHPL27122,birla Group Holdings Pvt Ltd,Delisted,F ,500000.00,INE09OL14987, ,Commercial Papers,-,-,-,-
722317,TATA INTERNATIONAL LIMITED,TIL250122,TATA INTERNATIONAL Ltd,Delisted,F ,500000.00,INE751F14319, ,Commercial Papers,-,-,-,-
722318,The Ramco Cements Limited,TRCL270122,The Ramco Cements Ltd,Delisted,F ,500000.00,INE331A14LY1, ,Commercial Papers,-,-,-,-
722319,SBICAP Securities Limited,SBICAP28122,SBICAP Securities Ltd,Delisted,F ,500000.00,INE212K14015, ,Commercial Papers,-,-,-,-
722320,Dwarikesh Sugar Industries Ltd.,DSIL280122,Dwarikesh Sugar Industries Ltd,Delisted,F ,500000.00,INE366A14119, ,Commercial Papers,-,-,-,-
722321,Axis Securities Limited,ASL270122,Axis Securities Ltd,Delisted,F ,500000.00,INE110O14526, ,Commercial Papers,-,-,-,-
722322,STANDARD CHARTERED CAPITAL LIMITED,SCCL280122,STANDARD CHARTERED CAPITAL Ltd,Delisted,F ,500000.00,INE403G14PF5, ,Commercial Papers,-,-,-,-
722323,Axis Finance Limited,AFL280122,Axis Finance Ltd,Delisted,F ,500000.00,INE891K14LG0, ,Commercial Papers,-,-,-,-
722324,HDFC Securities Limited,HSL280122,HDFC Securities Ltd,Delisted,F ,500000.00,INE700G14AY7, ,Commercial Papers,-,-,-,-
722325,HDFC Securities Limited,HDFCSC28122,HDFC Securities Ltd,Delisted,F ,500000.00,INE700G14AX9, ,Commercial Papers,-,-,-,-
722326,ŠKODA AUTO Volkswagen India Private Limited,SAVPL28122,ŠKODA AUTO Volkswagen India Pvt Ltd,Delisted,F ,500000.00,INE04TA14220, ,Commercial Papers,-,-,-,-
722327,Bajaj Financial Securities Limited,BFSL280122,Bajaj Financial Securities Ltd,Delisted,F ,500000.00,INE01C314197, ,Commercial Papers,-,-,-,-
722328,Bharat Heavy Electricals Ltd.,BHEL280122,Bharat Heavy Electricals Ltd,Delisted,F ,500000.00,INE257A14755, ,Commercial Papers,-,-,-,-
722329,Reliance Industries Ltd,RIL280122,Reliance Industries Ltd,Delisted,F ,500000.00,INE002A14JP0, ,Commercial Papers,-,-,-,-
722330,Reliance Retail Ventures Limited,RRVL280122,Reliance Retail Ventures Ltd,Delisted,F ,500000.00,INE929O14511, ,Commercial Papers,-,-,-,-
722331,Time Technoplast Limited,TTL28122,Time Technoplast Ltd,Delisted,F ,500000.00,INE508G14BT2, ,Commercial Papers,-,-,-,-
722332,Sterlite Technologies Limited.,STL28122,Sterlite Technologies Ltd,Delisted,F ,500000.00,INE089C14BQ8, ,Commercial Papers,-,-,-,-
722333,Julius Baer Capital (India) Private Limited,JBCL28122,Julius Baer Capital (India) Pvt Ltd,Delisted,F ,500000.00,INE824H14GR4, ,Commercial Papers,-,-,-,-
722334,birla Group Holdings Private Limited,BGHPL31122,birla Group Holdings Pvt Ltd,Delisted,F ,500000.00,INE09OL14995, ,Commercial Papers,-,-,-,-
722335,The Ramco Cements Limited,TRCL28122,The Ramco Cements Ltd,Delisted,F ,500000.00,INE331A14LX3, ,Commercial Papers,-,-,-,-
722336,Housing Development Finance Corp.Lt,HDFCL31122,Housing Development Finance CorpLt,Delisted,F ,500000.00,INE001A14YE5, ,Commercial Papers,-,-,-,-
722337,Axis Securities Limited,ASL280122,Axis Securities Ltd,Delisted,F ,500000.00,INE110O14534, ,Commercial Papers,-,-,-,-
722338,Axis Finance Limited,AFL310122,Axis Finance Ltd,Delisted,F ,500000.00,INE891K14LH8, ,Commercial Papers,-,-,-,-
722339,Godrej Housing Finance Limited,GHFL31122,Godrej Housing Finance Ltd,Delisted,F ,500000.00,INE02JD14054, ,Commercial Papers,-,-,-,-
722340,Indian Oil Corporation Ltd.,IOCL310122,Indian Oil Corporation Ltd,Delisted,F ,500000.00,INE242A14VW3, ,Commercial Papers,-,-,-,-
722341,Housing Development Finance Corp.Lt,HDFC28122,Housing Development Finance CorpLt,Delisted,F ,500000.00,INE001A14YF2, ,Commercial Papers,-,-,-,-
722342,Indian Oil Corporation Ltd.,IOCL3101022,Indian Oil Corporation Ltd,Delisted,F ,500000.00,INE242A14VX1, ,Commercial Papers,-,-,-,-
722343,Housing Development Finance Corp.Lt,HDFCL280122,Housing Development Finance CorpLt,Delisted,F ,500000.00,INE001A14YG0, ,Commercial Papers,-,-,-,-
722344,Infina Finance Private Limited,IFPL31122,Infina Finance Pvt Ltd,Delisted,F ,500000.00,INE879F14FQ6, ,Commercial Papers,-,-,-,-
722345,Bharat Heavy Electricals Ltd.,BHEL010222,Bharat Heavy Electricals Ltd,Delisted,F ,500000.00,INE257A14763, ,Commercial Papers,-,-,-,-
722346,Julius Baer Capital (India) Private Limited,JBC010222,Julius Baer Capital (India) Pvt Ltd,Delisted,F ,500000.00,INE824H14GT0, ,Commercial Papers,-,-,-,-
722347,Bajaj Finance Limited,BFL010222,Bajaj Finance Ltd,Delisted,F ,500000.00,INE296A14SV7, ,Commercial Papers,-,-,-,-
722348,Network 18 Media & Investments Limited,NMIL010222,Network 18 Media & Investments Ltd,Delisted,F ,500000.00,INE870H14NP7, ,Commercial Papers,-,-,-,-
722349,Sharekhan BNP Paribas Financial Services Limited,SPF1222,Sharekhan BNP Paribas Financial Services Ltd,Delisted,F ,500000.00,INE550X14854, ,Commercial Papers,-,-,-,-
722350,JM Financial Properties and Holdings Limited,JMFP010222,JM Financial Properties and Holdings Ltd,Delisted,F ,500000.00,INE525R14866, ,Commercial Papers,-,-,-,-
722351,MOTILAL OSWAL WEALTH LIMITED,MOWL010222,MOTILAL OSWAL WEALTH Ltd,Delisted,F ,500000.00,INE02KQ14070, ,Commercial Papers,-,-,-,-
722352,Motilal Oswal Finvest Limited,MOFL010222,Motilal Oswal Finvest Ltd,Delisted,F ,500000.00,INE01WN14512, ,Commercial Papers,-,-,-,-
722353,Nuvama Wealth Finance Limited,EFIL010222,Edelweiss Finance & Investments Ltd,Delisted,F ,500000.00,INE918K14736, ,Commercial Papers,-,-,-,-
722354,360 ONE Prime Limited,IWPL01222,IIFL Wealth Prime Ltd,Delisted,F ,500000.00,INE248U14KQ3, ,Commercial Papers,-,-,-,-
722355,Network 18 Media & Investments Limited,NMIL02222,Network 18 Media & Investments Ltd,Delisted,F ,500000.00,INE870H14NO0, ,Commercial Papers,-,-,-,-
722356,NLC Tamilnadu Power Limited,NLCTPL3222,NLC Tamilnadu Power Ltd,Delisted,F ,500000.00,INE05C614170, ,Commercial Papers,-,-,-,-
722357,Reliance Retail Ventures Limited,RRVL020222,Reliance Retail Ventures Ltd,Delisted,F ,500000.00,INE929O14529, ,Commercial Papers,-,-,-,-
722358,HDFC Securities Limited,HSL030222,HDFC Securities Ltd,Delisted,F ,500000.00,INE700G14BB3, ,Commercial Papers,-,-,-,-
722359,HDFC Securities Limited,HSL3222,HDFC Securities Ltd,Delisted,F ,500000.00,INE700G14AZ4, ,Commercial Papers,-,-,-,-
722360,HDFC Securities Limited,HSL03222,HDFC Securities Ltd,Delisted,F ,500000.00,INE700G14BA5, ,Commercial Papers,-,-,-,-
722361,J.K. CEMENT LTD,JKCL030222,JK CEMENT LTD,Delisted,F ,500000.00,INE823G14686, ,Commercial Papers,-,-,-,-
722362,J.K. CEMENT LTD,JKCL030222A,JK CEMENT LTD,Delisted,F ,500000.00,INE823G14694, ,Commercial Papers,-,-,-,-
722363,Time Technoplast Limited,TTL040222,Time Technoplast Ltd,Delisted,F ,500000.00,INE508G14BV8, ,Commercial Papers,-,-,-,-
722364,Sharekhan BNP Paribas Financial Services Limited,SFSL040222,Sharekhan BNP Paribas Financial Services Ltd,Delisted,F ,500000.00,INE550X14862, ,Commercial Papers,-,-,-,-
722365,TV18 Broadcast Ltd.,TBL040222,TV18 Broadcast Ltd,Delisted,F ,500000.00,INE886H14GZ6, ,Commercial Papers,-,-,-,-
722366,Godrej Housing Finance Limited,GHFL040222,Godrej Housing Finance Ltd,Delisted,F ,500000.00,INE02JD14047, ,Commercial Papers,-,-,-,-
722367,Sharekhan Limited,SL04FEB22,Sharekhan Ltd,Delisted,F ,500000.00,INE211H14294, ,Commercial Papers,-,-,-,-
722368,Adani Enterprises Ltd.,AEL040222,Adani Enterprises Ltd,Delisted,F ,500000.00,INE423A14OV6, ,Commercial Papers,-,-,-,-
722369,Motilal Oswal Financial Services Limited,MOFSL080222,Motilal Oswal Financial Services Ltd,Delisted,F ,500000.00,INE338I14DA6, ,Commercial Papers,-,-,-,-
722370,J.K. CEMENT LTD,JKCL080222,JK CEMENT LTD,Delisted,F ,500000.00,INE823G14702, ,Commercial Papers,-,-,-,-
722371,Tata Power Co. Ltd,TPCL8FEB22,Tata Power Co Ltd,Delisted,F ,500000.00,INE245A14FO6, ,Commercial Papers,-,-,-,-
722372,ICICI Securities Primary Dealership Limited,ICICI080222,ICICI Securities Primary Dealership Ltd,Delisted,F ,500000.00,INE849D14GW0, ,Commercial Papers,-,-,-,-
722373,Julius Baer Capital (India) Private Limited,JBC8FEB22,Julius Baer Capital (India) Pvt Ltd,Delisted,F ,500000.00,INE824H14GU8, ,Commercial Papers,-,-,-,-
722374,TATA STEEL LIMITED,TSL8222,TATA STEEL Ltd,Delisted,F ,500000.00,INE081A14CE3, ,Commercial Papers,-,-,-,-
722375,Can Fin Homes Ltd.,CFH080222,Can Fin Homes Ltd,Delisted,F ,500000.00,INE477A14BT3, ,Commercial Papers,-,-,-,-
722376,Sterlite Technologies Limited.,STL080222,Sterlite Technologies Ltd,Delisted,F ,500000.00,INE089C14BR6, ,Commercial Papers,-,-,-,-
722377,Indian Oil Corporation Ltd.,IOC080222,Indian Oil Corporation Ltd,Delisted,F ,500000.00,INE242A14VY9, ,Commercial Papers,-,-,-,-
722378,HDFC Securities Limited,HSEC090222,HDFC Securities Ltd,Delisted,F ,500000.00,INE700G14BC1, ,Commercial Papers,-,-,-,-
722379,Indian Oil Corporation Ltd.,IOC8222,Indian Oil Corporation Ltd,Delisted,F ,500000.00,INE242A14VZ6, ,Commercial Papers,-,-,-,-
722380,Adani Enterprises Ltd.,AEL080222,Adani Enterprises Ltd,Delisted,F ,500000.00,INE423A14OW4, ,Commercial Papers,-,-,-,-
722381,ECL Finance Limited,ECL090222,ECL Finance Ltd,Delisted,F ,500000.00,INE804I14VC5, ,Commercial Papers,-,-,-,-
722382,Bajaj Housing Finance Limited,BHFL090222,Bajaj Housing Finance Ltd,Delisted,F ,500000.00,INE377Y14959, ,Commercial Papers,-,-,-,-
722383,ICICI Securities Limited,ISEC090222,ICICI Securities Ltd,Delisted,F ,500000.00,INE763G14LU0, ,Commercial Papers,-,-,-,-
722384,ICICI Securities Limited,ISEC09222,ICICI Securities Ltd,Delisted,F ,500000.00,INE763G14LV8, ,Commercial Papers,-,-,-,-
722385,GIC Housing Finance Ltd.,GIC10022022,GIC Housing Finance Ltd,Delisted,F ,500000.00,INE289B14HW1, ,Commercial Papers,-,-,-,-
722386,Axis Securities Limited,ASL090222,Axis Securities Ltd,Delisted,F ,500000.00,INE110O14542, ,Commercial Papers,-,-,-,-
722387,Tata Power Co. Ltd,TPCL100222,Tata Power Co Ltd,Delisted,F ,500000.00,INE245A14FP3, ,Commercial Papers,-,-,-,-
722388,Motilal Oswal Financial Services Limited,MOFSL100222,Motilal Oswal Financial Services Ltd,Delisted,F ,500000.00,INE338I14DB4, ,Commercial Papers,-,-,-,-
722389,Tata Housing Development Company Limited,THDC100222,Tata Housing Development Company Ltd,Delisted,F ,500000.00,INE582L14GK5, ,Commercial Papers,-,-,-,-
722390,Julius Baer Capital (India) Private Limited,JBCPL100222,Julius Baer Capital (India) Pvt Ltd,Delisted,F ,500000.00,INE824H14GV6, ,Commercial Papers,-,-,-,-
722391,Indian Oil Corporation Ltd.,IOCL110222,Indian Oil Corporation Ltd,Delisted,F ,500000.00,INE242A14WA7, ,Commercial Papers,-,-,-,-
722392,Axis Finance Limited,AFL11FEB22,Axis Finance Ltd,Delisted,F ,500000.00,INE891K14LJ4, ,Commercial Papers,-,-,-,-
722393,birla Group Holdings Private Limited,BGHL110222,birla Group Holdings Pvt Ltd,Delisted,F ,500000.00,INE09OL14AC7, ,Commercial Papers,-,-,-,-
722394,IIFL Samasta Finance Limited,IIFLS110222,IIFL Samasta Finance Ltd,Delisted,F ,500000.00,INE413U14158, ,Commercial Papers,-,-,-,-
722395,Axis Finance Limited,AFL110222,Axis Finance Ltd,Delisted,F ,500000.00,INE891K14LI6, ,Commercial Papers,-,-,-,-
722396,Kotak Securities Limited,KSL140222,Kotak Securities Ltd,Delisted,F ,500000.00,INE028E14JQ5, ,Commercial Papers,-,-,-,-
722397,KEC International Ltd.,KEC140222,KEC International Ltd,Delisted,F ,500000.00,INE389H14HQ8, ,Commercial Papers,-,-,-,-
722398,birla Group Holdings Private Limited,BGHPL14222,birla Group Holdings Pvt Ltd,Delisted,F ,500000.00,INE09OL14AB9, ,Commercial Papers,-,-,-,-
722399,Julius Baer Capital (India) Private Limited,JBC140222,Julius Baer Capital (India) Pvt Ltd,Delisted,F ,500000.00,INE824H14GW4, ,Commercial Papers,-,-,-,-
722400,TV18 Broadcast Ltd.,TV18BL14222,TV18 Broadcast Ltd,Delisted,F ,500000.00,INE886H14HA7, ,Commercial Papers,-,-,-,-
722401,Network 18 Media & Investments Limited,NW18M14222,Network 18 Media & Investments Ltd,Delisted,F ,500000.00,INE870H14NQ5, ,Commercial Papers,-,-,-,-
722402,TRUST INVESTMENT ADVISORS PRIVATE LIMITED,TIAPL140222,TRUST INVESTMENT ADVISORS Pvt Ltd,Delisted,F ,500000.00,INE723X14AX6, ,Commercial Papers,-,-,-,-
722403,Network 18 Media & Investments Limited,NW18M15222,Network 18 Media & Investments Ltd,Delisted,F ,500000.00,INE870H14NR3, ,Commercial Papers,-,-,-,-
722404,HDFC Securities Limited,HSL150222,HDFC Securities Ltd,Delisted,F ,500000.00,INE700G14BD9, ,Commercial Papers,-,-,-,-
722405,Pilani Investment And Industries Corporation Limited,PIL15222,Pilani Investment And Industries Corporation Ltd,Delisted,F ,500000.00,INE417C14256, ,Commercial Papers,-,-,-,-
722406,Bharat Petroleum Corpn. Ltd.,BPCL150222,Bharat Petroleum Corpn Ltd,Delisted,F ,500000.00,INE029A14BM7, ,Commercial Papers,-,-,-,-
722407,Nuvama Wealth and Investment Limited,EBL15222,Edelweiss Broking Ltd,Delisted,F ,500000.00,INE523L14054, ,Commercial Papers,-,-,-,-
722408,Indian Oil Corporation Ltd.,IOCL150222,Indian Oil Corporation Ltd,Delisted,F ,500000.00,INE242A14WB5, ,Commercial Papers,-,-,-,-
722409,Reliance Retail Ventures Limited,RRVL150222,Reliance Retail Ventures Ltd,Delisted,F ,500000.00,INE929O14545, ,Commercial Papers,-,-,-,-
722410,Reliance Retail Ventures Limited,RRVL15FEB22,Reliance Retail Ventures Ltd,Delisted,F ,500000.00,INE929O14537, ,Commercial Papers,-,-,-,-
722411,KEC International Ltd.,KIL16222,KEC International Ltd,Delisted,F ,500000.00,INE389H14HP0, ,Commercial Papers,-,-,-,-
722412,Julius Baer Capital (India) Private Limited,JBCL16222,Julius Baer Capital (India) Pvt Ltd,Delisted,F ,500000.00,INE824H14GX2, ,Commercial Papers,-,-,-,-
722413,ICICI Securities Limited,ISL150222,ICICI Securities Ltd,Delisted,F ,500000.00,INE763G14LW6, ,Commercial Papers,-,-,-,-
722414,TV18 Broadcast Ltd.,TV18B160222,TV18 Broadcast Ltd,Delisted,F ,500000.00,INE886H14HB5, ,Commercial Papers,-,-,-,-
722415,birla Group Holdings Private Limited,BGHPL160222,birla Group Holdings Pvt Ltd,Delisted,F ,500000.00,INE09OL14AA1, ,Commercial Papers,-,-,-,-
722416,GIC Housing Finance Ltd.,GICHF17222,GIC Housing Finance Ltd,Delisted,F ,500000.00,INE289B14HX9, ,Commercial Papers,-,-,-,-
722417,STANDARD CHARTERED CAPITAL LIMITED,SCCL170222,STANDARD CHARTERED CAPITAL Ltd,Delisted,F ,500000.00,INE403G14PG3, ,Commercial Papers,-,-,-,-
722418,Bajaj Financial Securities Limited,BFSL17FEB22,Bajaj Financial Securities Ltd,Delisted,F ,500000.00,INE01C314213, ,Commercial Papers,-,-,-,-
722419,Tata Power Co. Ltd,TPCL170222,Tata Power Co Ltd,Delisted,F ,500000.00,INE245A14FQ1, ,Commercial Papers,-,-,-,-
722420,Dalmia Cement (Bharat) Limited,DCBL170222,Dalmia Cement (Bharat) Ltd,Delisted,F ,500000.00,INE755K14EC1, ,Commercial Papers,-,-,-,-
722421,VIVRITI CAPITAL LIMITED,VCPL16222,Vivriti Capital Pvt Ltd,Delisted,F ,500000.00,INE01HV14045, ,Commercial Papers,-,-,-,-
722422,Bajaj Housing Finance Limited,BHFL170222,Bajaj Housing Finance Ltd,Delisted,F ,500000.00,INE377Y14967, ,Commercial Papers,-,-,-,-
722423,TATA STEEL LIMITED,TSL170222,TATA STEEL Ltd,Delisted,F ,500000.00,INE081A14CF0, ,Commercial Papers,-,-,-,-
722424,TATA STEEL LIMITED,TSL17FEB22,TATA STEEL Ltd,Delisted,F ,500000.00,INE081A14CG8, ,Commercial Papers,-,-,-,-
722425,KEC International Ltd.,KEC180222,KEC International Ltd,Delisted,F ,500000.00,INE389H14HS4, ,Commercial Papers,-,-,-,-
722426,Sterlite Technologies Limited.,STL180222,Sterlite Technologies Ltd,Delisted,F ,500000.00,INE089C14BS4, ,Commercial Papers,-,-,-,-
722427,Nuvama Wealth Finance Limited,EFIL18222,Edelweiss Finance & Investments Ltd,Delisted,F ,500000.00,INE918K14751, ,Commercial Papers,-,-,-,-
722428,J.K. CEMENT LTD,JKCL180222,JK CEMENT LTD,Delisted,F ,500000.00,INE823G14710, ,Commercial Papers,-,-,-,-
722429,Kotak Securities Limited,KSL210222,Kotak Securities Ltd,Delisted,F ,500000.00,INE028E14JR3, ,Commercial Papers,-,-,-,-
722430,TATA STEEL LONG PRODUCTS LIMITED,TSLPL18222,TATA STEEL LONG PRODUCTS Ltd,Delisted,F ,500000.00,INE674A14074, ,Commercial Papers,-,-,-,-
722431,TORRENT POWER LIMITED,TPL180222,TORRENT POWER Ltd,Delisted,F ,500000.00,INE813H14248, ,Commercial Papers,-,-,-,-
722432,birla Group Holdings Private Limited,BGHPL210222,birla Group Holdings Pvt Ltd,Delisted,F ,500000.00,INE09OL14AD5, ,Commercial Papers,-,-,-,-
722433,Tata Power Co. Ltd,TPCL210222,Tata Power Co Ltd,Delisted,F ,500000.00,INE245A14FR9, ,Commercial Papers,-,-,-,-
722434,Nuvama Wealth Finance Limited,EFIL210222,Edelweiss Finance & Investments Ltd,Delisted,F ,500000.00,INE918K14744, ,Commercial Papers,-,-,-,-
722435,Motilal Oswal Financial Services Limited,MOFSL210222,Motilal Oswal Financial Services Ltd,Delisted,F ,500000.00,INE338I14DD0, ,Commercial Papers,-,-,-,-
722436,Motilal Oswal Financial Services Limited,MOFSL21222,Motilal Oswal Financial Services Ltd,Delisted,F ,500000.00,INE338I14DC2, ,Commercial Papers,-,-,-,-
722437,IndoStar Capital Finance Limited,ICFL210222,IndoStar Capital Finance Ltd,Delisted,F ,500000.00,INE896L14CY9, ,Commercial Papers,-,-,-,-
722438,Sterlite Technologies Limited.,STL220222,Sterlite Technologies Ltd,Delisted,F ,500000.00,INE089C14BT2, ,Commercial Papers,-,-,-,-
722439,Fedbank Financial Services Limited,FFSL210222,Fedbank Financial Services Ltd,Delisted,F ,500000.00,INE007N14DA7, ,Commercial Papers,-,-,-,-
722440,Indian Oil Corporation Ltd.,IOCL220222,Indian Oil Corporation Ltd,Delisted,F ,500000.00,INE242A14WC3, ,Commercial Papers,-,-,-,-
722441,HDFC Securities Limited,HDFCS220222,HDFC Securities Ltd,Delisted,F ,500000.00,INE700G14BE7, ,Commercial Papers,-,-,-,-
722442,Kotak Mahindra Investments Limited,KMIL220222,Kotak Mahindra Investments Ltd,Delisted,F ,500000.00,INE975F14WZ8, ,Commercial Papers,-,-,-,-
722443,Nissan Renault Financial Services India Private Limited,NRFSI220222,Nissan Renault Financial Services India Pvt Ltd,Delisted,F ,500000.00,INE566V14235, ,Commercial Papers,-,-,-,-
722444,ONGC Petro additions Limited.,ONGCP220222,ONGC Petro additions Ltd,Delisted,F ,500000.00,INE163N14220, ,Commercial Papers,-,-,-,-
722445,Fedbank Financial Services Limited,FFSL230222,Fedbank Financial Services Ltd,Delisted,F ,500000.00,INE007N14DB5, ,Commercial Papers,-,-,-,-
722446,KEC International Ltd.,KECIL240222,KEC International Ltd,Delisted,F ,500000.00,INE389H14HR6, ,Commercial Papers,-,-,-,-
722447,JSW Energy Limited,JSWEL24222,JSW Energy Ltd,Delisted,F ,500000.00,INE121E14219, ,Commercial Papers,-,-,-,-
722448,National Bank for Agriculture and Rural Development,NABARD242,National Bank for Agriculture and Rural Development,Delisted,F ,500000.00,INE261F14IP3, ,Commercial Papers,-,-,-,-
722449,Nuvama Wealth Finance Limited,EFIL240222,Edelweiss Finance & Investments Ltd,Delisted,F ,500000.00,INE918K14769, ,Commercial Papers,-,-,-,-
722450,VIVRITI CAPITAL LIMITED,VCPL230222,Vivriti Capital Pvt Ltd,Delisted,F ,500000.00,INE01HV14060, ,Commercial Papers,-,-,-,-
722451,STANDARD CHARTERED CAPITAL LIMITED,SCCL240222,STANDARD CHARTERED CAPITAL Ltd,Delisted,F ,500000.00,INE403G14PH1, ,Commercial Papers,-,-,-,-
722452,Tata Realty and Infrastructure Limited,TRIL240222,Tata Realty and Infrastructure Ltd,Delisted,F ,500000.00,INE371K14AW3, ,Commercial Papers,-,-,-,-
722453,Avanse Financial Services Limited,AFSL240222,Avanse Financial Services Ltd,Delisted,F ,500000.00,INE087P14655, ,Commercial Papers,-,-,-,-
722454,Network 18 Media & Investments Limited,N18MIL25222,Network 18 Media & Investments Ltd,Delisted,F ,500000.00,INE870H14NS1, ,Commercial Papers,-,-,-,-
722455,Network 18 Media & Investments Limited,N18MI250222,Network 18 Media & Investments Ltd,Delisted,F ,500000.00,INE870H14NU7, ,Commercial Papers,-,-,-,-
722456,Network 18 Media & Investments Limited,N18MI220225,Network 18 Media & Investments Ltd,Delisted,F ,500000.00,INE870H14NT9, ,Commercial Papers,-,-,-,-
722457,Network 18 Media & Investments Limited,N18MI22225,Network 18 Media & Investments Ltd,Delisted,F ,500000.00,INE870H14NV5, ,Commercial Papers,-,-,-,-
722458,ICICI HOME FINANCE COMPANY LIMITED,IHFCL25222,ICICI HOME FINANCE COMPANY Ltd,Delisted,F ,500000.00,INE071G14DV3, ,Commercial Papers,-,-,-,-
722459,Nuvama Wealth and Investment Limited,EBL25222,Edelweiss Broking Ltd,Delisted,F ,500000.00,INE523L14070, ,Commercial Papers,-,-,-,-
722460,Tata Power Co. Ltd,TPCL25222,Tata Power Co Ltd,Delisted,F ,500000.00,INE245A14FS7, ,Commercial Papers,-,-,-,-
722461,Julius Baer Capital (India) Private Limited,JBCPL25222,Julius Baer Capital (India) Pvt Ltd,Delisted,F ,500000.00,INE824H14GZ7, ,Commercial Papers,-,-,-,-
722462,TATA INTERNATIONAL LIMITED,TIL25222,TATA INTERNATIONAL Ltd,Delisted,F ,500000.00,INE751F14327, ,Commercial Papers,-,-,-,-
722463,Kotak Securities Limited,KSL250222,Kotak Securities Ltd,Delisted,F ,500000.00,INE028E14JS1, ,Commercial Papers,-,-,-,-
722464,HDFC Securities Limited,HSEC25222,HDFC Securities Ltd,Delisted,F ,500000.00,INE700G14BF4, ,Commercial Papers,-,-,-,-
722465,Reliance Retail Ventures Limited,RRVL25222,Reliance Retail Ventures Ltd,Delisted,F ,500000.00,INE929O14560, ,Commercial Papers,-,-,-,-
722466,NABHA POWER LIMITED,NPL250222,NABHA POWER Ltd,Delisted,F ,500000.00,INE445L14CD9, ,Commercial Papers,-,-,-,-
722467,TATA STEEL LIMITED,TSL25222,TATA STEEL Ltd,Delisted,F ,500000.00,INE081A14CH6, ,Commercial Papers,-,-,-,-
722468,Motilal Oswal Financial Services Limited,MOFSL240223,Motilal Oswal Financial Services Ltd,Delisted,F ,500000.00,INE338I14DE8, ,Commercial Papers,-,-,-,-
722469,Kotak Securities Limited,KSL280222,Kotak Securities Ltd,Delisted,F ,500000.00,INE028E14JT9, ,Commercial Papers,-,-,-,-
722470,JSW Energy Limited,JSWEL28222,JSW Energy Ltd,Delisted,F ,500000.00,INE121E14201, ,Commercial Papers,-,-,-,-
722471,KEC International Ltd.,KECIL280222,KEC International Ltd,Delisted,F ,500000.00,INE389H14HT2, ,Commercial Papers,-,-,-,-
722472,TV18 Broadcast Ltd.,TV18BL28222,TV18 Broadcast Ltd,Delisted,F ,500000.00,INE886H14HE9, ,Commercial Papers,-,-,-,-
722473,Julius Baer Capital (India) Private Limited,JBCPL28222,Julius Baer Capital (India) Pvt Ltd,Delisted,F ,500000.00,INE824H14GY0, ,Commercial Papers,-,-,-,-
722474,Reliance Jio Infocomm Limited,RJIL28222,Reliance Jio Infocomm Ltd,Delisted,F ,500000.00,INE110L14QO6, ,Commercial Papers,-,-,-,-
722475,Reliance Retail Ventures Limited,RRVL28222,Reliance Retail Ventures Ltd,Delisted,F ,500000.00,INE929O14552, ,Commercial Papers,-,-,-,-
722476,Canbank Factors Limited,CFL28222,Canbank Factors Ltd,Delisted,F ,500000.00,INE986D14191, ,Commercial Papers,-,-,-,-
722477,Tata Power Co. Ltd,TPCL28222,Tata Power Co Ltd,Delisted,F ,500000.00,INE245A14FT5, ,Commercial Papers,-,-,-,-
722478,birla Group Holdings Private Limited,BGHL28222,birla Group Holdings Pvt Ltd,Delisted,F ,500000.00,INE09OL14AE3, ,Commercial Papers,-,-,-,-
722479,360 ONE WAM LIMITED,OWL2322,IIFL Wealth Management Ltd,Delisted,F ,500000.00,INE466L14AV1, ,Commercial Papers,-,-,-,-
722480,360 ONE Prime Limited,IWPL2322,IIFL Wealth Prime Ltd,Delisted,F ,500000.00,INE248U14KR1, ,Commercial Papers,-,-,-,-
722481,360 ONE Prime Limited,IWPL02322,IIFL Wealth Prime Ltd,Delisted,F ,500000.00,INE248U14KS9, ,Commercial Papers,-,-,-,-
722482,TATA STEEL LIMITED,TSL2322,TATA STEEL Ltd,Delisted,F ,500000.00,INE081A14CI4, ,Commercial Papers,-,-,-,-
722483,TATA STEEL LIMITED,TSL020322,TATA STEEL Ltd,Delisted,F ,500000.00,INE081A14CJ2, ,Commercial Papers,-,-,-,-
722484,TV18 Broadcast Ltd.,TV18B2321,TV18 Broadcast Ltd,Delisted,F ,500000.00,INE886H14HC3, ,Commercial Papers,-,-,-,-
722485,TV18 Broadcast Ltd.,TV18BL02322,TV18 Broadcast Ltd,Delisted,F ,500000.00,INE886H14HD1, ,Commercial Papers,-,-,-,-
722486,360 ONE Prime Limited,IIFLW020322,IIFL Wealth Prime Ltd,Delisted,F ,500000.00,INE248U14KT7, ,Commercial Papers,-,-,-,-
722487,Pilani Investment And Industries Corporation Limited,PIICL3322,Pilani Investment And Industries Corporation Ltd,Delisted,F ,500000.00,INE417C14264, ,Commercial Papers,-,-,-,-
722488,Fedbank Financial Services Limited,FFSL3322,Fedbank Financial Services Ltd,Delisted,F ,500000.00,INE007N14DC3, ,Commercial Papers,-,-,-,-
722489,Tata Power Co. Ltd,TPCL3322,Tata Power Co Ltd,Delisted,F ,500000.00,INE245A14FU3, ,Commercial Papers,-,-,-,-
722490,HDFC Securities Limited,HSEC3322,HDFC Securities Ltd,Delisted,F ,500000.00,INE700G14BG2, ,Commercial Papers,-,-,-,-
722491,NABHA POWER LIMITED,NPL3322,NABHA POWER Ltd,Delisted,F ,500000.00,INE445L14CE7, ,Commercial Papers,-,-,-,-
722492,360 ONE Prime Limited,IWPL030322,IIFL Wealth Prime Ltd,Delisted,F ,500000.00,INE248U14KU5, ,Commercial Papers,-,-,-,-
722493,Nuvama Wealth Finance Limited,EFIL040322,Edelweiss Finance & Investments Ltd,Delisted,F ,500000.00,INE918K14777, ,Commercial Papers,-,-,-,-
722494,Vardhman Special Steels Ltd,VSSL040322,Vardhman Special Steels Ltd,Delisted,F ,500000.00,INE050M14866, ,Commercial Papers,-,-,-,-
722495,TVS Srichakra Ltd.,TVSSL030322,TVS Srichakra Ltd,Delisted,F ,500000.00,INE421C14381, ,Commercial Papers,-,-,-,-
722496,Julius Baer Capital (India) Private Limited,JBC040322,Julius Baer Capital (India) Pvt Ltd,Delisted,F ,500000.00,INE824H14HA8, ,Commercial Papers,-,-,-,-
722497,Tata Realty and Infrastructure Limited,TRIL040322,Tata Realty and Infrastructure Ltd,Delisted,F ,500000.00,INE371K14AY9, ,Commercial Papers,-,-,-,-
722498,Fedbank Financial Services Limited,FFSL040322,Fedbank Financial Services Ltd,Delisted,F ,500000.00,INE007N14DD1, ,Commercial Papers,-,-,-,-
722499,360 ONE WAM LIMITED,OWL040322,IIFL Wealth Management Ltd,Delisted,F ,500000.00,INE466L14AW9, ,Commercial Papers,-,-,-,-
722500,HDFC Securities Limited,HDFCS070322,HDFC Securities Ltd,Delisted,F ,500000.00,INE700G14BH0, ,Commercial Papers,-,-,-,-
722501,MUTHOOT FINANCE LIMITED,MFL070322,MUTHOOT FINANCE Ltd,Delisted,F ,500000.00,INE414G14SL4, ,Commercial Papers,-,-,-,-
722502,Network 18 Media & Investments Limited,NMIL070322,Network 18 Media & Investments Ltd,Delisted,F ,500000.00,INE870H14NW3, ,Commercial Papers,-,-,-,-
722503,TV18 Broadcast Ltd.,TVB070322,TV18 Broadcast Ltd,Delisted,F ,500000.00,INE886H14HF6, ,Commercial Papers,-,-,-,-
722504,MUTHOOT FINANCE LIMITED,MFL070322A,MUTHOOT FINANCE Ltd,Delisted,F ,500000.00,INE414G14SM2, ,Commercial Papers,-,-,-,-
722505,TRUST INVESTMENT ADVISORS PRIVATE LIMITED,TIAPL070322,TRUST INVESTMENT ADVISORS Pvt Ltd,Delisted,F ,500000.00,INE723X14BB0, ,Commercial Papers,-,-,-,-
722506,Reliance Retail Ventures Limited,RRVL070322,Reliance Retail Ventures Ltd,Delisted,F ,500000.00,INE929O14578, ,Commercial Papers,-,-,-,-
722507,MUTHOOT FINANCE LIMITED,MFL080322,MUTHOOT FINANCE Ltd,Delisted,F ,500000.00,INE414G14SK6, ,Commercial Papers,-,-,-,-
722508,Tata Realty and Infrastructure Limited,TRIL070322,Tata Realty and Infrastructure Ltd,Delisted,F ,500000.00,INE371K14AX1, ,Commercial Papers,-,-,-,-
722509,KEC International Ltd.,KIL08322,KEC International Ltd,Delisted,F ,500000.00,INE389H14HU0, ,Commercial Papers,-,-,-,-
722510,Kirloskar Ferrous Industries Ltd.,KFIL080322,Kirloskar Ferrous Industries Ltd,Delisted,F ,500000.00,INE884B14440, ,Commercial Papers,-,-,-,-
722511,Kirloskar Ferrous Industries Ltd.,KFIL8322,Kirloskar Ferrous Industries Ltd,Delisted,F ,500000.00,INE884B14432, ,Commercial Papers,-,-,-,-
722512,Kirloskar Ferrous Industries Ltd.,KFILT080322,Kirloskar Ferrous Industries Ltd,Delisted,F ,500000.00,INE884B14457, ,Commercial Papers,-,-,-,-
722513,HT Media Ltd,HTML8322,HT Media Ltd,Delisted,F ,500000.00,INE501G14CI8, ,Commercial Papers,-,-,-,-
722514,Northern Arc Capital Ltd.,NAC080322,Northern Arc Capital Ltd,Delisted,F ,500000.00,INE850M14AR2, ,Commercial Papers,-,-,-,-
722515,Sharekhan BNP Paribas Financial Services Limited,SBNP09322,Sharekhan BNP Paribas Financial Services Ltd,Delisted,F ,500000.00,INE550X14870, ,Commercial Papers,-,-,-,-
722516,MUTHOOT FINANCE LIMITED,MFL090322,MUTHOOT FINANCE Ltd,Delisted,F ,500000.00,INE414G14SJ8, ,Commercial Papers,-,-,-,-
722517,ARKA FINCAP LIMITED,AFL08322,ARKA FINCAP Ltd,Delisted,F ,500000.00,INE03W114179, ,Commercial Papers,-,-,-,-
722518,Bajaj Financial Securities Limited,BFSL090322,Bajaj Financial Securities Ltd,Delisted,F ,500000.00,INE01C314239, ,Commercial Papers,-,-,-,-
722519,Housing Development Finance Corp.Lt,HDFC090322,Housing Development Finance CorpLt,Delisted,F ,500000.00,INE001A14YH8, ,Commercial Papers,-,-,-,-
722520,Sharekhan Limited,SL090322,Sharekhan Ltd,Delisted,F ,500000.00,INE211H14302, ,Commercial Papers,-,-,-,-
722521,Kotak Securities Limited,KSL090322,Kotak Securities Ltd,Delisted,F ,500000.00,INE028E14JU7, ,Commercial Papers,-,-,-,-
722522,Julius Baer Capital (India) Private Limited,JBC09322,Julius Baer Capital (India) Pvt Ltd,Delisted,F ,500000.00,INE824H14HC4, ,Commercial Papers,-,-,-,-
722523,CaratLane Trading Private Limited,CTPL9322,CaratLane Trading Pvt Ltd,Delisted,F ,500000.00,INE015Y14237, ,Commercial Papers,-,-,-,-
722524,TATA INTERNATIONAL LIMITED,TIL8322,TATA INTERNATIONAL Ltd,Delisted,F ,500000.00,INE751F14335, ,Commercial Papers,-,-,-,-
722525,Reliance Retail Ventures Limited,RRVL090322,Reliance Retail Ventures Ltd,Delisted,F ,500000.00,INE929O14586, ,Commercial Papers,-,-,-,-
722526,360 ONE Prime Limited,IIFLW090322,IIFL Wealth Prime Ltd,Delisted,F ,500000.00,INE248U14KV3, ,Commercial Papers,-,-,-,-
722527,SBICAP Securities Limited,SBICA100322,SBICAP Securities Ltd,Delisted,F ,500000.00,INE212K14023, ,Commercial Papers,-,-,-,-
722528,Tata Realty and Infrastructure Limited,TRIL10322,Tata Realty and Infrastructure Ltd,Delisted,F ,500000.00,INE371K14AZ6, ,Commercial Papers,-,-,-,-
722529,HDFC Securities Limited,HSEC11322,HDFC Securities Ltd,Delisted,F ,500000.00,INE700G14BJ6, ,Commercial Papers,-,-,-,-
722530,Adani Enterprises Ltd.,AEL10322,Adani Enterprises Ltd,Delisted,F ,500000.00,INE423A14PE9, ,Commercial Papers,-,-,-,-
722531,Sterlite Technologies Limited.,STL110322,Sterlite Technologies Ltd,Delisted,F ,500000.00,INE089C14BU0, ,Commercial Papers,-,-,-,-
722532,Northern Arc Capital Ltd.,NACL11322,Northern Arc Capital Ltd,Delisted,F ,500000.00,INE850M14AT8, ,Commercial Papers,-,-,-,-
722533,Julius Baer Capital (India) Private Limited,JBC110322,Julius Baer Capital (India) Pvt Ltd,Delisted,F ,500000.00,INE824H14HB6, ,Commercial Papers,-,-,-,-
722534,Housing Development Finance Corp.Lt,HDFC11322,Housing Development Finance CorpLt,Delisted,F ,500000.00,INE001A14YI6, ,Commercial Papers,-,-,-,-
722535,Bajaj Financial Securities Limited,BFSL11322,Bajaj Financial Securities Ltd,Delisted,F ,500000.00,INE01C314221, ,Commercial Papers,-,-,-,-
722536,TV18 Broadcast Ltd.,TVBL110322,TV18 Broadcast Ltd,Delisted,F ,500000.00,INE886H14HG4, ,Commercial Papers,-,-,-,-
722537,John Deere Financial India Private Limited,JDFIL11322,John Deere Financial India Pvt Ltd,Delisted,F ,500000.00,INE00V214072, ,Commercial Papers,-,-,-,-
722538,NLC Tamilnadu Power Limited,NLCTL11322,NLC Tamilnadu Power Ltd,Delisted,F ,500000.00,INE05C614188, ,Commercial Papers,-,-,-,-
722539,360 ONE WAM LIMITED,OWL11322,IIFL Wealth Management Ltd,Delisted,F ,500000.00,INE466L14AX7, ,Commercial Papers,-,-,-,-
722540,Reliance Retail Ventures Limited,RRVL11322,Reliance Retail Ventures Ltd,Delisted,F ,500000.00,INE929O14602, ,Commercial Papers,-,-,-,-
722541,Reliance Retail Ventures Limited,RRVL220311,Reliance Retail Ventures Ltd,Delisted,F ,500000.00,INE929O14594, ,Commercial Papers,-,-,-,-
722542,birla Group Holdings Private Limited,BGHPL14322,birla Group Holdings Pvt Ltd,Delisted,F ,500000.00,INE09OL14AI4, ,Commercial Papers,-,-,-,-
722543,Network 18 Media & Investments Limited,N18MI14322,Network 18 Media & Investments Ltd,Delisted,F ,500000.00,INE870H14NX1, ,Commercial Papers,-,-,-,-
722544,Axis Securities Limited,ASL14322,Axis Securities Ltd,Delisted,F ,500000.00,INE110O14559, ,Commercial Papers,-,-,-,-
722545,Kotak Securities Limited,KSL14322,Kotak Securities Ltd,Delisted,F ,500000.00,INE028E14JV5, ,Commercial Papers,-,-,-,-
722546,Infina Finance Private Limited,IFPL14322,Infina Finance Pvt Ltd,Delisted,F ,500000.00,INE879F14FR4, ,Commercial Papers,-,-,-,-
722547,Bajaj Finance Limited,BFL14322,Bajaj Finance Ltd,Delisted,F ,500000.00,INE296A14SX3, ,Commercial Papers,-,-,-,-
722548,birla Group Holdings Private Limited,BGHPL140322,birla Group Holdings Pvt Ltd,Delisted,F ,500000.00,INE09OL14AH6, ,Commercial Papers,-,-,-,-
722549,Reliance Retail Ventures Limited,RRVL14322,Reliance Retail Ventures Ltd,Delisted,F ,500000.00,INE929O14610, ,Commercial Papers,-,-,-,-
722550,Sterlite Technologies Limited.,STL14322,Sterlite Technologies Ltd,Delisted,F ,500000.00,INE089C14BV8, ,Commercial Papers,-,-,-,-
722551,Axis Finance Limited,AFL150322,Axis Finance Ltd,Delisted,F ,500000.00,INE891K14LK2, ,Commercial Papers,-,-,-,-
722552,TATA INTERNATIONAL LIMITED,TATAI140322,TATA INTERNATIONAL Ltd,Delisted,F ,500000.00,INE751F14350, ,Commercial Papers,-,-,-,-
722553,Dalmia Cement (Bharat) Limited,DCBL150322,Dalmia Cement (Bharat) Ltd,Delisted,F ,500000.00,INE755K14ED9, ,Commercial Papers,-,-,-,-
722554,Reliance Retail Ventures Limited,RRVL150322,Reliance Retail Ventures Ltd,Delisted,F ,500000.00,INE929O14628, ,Commercial Papers,-,-,-,-
722555,IGH Holdings Private Limited,IGHHP160322,IGH Holdings Pvt Ltd,Delisted,F ,500000.00,INE02FN14036, ,Commercial Papers,-,-,-,-
722556,ICICI Securities Limited,ISL160322,ICICI Securities Ltd,Delisted,F ,500000.00,INE763G14LX4, ,Commercial Papers,-,-,-,-
722557,JM Financial Credit Solutions Limited,JMCSL16322,JM Financial Credit Solutions Ltd,Delisted,F ,500000.00,INE651J14AW0, ,Commercial Papers,-,-,-,-
722558,ARKA FINCAP LIMITED,AFL16322,ARKA FINCAP Ltd,Delisted,F ,500000.00,INE03W114187, ,Commercial Papers,-,-,-,-
722559,JM Financial Asset Reconstruction Company Ltd,JMARC16322,JM Financial Asset Reconstruction Company Ltd,Delisted,F ,500000.00,INE265J14BB1, ,Commercial Papers,-,-,-,-
722560,HDFC Securities Limited,HSEC16322,HDFC Securities Ltd,Delisted,F ,500000.00,INE700G14BI8, ,Commercial Papers,-,-,-,-
722561,360 ONE Prime Limited,IWPL15322,IIFL Wealth Prime Ltd,Delisted,F ,500000.00,INE248U14KW1, ,Commercial Papers,-,-,-,-
722562,Kotak Mahindra Investments Limited,KMIL16322,Kotak Mahindra Investments Ltd,Delisted,F ,500000.00,INE975F14XB7, ,Commercial Papers,-,-,-,-
722563,Kotak Mahindra Investments Limited,KMIL160322,Kotak Mahindra Investments Ltd,Delisted,F ,500000.00,INE975F14XA9, ,Commercial Papers,-,-,-,-
722564,Julius Baer Capital (India) Private Limited,JBCPL17322,Julius Baer Capital (India) Pvt Ltd,Delisted,F ,500000.00,INE824H14HD2, ,Commercial Papers,-,-,-,-
722565,birla Group Holdings Private Limited,BGHPL17322,birla Group Holdings Pvt Ltd,Delisted,F ,500000.00,INE09OL14AG8, ,Commercial Papers,-,-,-,-
722566,CaratLane Trading Private Limited,CTPL17322,CaratLane Trading Pvt Ltd,Delisted,F ,500000.00,INE015Y14245, ,Commercial Papers,-,-,-,-
722567,Housing Development Finance Corp.Lt,HDFC17322,Housing Development Finance CorpLt,Delisted,F ,500000.00,INE001A14YL0, ,Commercial Papers,-,-,-,-
722568,Dalmia Cement (Bharat) Limited,DCBL17322,Dalmia Cement (Bharat) Ltd,Delisted,F ,500000.00,INE755K14EE7, ,Commercial Papers,-,-,-,-
722569,Bharat Heavy Electricals Ltd.,BHEL17322,Bharat Heavy Electricals Ltd,Delisted,F ,500000.00,INE257A14771, ,Commercial Papers,-,-,-,-
722570,Century Textiles & Industries Ltd.,CTIL17322,Century Textiles & Industries Ltd,Delisted,F ,500000.00,INE055A14IV8, ,Commercial Papers,-,-,-,-
722571,Housing Development Finance Corp.Lt,HDFC220317,Housing Development Finance CorpLt,Delisted,F ,500000.00,INE001A14YJ4, ,Commercial Papers,-,-,-,-
722572,Kotak Securities Limited,KSL17322,Kotak Securities Ltd,Delisted,F ,500000.00,INE028E14JW3, ,Commercial Papers,-,-,-,-
722573,Bharat Oman Refineries Limited,BORL17322,Bharat Oman Refineries Ltd,Delisted,F ,500000.00,INE322J14394, ,Commercial Papers,-,-,-,-
722574,Axis Securities Limited,ASL17322,Axis Securities Ltd,Delisted,F ,500000.00,INE110O14567, ,Commercial Papers,-,-,-,-
722575,360 ONE WAM LIMITED,OWL16322,IIFL Wealth Management Ltd,Delisted,F ,500000.00,INE466L14AY5, ,Commercial Papers,-,-,-,-
722576,Adani Enterprises Ltd.,AEL17322,Adani Enterprises Ltd,Delisted,F ,500000.00,INE423A14PG4, ,Commercial Papers,-,-,-,-
722577,TATA INTERNATIONAL LIMITED,TIL15322,TATA INTERNATIONAL Ltd,Delisted,F ,500000.00,INE751F14343, ,Commercial Papers,-,-,-,-
722578,Aarti Industries Ltd,AIL17322,Aarti Industries Ltd,Delisted,F ,500000.00,INE769A14726, ,Commercial Papers,-,-,-,-
722579,ICICI Securities Limited,ISEC17322,ICICI Securities Ltd,Delisted,F ,500000.00,INE763G14LY2, ,Commercial Papers,-,-,-,-
722580,Tata Realty and Infrastructure Limited,TRIL17322,Tata Realty and Infrastructure Ltd,Delisted,F ,500000.00,INE371K14BB5, ,Commercial Papers,-,-,-,-
722581,Tata Realty and Infrastructure Limited,TRIL170322,Tata Realty and Infrastructure Ltd,Delisted,F ,500000.00,INE371K14BA7, ,Commercial Papers,-,-,-,-
722582,birla Group Holdings Private Limited,BGHPL210322,birla Group Holdings Pvt Ltd,Delisted,F ,500000.00,INE09OL14AF0, ,Commercial Papers,-,-,-,-
722583,Kotak Securities Limited,KSL210322,Kotak Securities Ltd,Delisted,F ,500000.00,INE028E14JX1, ,Commercial Papers,-,-,-,-
722584,Housing Development Finance Corp.Lt,HDFC210322,Housing Development Finance CorpLt,Delisted,F ,500000.00,INE001A14YK2, ,Commercial Papers,-,-,-,-
722585,IndoStar Capital Finance Limited,ICFL210322,IndoStar Capital Finance Ltd,Delisted,F ,500000.00,INE896L14CZ6, ,Commercial Papers,-,-,-,-
722586,HDFC Securities Limited,HSEC210322,HDFC Securities Ltd,Delisted,F ,500000.00,INE700G14BK4, ,Commercial Papers,-,-,-,-
722587,Nuvama Wealth Finance Limited,EFIL210322,Edelweiss Finance & Investments Ltd,Delisted,F ,500000.00,INE918K14785, ,Commercial Papers,-,-,-,-
722588,STANDARD CHARTERED CAPITAL LIMITED,SCIL210322,STANDARD CHARTERED CAPITAL Ltd,Delisted,F ,500000.00,INE403G14PI9, ,Commercial Papers,-,-,-,-
722589,Dwarikesh Sugar Industries Ltd.,DSIL21322,Dwarikesh Sugar Industries Ltd,Delisted,F ,500000.00,INE366A14127, ,Commercial Papers,-,-,-,-
722590,Network 18 Media & Investments Limited,NW18M21322,Network 18 Media & Investments Ltd,Delisted,F ,500000.00,INE870H14NY9, ,Commercial Papers,-,-,-,-
722591,JM Financial Properties and Holdings Limited,JMFPH21322,JM Financial Properties and Holdings Ltd,Delisted,F ,500000.00,INE525R14874, ,Commercial Papers,-,-,-,-
722592,Motilal Oswal Finvest Limited,MOFL21322,Motilal Oswal Finvest Ltd,Delisted,F ,500000.00,INE01WN14520, ,Commercial Papers,-,-,-,-
722593,Network 18 Media & Investments Limited,NMIL21322,Network 18 Media & Investments Ltd,Delisted,F ,500000.00,INE870H14NZ6, ,Commercial Papers,-,-,-,-
722594,Infina Finance Private Limited,IFPL22322,Infina Finance Pvt Ltd,Delisted,F ,500000.00,INE879F14FS2, ,Commercial Papers,-,-,-,-
722595,BOBCARD LIMITED,BOBFS210322,BOB Financial Solutions Ltd,Delisted,F ,500000.00,INE027214209, ,Commercial Papers,-,-,-,-
722596,Century Textiles & Industries Ltd.,CTIL220322,Century Textiles & Industries Ltd,Delisted,F ,500000.00,INE055A14IW6, ,Commercial Papers,-,-,-,-
722597,Northern Arc Capital Ltd.,NACL210322,Northern Arc Capital Ltd,Delisted,F ,500000.00,INE850M14AU6, ,Commercial Papers,-,-,-,-
722598,IGH Holdings Private Limited,IGHHP220322,IGH Holdings Pvt Ltd,Delisted,F ,500000.00,INE02FN14051, ,Commercial Papers,-,-,-,-
722599,Century Textiles & Industries Ltd.,CTIL22322,Century Textiles & Industries Ltd,Delisted,F ,500000.00,INE055A14IX4, ,Commercial Papers,-,-,-,-
722600,CaratLane Trading Private Limited,CTPL22322,CaratLane Trading Pvt Ltd,Delisted,F ,500000.00,INE015Y14252, ,Commercial Papers,-,-,-,-
722601,Julius Baer Capital (India) Private Limited,JBC23322,Julius Baer Capital (India) Pvt Ltd,Delisted,F ,500000.00,INE824H14HF7, ,Commercial Papers,-,-,-,-
722602,Reliance Retail Ventures Limited,RRVL230322,Reliance Retail Ventures Ltd,Delisted,F ,500000.00,INE929O14636, ,Commercial Papers,-,-,-,-
722603,IGH Holdings Private Limited,IGH233322,IGH Holdings Pvt Ltd,Delisted,F ,500000.00,INE02FN14044, ,Commercial Papers,-,-,-,-
722604,Northern Arc Capital Ltd.,NACL22322,Northern Arc Capital Ltd,Delisted,F ,500000.00,INE850M14AV4, ,Commercial Papers,-,-,-,-
722605,Pilani Investment And Industries Corporation Limited,PICL230322,Pilani Investment And Industries Corporation Ltd,Delisted,F ,500000.00,INE417C14272, ,Commercial Papers,-,-,-,-
722606,SBI CARDS AND PAYMENT SERVICES LIMITED,SBIC230322,SBI CARDS AND PAYMENT SERVICES Ltd,Delisted,F ,500000.00,INE018E14PI0, ,Commercial Papers,-,-,-,-
722607,JSW Energy Limited,JSWEL24322,JSW Energy Ltd,Delisted,F ,500000.00,INE121E14227, ,Commercial Papers,-,-,-,-
722608,Axis Finance Limited,AFL240322,Axis Finance Ltd,Delisted,F ,500000.00,INE891K14LL0, ,Commercial Papers,-,-,-,-
722609,Network 18 Media & Investments Limited,NMIL240322,Network 18 Media & Investments Ltd,Delisted,F ,500000.00,INE870H14OA7, ,Commercial Papers,-,-,-,-
722610,Tata Value Homes Limited,TVHL24322,Tata Value Homes Ltd,Delisted,F ,500000.00,INE069P14257, ,Commercial Papers,-,-,-,-
722611,Julius Baer Capital (India) Private Limited,JBC240322,Julius Baer Capital (India) Pvt Ltd,Delisted,F ,500000.00,INE824H14HE0, ,Commercial Papers,-,-,-,-
722612,Nuvama Wealth Finance Limited,EFIL24322,Edelweiss Finance & Investments Ltd,Delisted,F ,500000.00,INE918K14793, ,Commercial Papers,-,-,-,-
722613,Housing Development Finance Corp.Lt,HDFC24322,Housing Development Finance CorpLt,Delisted,F ,500000.00,INE001A14YM8, ,Commercial Papers,-,-,-,-
722614,Bajaj Finance Limited,BFL250322,Bajaj Finance Ltd,Delisted,F ,500000.00,INE296A14SY1, ,Commercial Papers,-,-,-,-
722615,Kotak Mahindra Investments Limited,KMIL250322,Kotak Mahindra Investments Ltd,Delisted,F ,500000.00,INE975F14XC5, ,Commercial Papers,-,-,-,-
722616,Reliance Jio Infocomm Limited,RJIL250322,Reliance Jio Infocomm Ltd,Delisted,F ,500000.00,INE110L14QP3, ,Commercial Papers,-,-,-,-
722617,birla Group Holdings Private Limited,BGHPL25322,birla Group Holdings Pvt Ltd,Delisted,F ,500000.00,INE09OL14AJ2, ,Commercial Papers,-,-,-,-
722618,Kotak Securities Limited,KSL250322,Kotak Securities Ltd,Delisted,F ,500000.00,INE028E14JY9, ,Commercial Papers,-,-,-,-
722619,Bharat Oman Refineries Limited,BORL250322,Bharat Oman Refineries Ltd,Delisted,F ,500000.00,INE322J14402, ,Commercial Papers,-,-,-,-
722620,ICICI Securities Limited,ISEC250322,ICICI Securities Ltd,Delisted,F ,500000.00,INE763G14LZ9, ,Commercial Papers,-,-,-,-
722621,Infina Finance Private Limited,IFPL280322,Infina Finance Pvt Ltd,Delisted,F ,500000.00,INE879F14FT0, ,Commercial Papers,-,-,-,-
722622,Adani Ports and Special Economic Zone Ltd,APSEZ25322,Adani Ports and Special Economic Zone Ltd,Delisted,F ,500000.00,INE742F14QF6, ,Commercial Papers,-,-,-,-
722623,NABHA POWER LIMITED,NPL280322,NABHA POWER Ltd,Delisted,F ,500000.00,INE445L14CF4, ,Commercial Papers,-,-,-,-
722624,STANDARD CHARTERED CAPITAL LIMITED,SCCL280322,STANDARD CHARTERED CAPITAL Ltd,Delisted,F ,500000.00,INE403G14PJ7, ,Commercial Papers,-,-,-,-
722625,ARKA FINCAP LIMITED,AFL250322,ARKA FINCAP Ltd,Delisted,F ,500000.00,INE03W114195, ,Commercial Papers,-,-,-,-
722626,Kotak Mahindra Investments Limited,KMIL280322,Kotak Mahindra Investments Ltd,Delisted,F ,500000.00,INE975F14XD3, ,Commercial Papers,-,-,-,-
722627,Tata Realty and Infrastructure Limited,TRIL28322,Tata Realty and Infrastructure Ltd,Delisted,F ,500000.00,INE371K14BC3, ,Commercial Papers,-,-,-,-
722628,Tata Power Co. Ltd,TPCL28322,Tata Power Co Ltd,Delisted,F ,500000.00,INE245A14FV1, ,Commercial Papers,-,-,-,-
722629,Julius Baer Capital (India) Private Limited,JBCPL29322,Julius Baer Capital (India) Pvt Ltd,Delisted,F ,500000.00,INE824H14HG5, ,Commercial Papers,-,-,-,-
722630,360 ONE Prime Limited,IIFLW29322,IIFL Wealth Prime Ltd,Delisted,F ,500000.00,INE248U14IW5, ,Commercial Papers,-,-,-,-
722631,Adani Ports and Special Economic Zone Ltd,APSEZ29322,Adani Ports and Special Economic Zone Ltd,Delisted,F ,500000.00,INE742F14QE9, ,Commercial Papers,-,-,-,-
722632,Julius Baer Capital (India) Private Limited,JBC29322,Julius Baer Capital (India) Pvt Ltd,Delisted,F ,500000.00,INE824H14HH3, ,Commercial Papers,-,-,-,-
722633,ICICI Securities Limited,ICL290322,ICICI Securities Ltd,Delisted,F ,500000.00,INE763G14MA0, ,Commercial Papers,-,-,-,-
722634,TATA STEEL LIMITED,TSL29322,TATA STEEL Ltd,Delisted,F ,500000.00,INE081A14CK0, ,Commercial Papers,-,-,-,-
722635,Motilal Oswal Finvest Limited,MOFL290322,Motilal Oswal Finvest Ltd,Delisted,F ,500000.00,INE01WN14538, ,Commercial Papers,-,-,-,-
722636,Adani Ports and Special Economic Zone Ltd,APSE290322,Adani Ports and Special Economic Zone Ltd,Delisted,F ,500000.00,INE742F14QD1, ,Commercial Papers,-,-,-,-
722637,Reliance Jio Infocomm Limited,RJIL30322,Reliance Jio Infocomm Ltd,Delisted,F ,500000.00,INE110L14QQ1, ,Commercial Papers,-,-,-,-
722638,Reliance Jio Infocomm Limited,RJIL300322,Reliance Jio Infocomm Ltd,Delisted,F ,500000.00,INE110L14QR9, ,Commercial Papers,-,-,-,-
722639,L&T Metro Rail (Hyderabad) Limited,LTM30322,L&T Metro Rail (Hyderabad) Ltd,Delisted,F ,500000.00,INE128M14076, ,Commercial Papers,-,-,-,-
722640,L&T Metro Rail (Hyderabad) Limited,LTM300322,L&T Metro Rail (Hyderabad) Ltd,Delisted,F ,500000.00,INE128M14050, ,Commercial Papers,-,-,-,-
722641,Motilal Oswal Finvest Limited,MOFL30322,Motilal Oswal Finvest Ltd,Delisted,F ,500000.00,INE01WN14546, ,Commercial Papers,-,-,-,-
722642,L&T Metro Rail (Hyderabad) Limited,L&T30322,L&T Metro Rail (Hyderabad) Ltd,Delisted,F ,500000.00,INE128M14068, ,Commercial Papers,-,-,-,-
722643,Tata Realty and Infrastructure Limited,TRIL29322,Tata Realty and Infrastructure Ltd,Delisted,F ,500000.00,INE371K14BD1, ,Commercial Papers,-,-,-,-
722644,SEIL Energy India Limited,SEIL300322,Sembcorp Energy India Ltd,Delisted,F ,500000.00,INE460M14198, ,Commercial Papers,-,-,-,-
722645,Adani Enterprises Ltd.,AEL31322,Adani Enterprises Ltd,Delisted,F ,500000.00,INE423A14PL4, ,Commercial Papers,-,-,-,-
722646,Adani Enterprises Ltd.,AEL310322,Adani Enterprises Ltd,Delisted,F ,500000.00,INE423A14PM2, ,Commercial Papers,-,-,-,-
722647,Kotak Securities Limited,KSL31322,Kotak Securities Ltd,Delisted,F ,500000.00,INE028E14JZ6, ,Commercial Papers,-,-,-,-
722648,IndoStar Capital Finance Limited,ISCFL31322,IndoStar Capital Finance Ltd,Delisted,F ,500000.00,INE896L14DA7, ,Commercial Papers,-,-,-,-
722649,TATA STEEL LIMITED,TSL050422,TATA STEEL Ltd,Delisted,F ,500000.00,INE081A14CL8, ,Commercial Papers,-,-,-,-
722650,Chennai Petroleum Corporation Ltd.,CPCL5422,Chennai Petroleum Corporation Ltd,Delisted,F ,500000.00,INE178A14HI7, ,Commercial Papers,-,-,-,-
722651,Infina Finance Private Limited,IFPL5422,Infina Finance Pvt Ltd,Delisted,F ,500000.00,INE879F14FU8, ,Commercial Papers,-,-,-,-
722652,JSW Energy Limited,JSWEL5422,JSW Energy Ltd,Delisted,F ,500000.00,INE121E14235, ,Commercial Papers,-,-,-,-
722653,Bajaj Housing Finance Limited,BHFL6422,Bajaj Housing Finance Ltd,Delisted,F ,500000.00,INE377Y14975, ,Commercial Papers,-,-,-,-
722654,Julius Baer Capital (India) Private Limited,JBCPL6422,Julius Baer Capital (India) Pvt Ltd,Delisted,F ,500000.00,INE824H14HI1, ,Commercial Papers,-,-,-,-
722655,Adani Ports and Special Economic Zone Ltd,APSEZL7422,Adani Ports and Special Economic Zone Ltd,Delisted,F ,500000.00,INE742F14QG4, ,Commercial Papers,-,-,-,-
722656,Adani Ports and Special Economic Zone Ltd,APSEZ7422,Adani Ports and Special Economic Zone Ltd,Delisted,F ,500000.00,INE742F14QH2, ,Commercial Papers,-,-,-,-
722657,Adani Enterprises Ltd.,AEL7422,Adani Enterprises Ltd,Delisted,F ,500000.00,INE423A14PP5, ,Commercial Papers,-,-,-,-
722658,The Ramco Cements Limited,TRCL7422,The Ramco Cements Ltd,Delisted,F ,500000.00,INE331A14LZ8, ,Commercial Papers,-,-,-,-
722659,Nuvama Wealth and Investment Limited,NWIL080422,Edelweiss Broking Ltd,Delisted,F ,500000.00,INE523L14104, ,Commercial Papers,-,-,-,-
722660,The Ramco Cements Limited,TRCL07422,The Ramco Cements Ltd,Delisted,F ,500000.00,INE331A14MA9, ,Commercial Papers,-,-,-,-
722661,Sharekhan BNP Paribas Financial Services Limited,SBNP080422,Sharekhan BNP Paribas Financial Services Ltd,Delisted,F ,500000.00,INE550X14888, ,Commercial Papers,-,-,-,-
722662,The Ramco Cements Limited,TRCL070422,The Ramco Cements Ltd,Delisted,F ,500000.00,INE331A14MB7, ,Commercial Papers,-,-,-,-
722663,Can Fin Homes Ltd.,CFHL070422,Can Fin Homes Ltd,Delisted,F ,500000.00,INE477A14BV9, ,Commercial Papers,-,-,-,-
722664,Julius Baer Capital (India) Private Limited,JBC8422,Julius Baer Capital (India) Pvt Ltd,Delisted,F ,500000.00,INE824H14HJ9, ,Commercial Papers,-,-,-,-
722665,Can Fin Homes Ltd.,CFHL07422,Can Fin Homes Ltd,Delisted,F ,500000.00,INE477A14BU1, ,Commercial Papers,-,-,-,-
722666,ICICI Securities Limited,ICICI080422,ICICI Securities Ltd,Delisted,F ,500000.00,INE763G14MB8, ,Commercial Papers,-,-,-,-
722667,Sharekhan Limited,SL080422,Sharekhan Ltd,Delisted,F ,500000.00,INE211H14310, ,Commercial Papers,-,-,-,-
722668,Godrej Housing Finance Limited,GHFL8422,Godrej Housing Finance Ltd,Delisted,F ,500000.00,INE02JD14062, ,Commercial Papers,-,-,-,-
722669,NLC Tamilnadu Power Limited,NLCTP080422,NLC Tamilnadu Power Ltd,Delisted,F ,500000.00,INE05C614196, ,Commercial Papers,-,-,-,-
722670,Vardhman Special Steels Ltd,VSSL8422,Vardhman Special Steels Ltd,Delisted,F ,500000.00,INE050M14874, ,Commercial Papers,-,-,-,-
722671,birla Group Holdings Private Limited,BGHPL8422,birla Group Holdings Pvt Ltd,Delisted,F ,500000.00,INE09OL14AK0, ,Commercial Papers,-,-,-,-
722672,BOBCARD LIMITED,BOB070422,BOB Financial Solutions Ltd,Delisted,F ,500000.00,INE027214217, ,Commercial Papers,-,-,-,-
722673,Adani Enterprises Ltd.,AEL8422,Adani Enterprises Ltd,Delisted,F ,500000.00,INE423A14PR1, ,Commercial Papers,-,-,-,-
722674,ONGC Petro additions Limited.,ONGCPA8422,ONGC Petro additions Ltd,Delisted,F ,500000.00,INE163N14238, ,Commercial Papers,-,-,-,-
722675,Axis Securities Limited,ASL11422,Axis Securities Ltd,Delisted,F ,500000.00,INE110O14575, ,Commercial Papers,-,-,-,-
722676,JSW Steel Limited,JSWSL11422,JSW Steel Ltd,Delisted,F ,500000.00,INE019A14KM9, ,Commercial Papers,-,-,-,-
722677,JSW Steel Limited,JSWSL110422,JSW Steel Ltd,Delisted,F ,500000.00,INE019A14KN7, ,Commercial Papers,-,-,-,-
722678,Kotak Securities Limited,KSL11422,Kotak Securities Ltd,Delisted,F ,500000.00,INE028E14KA7, ,Commercial Papers,-,-,-,-
722679,Hinduja Leyland Finance Limited,HLFL8422,Hinduja Leyland Finance Ltd,Delisted,F ,500000.00,INE146O14BA5, ,Commercial Papers,-,-,-,-
722680,Julius Baer Capital (India) Private Limited,JBCPL110422,Julius Baer Capital (India) Pvt Ltd,Delisted,F ,500000.00,INE824H14HK7, ,Commercial Papers,-,-,-,-
722681,HDFC Securities Limited,HDFCSL11422,HDFC Securities Ltd,Delisted,F ,500000.00,INE700G14BL2, ,Commercial Papers,-,-,-,-
722682,ARKA FINCAP LIMITED,AFL110422,ARKA FINCAP Ltd,Delisted,F ,500000.00,INE03W114211, ,Commercial Papers,-,-,-,-
722683,ARKA FINCAP LIMITED,AFL11422,ARKA FINCAP Ltd,Delisted,F ,500000.00,INE03W114203, ,Commercial Papers,-,-,-,-
722684,The Ramco Cements Limited,TRCL11422,The Ramco Cements Ltd,Delisted,F ,500000.00,INE331A14MD3, ,Commercial Papers,-,-,-,-
722685,The Ramco Cements Limited,TRCL110422,The Ramco Cements Ltd,Delisted,F ,500000.00,INE331A14MC5, ,Commercial Papers,-,-,-,-
722686,The Ramco Cements Limited,TRC11422,The Ramco Cements Ltd,Delisted,F ,500000.00,INE331A14ME1, ,Commercial Papers,-,-,-,-
722687,Housing Development Finance Corp.Lt,HDFC120422,Housing Development Finance CorpLt,Delisted,F ,500000.00,INE001A14YN6, ,Commercial Papers,-,-,-,-
722688,TATA STEEL LIMITED,TSL12422,TATA STEEL Ltd,Delisted,F ,500000.00,INE081A14CM6, ,Commercial Papers,-,-,-,-
722689,HDFC Securities Limited,HDFCSL13422,HDFC Securities Ltd,Delisted,F ,500000.00,INE700G14BO6, ,Commercial Papers,-,-,-,-
722690,HDFC Securities Limited,HDFCS13422,HDFC Securities Ltd,Delisted,F ,500000.00,INE700G14BN8, ,Commercial Papers,-,-,-,-
722691,Bajaj Finance Limited,BFL12422,Bajaj Finance Ltd,Delisted,F ,500000.00,INE296A14SZ8, ,Commercial Papers,-,-,-,-
722692,Axis Securities Limited,ASL13422,Axis Securities Ltd,Delisted,F ,500000.00,INE110O14583, ,Commercial Papers,-,-,-,-
722693,ICICI Securities Limited,ISEC13422,ICICI Securities Ltd,Delisted,F ,500000.00,INE763G14MC6, ,Commercial Papers,-,-,-,-
722694,Grasim Industries Ltd,GIL130422,Grasim Industries Ltd,Delisted,F ,500000.00,INE047A14792, ,Commercial Papers,-,-,-,-
722695,IndoStar Capital Finance Limited,ICFL18422,IndoStar Capital Finance Ltd,Delisted,F ,500000.00,INE896L14DB5, ,Commercial Papers,-,-,-,-
722696,ICICI HOME FINANCE COMPANY LIMITED,IHFCL18422,ICICI HOME FINANCE COMPANY Ltd,Delisted,F ,500000.00,INE071G14DW1, ,Commercial Papers,-,-,-,-
722697,Reliance Jio Infocomm Limited,RJIL180422,Reliance Jio Infocomm Ltd,Delisted,F ,500000.00,INE110L14QS7, ,Commercial Papers,-,-,-,-
722698,HDFC Securities Limited,HDFCS18422,HDFC Securities Ltd,Delisted,F ,500000.00,INE700G14BM0, ,Commercial Papers,-,-,-,-
722699,National Bank for Agriculture and Rural Development,NBAR18422,National Bank for Agriculture and Rural Development,Delisted,F ,500000.00,INE261F14IU3, ,Commercial Papers,-,-,-,-
722700,Housing Development Finance Corp.Lt,HDFC190422,Housing Development Finance CorpLt,Delisted,F ,500000.00,INE001A14YO4, ,Commercial Papers,-,-,-,-
722701,Navi Finserv Limited,NFL130422,NAVI FINSERV Pvt Ltd,Delisted,F ,500000.00,INE342T14060, ,Commercial Papers,-,-,-,-
722702,Axis Securities Limited,ASL19422,Axis Securities Ltd,Delisted,F ,500000.00,INE110O14591, ,Commercial Papers,-,-,-,-
722703,ICICI Securities Limited,ISEC19422,ICICI Securities Ltd,Delisted,F ,500000.00,INE763G14MD4, ,Commercial Papers,-,-,-,-
722704,JSW Steel Limited,JSWSL19422,JSW Steel Ltd,Delisted,F ,500000.00,INE019A14KQ0, ,Commercial Papers,-,-,-,-
722705,Sharekhan Limited,SL19422,Sharekhan Ltd,Delisted,F ,500000.00,INE211H14328, ,Commercial Papers,-,-,-,-
722706,Sharekhan Limited,SL190422,Sharekhan Ltd,Delisted,F ,500000.00,INE211H14336, ,Commercial Papers,-,-,-,-
722707,Bharat Petroleum Corpn. Ltd.,BPCL20422,Bharat Petroleum Corpn Ltd,Delisted,F ,500000.00,INE029A14BN5, ,Commercial Papers,-,-,-,-
722708,Bajaj Financial Securities Limited,BFSL200422,Bajaj Financial Securities Ltd,Delisted,F ,500000.00,INE01C314247, ,Commercial Papers,-,-,-,-
722709,JSW Steel Limited,JSWL200422,JSW Steel Ltd,Delisted,F ,500000.00,INE019A14KR8, ,Commercial Papers,-,-,-,-
722710,JSW Steel Limited,JSWL20422,JSW Steel Ltd,Delisted,F ,500000.00,INE019A14KP2, ,Commercial Papers,-,-,-,-
722711,Axis Finance Limited,AFL200422,Axis Finance Ltd,Delisted,F ,500000.00,INE891K14LM8, ,Commercial Papers,-,-,-,-
722712,Indian Oil Corporation Ltd.,IOCL200422,Indian Oil Corporation Ltd,Delisted,F ,500000.00,INE242A14WE9, ,Commercial Papers,-,-,-,-
722713,JSW Steel Limited,JSWSL20422,JSW Steel Ltd,Delisted,F ,500000.00,INE019A14KS6, ,Commercial Papers,-,-,-,-
722714,JSW Steel Limited,JSWS20422,JSW Steel Ltd,Delisted,F ,500000.00,INE019A14KO5, ,Commercial Papers,-,-,-,-
722715,ONGC Petro additions Limited.,ONGCP20422,ONGC Petro additions Ltd,Delisted,F ,500000.00,INE163N14246, ,Commercial Papers,-,-,-,-
722716,TATA STEEL LIMITED,TSL20422,TATA STEEL Ltd,Delisted,F ,500000.00,INE081A14CN4, ,Commercial Papers,-,-,-,-
722717,TATA STEEL LIMITED,TTSL20422,TATA STEEL Ltd,Delisted,F ,500000.00,INE081A14CO2, ,Commercial Papers,-,-,-,-
722718,Bajaj Finance Limited,BFL21422,Bajaj Finance Ltd,Delisted,F ,500000.00,INE296A14TA9, ,Commercial Papers,-,-,-,-
722719,NABHA POWER LIMITED,NPL21422,NABHA POWER Ltd,Delisted,F ,500000.00,INE445L14CG2, ,Commercial Papers,-,-,-,-
722720,The Ramco Cements Limited,TRCL200422,The Ramco Cements Ltd,Delisted,F ,500000.00,INE331A14MG6, ,Commercial Papers,-,-,-,-
722721,The Ramco Cements Limited,TRCL20422,The Ramco Cements Ltd,Delisted,F ,500000.00,INE331A14MF8, ,Commercial Papers,-,-,-,-
722722,Adani Enterprises Ltd.,AEL20422,Adani Enterprises Ltd,Delisted,F ,500000.00,INE423A14PU5, ,Commercial Papers,-,-,-,-
722723,Adani Enterprises Ltd.,AEL200422,Adani Enterprises Ltd,Delisted,F ,500000.00,INE423A14PV3, ,Commercial Papers,-,-,-,-
722724,Bharat Heavy Electricals Ltd.,BHEL21422,Bharat Heavy Electricals Ltd,Delisted,F ,500000.00,INE257A14789, ,Commercial Papers,-,-,-,-
722725,STANDARD CHARTERED CAPITAL LIMITED,SCCL210422,STANDARD CHARTERED CAPITAL Ltd,Delisted,F ,500000.00,INE403G14PM1, ,Commercial Papers,-,-,-,-
722726,KEC International Ltd.,KECIL21422,KEC International Ltd,Delisted,F ,500000.00,INE389H14HW6, ,Commercial Papers,-,-,-,-
722727,STANDARD CHARTERED CAPITAL LIMITED,SCCL21422,STANDARD CHARTERED CAPITAL Ltd,Delisted,F ,500000.00,INE403G14PK5, ,Commercial Papers,-,-,-,-
722728,Pilani Investment And Industries Corporation Limited,PICL21422,Pilani Investment And Industries Corporation Ltd,Delisted,F ,500000.00,INE417C14280, ,Commercial Papers,-,-,-,-
722729,Kotak Mahindra Prime Limited,KMPL21422,Kotak Mahindra Prime Ltd,Delisted,F ,500000.00,INE916D141C0, ,Commercial Papers,-,-,-,-
722730,Julius Baer Capital (India) Private Limited,JBCPL21422,Julius Baer Capital (India) Pvt Ltd,Delisted,F ,500000.00,INE824H14HM3, ,Commercial Papers,-,-,-,-
722731,SBI CARDS AND PAYMENT SERVICES LIMITED,SBI220422,SBI CARDS AND PAYMENT SERVICES Ltd,Delisted,F ,500000.00,INE018E14PJ8, ,Commercial Papers,-,-,-,-
722732,Julius Baer Capital (India) Private Limited,JBC220422,Julius Baer Capital (India) Pvt Ltd,Delisted,F ,500000.00,INE824H14HL5, ,Commercial Papers,-,-,-,-
722733,Network 18 Media & Investments Limited,NMIL220422,Network 18 Media & Investments Ltd,Delisted,F ,500000.00,INE870H14OC3, ,Commercial Papers,-,-,-,-
722734,Bajaj Financial Securities Limited,BFSL22422,Bajaj Financial Securities Ltd,Delisted,F ,500000.00,INE01C314262, ,Commercial Papers,-,-,-,-
722735,Kotak Mahindra Prime Limited,KMPL220422,Kotak Mahindra Prime Ltd,Delisted,F ,500000.00,INE916D141D8, ,Commercial Papers,-,-,-,-
722736,Bajaj Financial Securities Limited,BFSL220422,Bajaj Financial Securities Ltd,Delisted,F ,500000.00,INE01C314254, ,Commercial Papers,-,-,-,-
722737,IndoStar Capital Finance Limited,ICFL22422,IndoStar Capital Finance Ltd,Delisted,F ,500000.00,INE896L14DC3, ,Commercial Papers,-,-,-,-
722738,Bajaj Finance Limited,BFL220422,Bajaj Finance Ltd,Delisted,F ,500000.00,INE296A14TB7, ,Commercial Papers,-,-,-,-
722739,Time Technoplast Limited,TTL22422,Time Technoplast Ltd,Delisted,F ,500000.00,INE508G14CF9, ,Commercial Papers,-,-,-,-
722740,KEC International Ltd.,KECIL22422,KEC International Ltd,Delisted,F ,500000.00,INE389H14HV8, ,Commercial Papers,-,-,-,-
722741,KEC International Ltd.,KECIL220422,KEC International Ltd,Delisted,F ,500000.00,INE389H14HX4, ,Commercial Papers,-,-,-,-
722742,KEC International Ltd.,KECI22422,KEC International Ltd,Delisted,F ,500000.00,INE389H14HY2, ,Commercial Papers,-,-,-,-
722743,HDFC Securities Limited,HDFCSL22422,HDFC Securities Ltd,Delisted,F ,500000.00,INE700G14BP3, ,Commercial Papers,-,-,-,-
722744,ARKA FINCAP LIMITED,AFL220422,ARKA FINCAP Ltd,Delisted,F ,500000.00,INE03W114229, ,Commercial Papers,-,-,-,-
722745,ARKA FINCAP LIMITED,AFL22422,ARKA FINCAP Ltd,Delisted,F ,500000.00,INE03W114237, ,Commercial Papers,-,-,-,-
722746,Steel Authority of India Ltd.,SAIL250422,Steel Authority of India Ltd,Delisted,F ,500000.00,INE114A14KN6, ,Commercial Papers,-,-,-,-
722747,Pilani Investment And Industries Corporation Limited,PIICL25422,Pilani Investment And Industries Corporation Ltd,Delisted,F ,500000.00,INE417C14298, ,Commercial Papers,-,-,-,-
722748,Network 18 Media & Investments Limited,NMIL25422,Network 18 Media & Investments Ltd,Delisted,F ,500000.00,INE870H14OB5, ,Commercial Papers,-,-,-,-
722749,HDFC Securities Limited,HDFCS25422,HDFC Securities Ltd,Delisted,F ,500000.00,INE700G14BQ1, ,Commercial Papers,-,-,-,-
722750,Shree Cements Ltd.,SCL26422,Shree Cements Ltd,Delisted,F ,500000.00,INE070A14570, ,Commercial Papers,-,-,-,-
722751,Housing Development Finance Corp.Lt,HDFC260422,Housing Development Finance CorpLt,Delisted,F ,500000.00,INE001A14YP1, ,Commercial Papers,-,-,-,-
722752,Bajaj Housing Finance Limited,BHFL260422,Bajaj Housing Finance Ltd,Delisted,F ,500000.00,INE377Y14983, ,Commercial Papers,-,-,-,-
722753,Julius Baer Capital (India) Private Limited,JBC260422,Julius Baer Capital (India) Pvt Ltd,Delisted,F ,500000.00,INE824H14HN1, ,Commercial Papers,-,-,-,-
722754,TATA INTERNATIONAL LIMITED,TIL250422,TATA INTERNATIONAL Ltd,Delisted,F ,500000.00,INE751F14368, ,Commercial Papers,-,-,-,-
722755,Housing Development Finance Corp.Lt,HDFC270422,Housing Development Finance CorpLt,Delisted,F ,500000.00,INE001A14YR7, ,Commercial Papers,-,-,-,-
722756,Housing Development Finance Corp.Lt,HDFC27422,Housing Development Finance CorpLt,Delisted,F ,500000.00,INE001A14YQ9, ,Commercial Papers,-,-,-,-
722757,ICICI Securities Limited,ISL270422,ICICI Securities Ltd,Delisted,F ,500000.00,INE763G14ME2, ,Commercial Papers,-,-,-,-
722758,ARKA FINCAP LIMITED,AFL260422,ARKA FINCAP Ltd,Delisted,F ,500000.00,INE03W114252, ,Commercial Papers,-,-,-,-
722759,Julius Baer Capital (India) Private Limited,JBC270422,Julius Baer Capital (India) Pvt Ltd,Delisted,F ,500000.00,INE824H14HO9, ,Commercial Papers,-,-,-,-
722760,SBICAP Securities Limited,SBICAP27422,SBICAP Securities Ltd,Delisted,F ,500000.00,INE212K14031, ,Commercial Papers,-,-,-,-
722761,HDFC Securities Limited,HDC27422,HDFC Securities Ltd,Delisted,F ,500000.00,INE700G14BR9, ,Commercial Papers,-,-,-,-
722762,Bharat Heavy Electricals Ltd.,BHEL270422,Bharat Heavy Electricals Ltd,Delisted,F ,500000.00,INE257A14797, ,Commercial Papers,-,-,-,-
722763,Kotak Securities Limited,KSL270422,Kotak Securities Ltd,Delisted,F ,500000.00,INE028E14KB5, ,Commercial Papers,-,-,-,-
722764,IGH Holdings Private Limited,IGHHP27422,IGH Holdings Pvt Ltd,Delisted,F ,500000.00,INE02FN14069, ,Commercial Papers,-,-,-,-
722765,Kotak Mahindra Investments Limited,KMIL280422,Kotak Mahindra Investments Ltd,Delisted,F ,500000.00,INE975F14XE1, ,Commercial Papers,-,-,-,-
722766,Godrej Housing Finance Limited,GHFL280422,Godrej Housing Finance Ltd,Delisted,F ,500000.00,INE02JD14070, ,Commercial Papers,-,-,-,-
722767,Kotak Mahindra Prime Limited,KMPL280422,Kotak Mahindra Prime Ltd,Delisted,F ,500000.00,INE916D141E6, ,Commercial Papers,-,-,-,-
722768,Sharekhan BNP Paribas Financial Services Limited,SBNP280422,Sharekhan BNP Paribas Financial Services Ltd,Delisted,F ,500000.00,INE550X14896, ,Commercial Papers,-,-,-,-
722769,birla Group Holdings Private Limited,BGHPL28422,birla Group Holdings Pvt Ltd,Delisted,F ,500000.00,INE09OL14AM6, ,Commercial Papers,-,-,-,-
722770,Bajaj Finance Limited,BFL28422,Bajaj Finance Ltd,Delisted,F ,500000.00,INE296A14TC5, ,Commercial Papers,-,-,-,-
722771,HDFC Securities Limited,HDFCS28422,HDFC Securities Ltd,Delisted,F ,500000.00,INE700G14BS7, ,Commercial Papers,-,-,-,-
722772,Manappuram Home Finance Limited,MHFL280422,Manappuram Home Finance Ltd,Delisted,F ,500000.00,INE360T14054, ,Commercial Papers,-,-,-,-
722773,Axis Securities Limited,ASL28422,Axis Securities Ltd,Delisted,F ,500000.00,INE110O14609, ,Commercial Papers,-,-,-,-
722774,Axis Securities Limited,ASL280422,Axis Securities Ltd,Delisted,F ,500000.00,INE110O14617, ,Commercial Papers,-,-,-,-
722775,STANDARD CHARTERED CAPITAL LIMITED,SCCL27422,STANDARD CHARTERED CAPITAL Ltd,Delisted,F ,500000.00,INE403G14PL3, ,Commercial Papers,-,-,-,-
722776,Julius Baer Capital (India) Private Limited,JBCPL28422,Julius Baer Capital (India) Pvt Ltd,Delisted,F ,500000.00,INE824H14HP6, ,Commercial Papers,-,-,-,-
722777,Sharekhan BNP Paribas Financial Services Limited,SBN28422,SBN-22-9-22-CP,Delisted,F ,500000.00,INE550X14904, ,Commercial Papers,-,-,-,-
722778,Avanse Financial Services Limited,AFSL28422,Avanse Financial Services Ltd,Delisted,F ,500000.00,INE087P14663, ,Commercial Papers,-,-,-,-
722779,Julius Baer Capital (India) Private Limited,JBC290422,Julius Baer Capital (India) Pvt Ltd,Delisted,F ,500000.00,INE824H14HQ4, ,Commercial Papers,-,-,-,-
722780,birla Group Holdings Private Limited,BGHPL290422,birla Group Holdings Pvt Ltd,Delisted,F ,500000.00,INE09OL14AL8, ,Commercial Papers,-,-,-,-
722781,HDFC Securities Limited,HSL290422,HDFC Securities Ltd,Delisted,F ,500000.00,INE700G14BU3, ,Commercial Papers,-,-,-,-
722782,Sharekhan Limited,SKL280422,Sharekhan Ltd,Delisted,F ,500000.00,INE211H14351, ,Commercial Papers,-,-,-,-
722783,HDFC Securities Limited,HSECL29422,HDFC Securities Ltd,Delisted,F ,500000.00,INE700G14BT5, ,Commercial Papers,-,-,-,-
722784,ICICI Securities Limited,ISEC29422,ICICI Securities Ltd,Delisted,F ,500000.00,INE763G14MF9, ,Commercial Papers,-,-,-,-
722785,Sharekhan Limited,SKL290422,Sharekhan Ltd,Delisted,F ,500000.00,INE211H14369, ,Commercial Papers,-,-,-,-
722786,Tata Power Co. Ltd,TPCL29422,Tata Power Co Ltd,Delisted,F ,500000.00,INE245A14FW9, ,Commercial Papers,-,-,-,-
722787,Nuvama Wealth and Investment Limited,NWIL020522,Edelweiss Broking Ltd,Delisted,F ,500000.00,INE523L14112, ,Commercial Papers,-,-,-,-
722788,Tata Realty and Infrastructure Limited,TRIL29422,Tata Realty and Infrastructure Ltd,Delisted,F ,500000.00,INE371K14BE9, ,Commercial Papers,-,-,-,-
722789,Godrej Housing Finance Limited,GHFL2522,Godrej Housing Finance Ltd,Delisted,F ,500000.00,INE02JD14088, ,Commercial Papers,-,-,-,-
722790,Sterlite Technologies Limited.,STL2522,Sterlite Technologies Ltd,Delisted,F ,500000.00,INE089C14BW6, ,Commercial Papers,-,-,-,-
722791,Axis Securities Limited,ASL02522,Axis Securities Ltd,Delisted,F ,500000.00,INE110O14625, ,Commercial Papers,-,-,-,-
722792,ICICI Securities Limited,ICICIS2522,ICICI Securities Ltd,Delisted,F ,500000.00,INE763G14MG7, ,Commercial Papers,-,-,-,-
722793,Julius Baer Capital (India) Private Limited,JBC020522,Julius Baer Capital (India) Pvt Ltd,Delisted,F ,500000.00,INE824H14HR2, ,Commercial Papers,-,-,-,-
722794,KEC International Ltd.,KECIL4522,KEC International Ltd,Delisted,F ,500000.00,INE389H14HZ9, ,Commercial Papers,-,-,-,-
722795,KEC International Ltd.,KECIL04522,KEC International Ltd,Delisted,F ,500000.00,INE389H14IA0, ,Commercial Papers,-,-,-,-
722796,Sharekhan Limited,SKL040522,Sharekhan Ltd,Delisted,F ,500000.00,INE211H14377, ,Commercial Papers,-,-,-,-
722797,Nuvama Wealth and Investment Limited,NWIL050522,Edelweiss Broking Ltd,Delisted,F ,500000.00,INE523L14146, ,Commercial Papers,-,-,-,-
722798,Time Technoplast Limited,TTL050522,Time Technoplast Ltd,Delisted,F ,500000.00,INE508G14CH5, ,Commercial Papers,-,-,-,-
722799,Motilal Oswal Financial Services Limited,MOFSL05522,Motilal Oswal Financial Services Ltd,Delisted,F ,500000.00,INE338I14DF5, ,Commercial Papers,-,-,-,-
722800,Pilani Investment And Industries Corporation Limited,PIL050522,Pilani Investment And Industries Corporation Ltd,Delisted,F ,500000.00,INE417C14306, ,Commercial Papers,-,-,-,-
722801,Motilal Oswal Financial Services Limited,MOFSL040522,Motilal Oswal Financial Services Ltd,Delisted,F ,500000.00,INE338I14DG3, ,Commercial Papers,-,-,-,-
722802,Motilal Oswal Financial Services Limited,MOFS040522,Motilal Oswal Financial Services Ltd,Delisted,F ,500000.00,INE338I14DH1, ,Commercial Papers,-,-,-,-
722803,Sharekhan BNP Paribas Financial Services Limited,SBNPPF4522,Sharekhan BNP Paribas Financial Services Ltd,Delisted,F ,500000.00,INE550X14912, ,Commercial Papers,-,-,-,-
722804,Adani Enterprises Ltd.,AEL4522,Adani Enterprises Ltd,Delisted,F ,500000.00,INE423A14PX9, ,Commercial Papers,-,-,-,-
722805,National Fertilizers Ltd.,NFL060522,National Fertilizers Ltd,Delisted,F ,500000.00,INE870D14DY9, ,Commercial Papers,-,-,-,-
722806,HDFC Securities Limited,HDFCSL6522,HDFC Securities Ltd,Delisted,F ,500000.00,INE700G14BV1, ,Commercial Papers,-,-,-,-
722807,NLC Tamilnadu Power Limited,NLCTPL6522,NLC Tamilnadu Power Ltd,Delisted,F ,500000.00,INE05C614204, ,Commercial Papers,-,-,-,-
722808,BOBCARD LIMITED,BOBFSL6522,BOB Financial Solutions Ltd,Delisted,F ,500000.00,INE027214225, ,Commercial Papers,-,-,-,-
722809,Indian Oil Corporation Ltd.,IOCL6522,Indian Oil Corporation Ltd,Delisted,F ,500000.00,INE242A14WG4, ,Commercial Papers,-,-,-,-
722810,Indian Oil Corporation Ltd.,IOCL06522,Indian Oil Corporation Ltd,Delisted,F ,500000.00,INE242A14WF6, ,Commercial Papers,-,-,-,-
722811,Adani Enterprises Ltd.,AEL6522,Adani Enterprises Ltd,Delisted,F ,500000.00,INE423A14PZ4, ,Commercial Papers,-,-,-,-
722812,Larsen & Toubro Limited,LTL100522,Larsen & Toubro Ltd,Delisted,F ,500000.00,INE018A14IM5, ,Commercial Papers,-,-,-,-
722813,HDFC Securities Limited,HDFCSL9522,HDFC Securities Ltd,Delisted,F ,500000.00,INE700G14BW9, ,Commercial Papers,-,-,-,-
722814,TATA STEEL LIMITED,TSL10522,TATA STEEL Ltd,Delisted,F ,500000.00,INE081A14CP9, ,Commercial Papers,-,-,-,-
722815,ICICI Securities Limited,ICICI10522,ICICI Securities Ltd,Delisted,F ,500000.00,INE763G14MI3, ,Commercial Papers,-,-,-,-
722816,ICICI Securities Limited,ISEC10522,ICICI Securities Ltd,Delisted,F ,500000.00,INE763G14MH5, ,Commercial Papers,-,-,-,-
722817,Motilal Oswal Finvest Limited,MOFL10522,Motilal Oswal Finvest Ltd,Delisted,F ,500000.00,INE01WN14553, ,Commercial Papers,-,-,-,-
722818,L&T Metro Rail (Hyderabad) Limited,LTMR10522,L&T Metro Rail (Hyderabad) Ltd,Delisted,F ,500000.00,INE128M14084, ,Commercial Papers,-,-,-,-
722819,birla Group Holdings Private Limited,BGHPL11522,birla Group Holdings Pvt Ltd,Delisted,F ,500000.00,INE09OL14AO2, ,Commercial Papers,-,-,-,-
722820,Axis Finance Limited,AFL120522,Axis Finance Ltd,Delisted,F ,500000.00,INE891K14LN6, ,Commercial Papers,-,-,-,-
722821,Julius Baer Capital (India) Private Limited,JBC12522,Julius Baer Capital (India) Pvt Ltd,Delisted,F ,500000.00,INE824H14HS0, ,Commercial Papers,-,-,-,-
722822,Housing Development Finance Corp.Lt,HDFCL13522,Housing Development Finance CorpLt,Delisted,F ,500000.00,INE001A14YS5, ,Commercial Papers,-,-,-,-
722823,Housing Development Finance Corp.Lt,HDFCL130522,Housing Development Finance CorpLt,Delisted,F ,500000.00,INE001A14YT3, ,Commercial Papers,-,-,-,-
722824,Prince Pipes and Fittings Limited,PPFL110522,Prince Pipes and Fittings Ltd,Delisted,F ,500000.00,INE689W14019, ,Commercial Papers,-,-,-,-
722825,HDFC Securities Limited,HDFCS13522,HDFC Securities Ltd,Delisted,F ,500000.00,INE700G14BX7, ,Commercial Papers,-,-,-,-
722826,TV18 Broadcast Ltd.,TVBL130522,TV18 Broadcast Ltd,Delisted,F ,500000.00,INE886H14HH2, ,Commercial Papers,-,-,-,-
722827,Bajaj Housing Finance Limited,BHFL120522,Bajaj Housing Finance Ltd,Delisted,F ,500000.00,INE377Y14991, ,Commercial Papers,-,-,-,-
722828,birla Group Holdings Private Limited,BGHPL13522,birla Group Holdings Pvt Ltd,Delisted,F ,500000.00,INE09OL14AN4, ,Commercial Papers,-,-,-,-
722829,Kotak Securities Limited,KSL135222,Kotak Securities Ltd,Delisted,F ,500000.00,INE028E14KC3, ,Commercial Papers,-,-,-,-
722830,Network 18 Media & Investments Limited,NMIL130522,Network 18 Media & Investments Ltd,Delisted,F ,500000.00,INE870H14OD1, ,Commercial Papers,-,-,-,-
722831,Network 18 Media & Investments Limited,NMIL130522A,Network 18 Media & Investments Ltd,Delisted,F ,500000.00,INE870H14OF6, ,Commercial Papers,-,-,-,-
722832,ICICI Securities Limited,ISEC13522,ICICI Securities Ltd,Delisted,F ,500000.00,INE763G14MJ1, ,Commercial Papers,-,-,-,-
722833,Indian Oil Corporation Ltd.,IOCL12522,Indian Oil Corporation Ltd,Delisted,F ,500000.00,INE242A14WI0, ,Commercial Papers,-,-,-,-
722834,Indian Oil Corporation Ltd.,IOCL13522,Indian Oil Corporation Ltd,Delisted,F ,500000.00,INE242A14WH2, ,Commercial Papers,-,-,-,-
722835,Adani Enterprises Ltd.,AEL13522,Adani Enterprises Ltd,Delisted,F ,500000.00,INE423A14QB3, ,Commercial Papers,-,-,-,-
722836,Network 18 Media & Investments Limited,NMIL17522,Network 18 Media & Investments Ltd,Delisted,F ,500000.00,INE870H14OE9, ,Commercial Papers,-,-,-,-
722837,Pilani Investment And Industries Corporation Limited,PIICL17522,Pilani Investment And Industries Corporation Ltd,Delisted,F ,500000.00,INE417C14314, ,Commercial Papers,-,-,-,-
722838,HDFC Securities Limited,HDFC170522,HDFC Securities Ltd,Delisted,F ,500000.00,INE700G14BY5, ,Commercial Papers,-,-,-,-
722839,Shree Cements Ltd.,SCL17522,Shree Cements Ltd,Delisted,F ,500000.00,INE070A14596, ,Commercial Papers,-,-,-,-
722840,Julius Baer Capital (India) Private Limited,JBC17522,Julius Baer Capital (India) Pvt Ltd,Delisted,F ,500000.00,INE824H14HU6, ,Commercial Papers,-,-,-,-
722841,TV18 Broadcast Ltd.,TV18B17522,TV18 Broadcast Ltd,Delisted,F ,500000.00,INE886H14HI0, ,Commercial Papers,-,-,-,-
722842,360 ONE Prime Limited,IWPL170522,IIFL Wealth Prime Ltd,Delisted,F ,500000.00,INE248U14LA5, ,Commercial Papers,-,-,-,-
722843,TATA INTERNATIONAL LIMITED,TIL170522,TATA INTERNATIONAL Ltd,Delisted,F ,500000.00,INE751F14376, ,Commercial Papers,-,-,-,-
722844,Kotak Mahindra Prime Limited,KMPL180522,Kotak Mahindra Prime Ltd,Delisted,F ,500000.00,INE916D141F3, ,Commercial Papers,-,-,-,-
722845,Julius Baer Capital (India) Private Limited,JBC180522,Julius Baer Capital (India) Pvt Ltd,Delisted,F ,500000.00,INE824H14HT8, ,Commercial Papers,-,-,-,-
722846,Adani Enterprises Ltd.,AEL17522,Adani Enterprises Ltd,Delisted,F ,500000.00,INE423A14QD9, ,Commercial Papers,-,-,-,-
722847,birla Group Holdings Private Limited,BGHPL18522,birla Group Holdings Pvt Ltd,Delisted,F ,500000.00,INE09OL14AP9, ,Commercial Papers,-,-,-,-
722848,Housing Development Finance Corp.Lt,HDFCL18522,Housing Development Finance CorpLt,Delisted,F ,500000.00,INE001A14YU1, ,Commercial Papers,-,-,-,-
722849,Motilal Oswal Financial Services Limited,MOFSL18522,Motilal Oswal Financial Services Ltd,Delisted,F ,500000.00,INE338I14DI9, ,Commercial Papers,-,-,-,-
722850,TRUST INVESTMENT ADVISORS PRIVATE LIMITED,TIAPL18522,TRUST INVESTMENT ADVISORS Pvt Ltd,Delisted,F ,500000.00,INE723X14BS4, ,Commercial Papers,-,-,-,-
722851,Bajaj Housing Finance Limited,BHFL180522,Bajaj Housing Finance Ltd,Delisted,F ,500000.00,INE377Y14AA7, ,Commercial Papers,-,-,-,-
722852,Century Textiles & Industries Ltd.,CTIL18522,Century Textiles & Industries Ltd,Delisted,F ,500000.00,INE055A14IY2, ,Commercial Papers,-,-,-,-
722853,Century Textiles & Industries Ltd.,CTI18522,Century Textiles & Industries Ltd,Delisted,F ,500000.00,INE055A14IZ9, ,Commercial Papers,-,-,-,-
722854,TATA STEEL LIMITED,TSL190522,TATA STEEL Ltd,Delisted,F ,500000.00,INE081A14CQ7, ,Commercial Papers,-,-,-,-
722855,TATA STEEL LIMITED,TSL19522,TATA STEEL Ltd,Delisted,F ,500000.00,INE081A14CR5, ,Commercial Papers,-,-,-,-
722856,STANDARD CHARTERED CAPITAL LIMITED,SCCL19522,STANDARD CHARTERED CAPITAL Ltd,Delisted,F ,500000.00,INE403G14PN9, ,Commercial Papers,-,-,-,-
722857,ICICI Securities Limited,ISEC19522,ICICI Securities Ltd,Delisted,F ,500000.00,INE763G14MK9, ,Commercial Papers,-,-,-,-
722858,Shree Cements Ltd.,SCL19522,Shree Cements Ltd,Delisted,F ,500000.00,INE070A14588, ,Commercial Papers,-,-,-,-
722859,Kotak Mahindra Prime Limited,KMPL19522,Kotak Mahindra Prime Ltd,Delisted,F ,500000.00,INE916D141G1, ,Commercial Papers,-,-,-,-
722860,Larsen & Toubro Limited,LTL19522,Larsen & Toubro Ltd,Delisted,F ,500000.00,INE018A14IN3, ,Commercial Papers,-,-,-,-
722861,Housing Development Finance Corp.Lt,HDFCL19522,Housing Development Finance CorpLt,Delisted,F ,500000.00,INE001A14YV9, ,Commercial Papers,-,-,-,-
722862,Nuvama Wealth Finance Limited,EFIL200522,Edelweiss Finance & Investments Ltd,Delisted,F ,500000.00,INE918K14801, ,Commercial Papers,-,-,-,-
722863,Bharat Heavy Electricals Ltd.,BHEL20522,Bharat Heavy Electricals Ltd,Delisted,F ,500000.00,INE257A14805, ,Commercial Papers,-,-,-,-
722864,Housing Development Finance Corp.Lt,HDFCL20522,Housing Development Finance CorpLt,Delisted,F ,500000.00,INE001A14YW7, ,Commercial Papers,-,-,-,-
722865,HDFC Securities Limited,HDFCS20522,HDFC Securities Ltd,Delisted,F ,500000.00,INE700G14BZ2, ,Commercial Papers,-,-,-,-
722866,birla Group Holdings Private Limited,BGHPL23522,birla Group Holdings Pvt Ltd,Delisted,F ,500000.00,INE09OL14AQ7, ,Commercial Papers,-,-,-,-
722867,Network 18 Media & Investments Limited,NMIL230522,Network 18 Media & Investments Ltd,Delisted,F ,500000.00,INE870H14OG4, ,Commercial Papers,-,-,-,-
722868,Godrej Housing Finance Limited,GHFL24522,Godrej Housing Finance Ltd,Delisted,F ,500000.00,INE02JD14096, ,Commercial Papers,-,-,-,-
722869,Larsen & Toubro Limited,LTL24522,Larsen & Toubro Ltd,Delisted,F ,500000.00,INE018A14IO1, ,Commercial Papers,-,-,-,-
722870,Larsen & Toubro Limited,LTL240522,Larsen & Toubro Ltd,Delisted,F ,500000.00,INE018A14IP8, ,Commercial Papers,-,-,-,-
722871,HDFC Securities Limited,HSEC24522,HDFC Securities Ltd,Delisted,F ,500000.00,INE700G14CA3, ,Commercial Papers,-,-,-,-
722872,J.K. CEMENT LTD,JKCK24522,JK CEMENT LTD,Delisted,F ,500000.00,INE823G14736, ,Commercial Papers,-,-,-,-
722873,Indian Oil Corporation Ltd.,IOCL24522,Indian Oil Corporation Ltd,Delisted,F ,500000.00,INE242A14WJ8, ,Commercial Papers,-,-,-,-
722874,360 ONE WAM LIMITED,IIFL240522,IIFL Wealth Management Ltd,Delisted,F ,500000.00,INE466L14AZ2, ,Commercial Papers,-,-,-,-
722875,Tata Realty and Infrastructure Limited,TRIL250522,Tata Realty and Infrastructure Ltd,Delisted,F ,500000.00,INE371K14BF6, ,Commercial Papers,-,-,-,-
722876,TV18 Broadcast Ltd.,TVBL250522,TV18 Broadcast Ltd,Delisted,F ,500000.00,INE886H14HJ8, ,Commercial Papers,-,-,-,-
722877,Tata Power Co. Ltd,TPCL25522,Tata Power Co Ltd,Delisted,F ,500000.00,INE245A14FX7, ,Commercial Papers,-,-,-,-
722878,TRUST INVESTMENT ADVISORS PRIVATE LIMITED,TIPL25522,TRUST INVESTMENT ADVISORS Pvt Ltd,Delisted,F ,500000.00,INE723X14BU0, ,Commercial Papers,-,-,-,-
722879,Dalmia Cement (Bharat) Limited,DCBL250522,Dalmia Cement (Bharat) Ltd,Delisted,F ,500000.00,INE755K14EF4, ,Commercial Papers,-,-,-,-
722880,Motilal Oswal Financial Services Limited,MOFSL25522,Motilal Oswal Financial Services Ltd,Delisted,F ,500000.00,INE338I14DK5, ,Commercial Papers,-,-,-,-
722881,Motilal Oswal Financial Services Limited,MOFS25522,Motilal Oswal Financial Services Ltd,Delisted,F ,500000.00,INE338I14DJ7, ,Commercial Papers,-,-,-,-
722882,J.K. CEMENT LTD,JKCL25522,JK CEMENT LTD,Delisted,F ,500000.00,INE823G14728, ,Commercial Papers,-,-,-,-
722883,Housing Development Finance Corp.Lt,HDFCL25522,Housing Development Finance CorpLt,Delisted,F ,500000.00,INE001A14YX5, ,Commercial Papers,-,-,-,-
722884,Reliance Retail Ventures Limited,RRVL25522,Reliance Retail Ventures Ltd,Delisted,F ,500000.00,INE929O14644, ,Commercial Papers,-,-,-,-
722885,Nuvama Wealth Finance Limited,EFIL26522,Edelweiss Finance & Investments Ltd,Delisted,F ,500000.00,INE918K14819, ,Commercial Papers,-,-,-,-
722886,Indian Oil Corporation Ltd.,IOCL26522,Indian Oil Corporation Ltd,Delisted,F ,500000.00,INE242A14WK6, ,Commercial Papers,-,-,-,-
722887,STANDARD CHARTERED CAPITAL LIMITED,SCCL260522,STANDARD CHARTERED CAPITAL Ltd,Delisted,F ,500000.00,INE403G14PO7, ,Commercial Papers,-,-,-,-
722888,GIC Housing Finance Ltd.,GICHF26522,GIC Housing Finance Ltd,Delisted,F ,500000.00,INE289B14HY7, ,Commercial Papers,-,-,-,-
722889,Bajaj Finance Limited,BFL260522,Bajaj Finance Ltd,Delisted,F ,500000.00,INE296A14TD3, ,Commercial Papers,-,-,-,-
722890,Julius Baer Capital (India) Private Limited,JBCPL26522,Julius Baer Capital (India) Pvt Ltd,Delisted,F ,500000.00,INE824H14HV4, ,Commercial Papers,-,-,-,-
722891,HDFC Securities Limited,HDFC260522,HDFC Securities Ltd,Delisted,F ,500000.00,INE700G14CC9, ,Commercial Papers,-,-,-,-
722892,NABHA POWER LIMITED,NPL270522,NABHA POWER Ltd,Delisted,F ,500000.00,INE445L14CH0, ,Commercial Papers,-,-,-,-
722893,KEC International Ltd.,KIL270522,KEC International Ltd,Delisted,F ,500000.00,INE389H141C6, ,Commercial Papers,-,-,-,-
722894,Tata Power Co. Ltd,TPCL27522,Tata Power Co Ltd,Delisted,F ,500000.00,INE245A14FY5, ,Commercial Papers,-,-,-,-
722895,Bajaj Finance Limited,BFL270522,Bajaj Finance Ltd,Delisted,F ,500000.00,INE296A14TE1, ,Commercial Papers,-,-,-,-
722896,Nuvama Wealth Finance Limited,EFIL270522,Edelweiss Finance & Investments Ltd,Delisted,F ,500000.00,INE918K14827, ,Commercial Papers,-,-,-,-
722897,Northern Arc Capital Ltd.,NACL260522,Northern Arc Capital Ltd,Delisted,F ,500000.00,INE850M14AW2, ,Commercial Papers,-,-,-,-
722898,Kotak Securities Limited,KSL27522,Kotak Securities Ltd,Delisted,F ,500000.00,INE028E14KD1, ,Commercial Papers,-,-,-,-
722899,Axis Finance Limited,AFL27522,Axis Finance Ltd,Delisted,F ,500000.00,INE891K14LO4, ,Commercial Papers,-,-,-,-
722900,HDFC Securities Limited,HSL27522,HDFC Securities Ltd,Delisted,F ,500000.00,INE700G14CB1, ,Commercial Papers,-,-,-,-
722901,ONGC Petro additions Limited.,OPAL26522,ONGC Petro additions Ltd,Delisted,F ,500000.00,INE163N14253, ,Commercial Papers,-,-,-,-
722902,HDFC Credila Financial Services Ltd,HCFL27522,HDFC Credila Financial Services Ltd,Delisted,F ,500000.00,INE539K14AQ7, ,Commercial Papers,-,-,-,-
722903,Kotak Securities Limited,KSL30522,Kotak Securities Ltd,Delisted,F ,500000.00,INE028E14KE9, ,Commercial Papers,-,-,-,-
722904,birla Group Holdings Private Limited,BGHP30522,birla Group Holdings Pvt Ltd,Delisted,F ,500000.00,INE09OL14AR5, ,Commercial Papers,-,-,-,-
722905,birla Group Holdings Private Limited,BGHPL30522,birla Group Holdings Pvt Ltd,Delisted,F ,500000.00,INE09OL14AS3, ,Commercial Papers,-,-,-,-
722906,Julius Baer Capital (India) Private Limited,JBC30522,Julius Baer Capital (India) Pvt Ltd,Delisted,F ,500000.00,INE824H14HW2, ,Commercial Papers,-,-,-,-
722907,Tata Power Co. Ltd,TPCL30522,Tata Power Co Ltd,Delisted,F ,500000.00,INE245A14FZ2, ,Commercial Papers,-,-,-,-
722908,JSW Steel Limited,JSWSL30522`,JSW Steel Ltd,Delisted,F ,500000.00,INE019A14KU2, ,Commercial Papers,-,-,-,-
722909,Kotak Mahindra Investments Limited,KMIL27522,Kotak Mahindra Investments Ltd,Delisted,F ,500000.00,INE975F14XF8, ,Commercial Papers,-,-,-,-
722910,KEC International Ltd.,KECIL30522,KEC International Ltd,Delisted,F ,500000.00,INE389H14IB8, ,Commercial Papers,-,-,-,-
722911,Reliance Retail Ventures Limited,RRVL30522,Reliance Retail Ventures Ltd,Delisted,F ,500000.00,INE929O14669, ,Commercial Papers,-,-,-,-
722912,Reliance Retail Ventures Limited,RRVL300522,Reliance Retail Ventures Ltd,Delisted,F ,500000.00,INE929O14651, ,Commercial Papers,-,-,-,-
722913,JSW Steel Limited,JSWSL31522,JSW Steel Ltd,Delisted,F ,500000.00,INE019A14KT4, ,Commercial Papers,-,-,-,-
722914,KEC International Ltd.,KECIL31522,KEC International Ltd,Delisted,F ,500000.00,INE389H14ID4, ,Commercial Papers,-,-,-,-
722915,L&T Metro Rail (Hyderabad) Limited,LTMRL30522,L&T Metro Rail (Hyderabad) Ltd,Delisted,F ,500000.00,INE128M14092, ,Commercial Papers,-,-,-,-
722916,Bajaj Finance Limited,BFL31522,Bajaj Finance Ltd,Delisted,F ,500000.00,INE296A14TF8, ,Commercial Papers,-,-,-,-
722917,ARKA FINCAP LIMITED,AFL31522,ARKA FINCAP Ltd,Delisted,F ,500000.00,INE03W114260, ,Commercial Papers,-,-,-,-
722918,Aarti Industries Ltd,AIL31522,Aarti Industries Ltd,Delisted,F ,500000.00,INE769A14734, ,Commercial Papers,-,-,-,-
722919,Axis Finance Limited,AFL310522,Axis Finance Ltd,Delisted,F ,500000.00,INE891K14LP1, ,Commercial Papers,-,-,-,-
722920,TATA STEEL LIMITED,TSL31522,TATA STEEL Ltd,Delisted,F ,500000.00,INE081A14CS3, ,Commercial Papers,-,-,-,-
722921,Bajaj Housing Finance Limited,BHFL31522,Bajaj Housing Finance Ltd,Delisted,F ,500000.00,INE377Y14AB5, ,Commercial Papers,-,-,-,-
722922,Sterlite Technologies Limited.,STL31522,Sterlite Technologies Ltd,Delisted,F ,500000.00,INE089C14BX4, ,Commercial Papers,-,-,-,-
722923,Larsen & Toubro Limited,LTL31522,Larsen & Toubro Ltd,Delisted,F ,500000.00,INE018A14IQ6, ,Commercial Papers,-,-,-,-
722924,Sterlite Technologies Limited.,STL1622,Sterlite Technologies Ltd,Delisted,F ,500000.00,INE089C14BY2, ,Commercial Papers,-,-,-,-
722925,Bajaj Financial Securities Limited,BFSL1622,Bajaj Financial Securities Ltd,Delisted,F ,500000.00,INE01C314270, ,Commercial Papers,-,-,-,-
722926,JSW Steel Limited,JSL10622,JSW Steel Ltd,Delisted,F ,500000.00,INE019A14KV0, ,Commercial Papers,-,-,-,-
722927,KEC International Ltd.,KIL1622,KEC International Ltd,Delisted,F ,500000.00,INE389H14IF9, ,Commercial Papers,-,-,-,-
722928,Northern Arc Capital Ltd.,NACL1622,Northern Arc Capital Ltd,Delisted,F ,500000.00,INE850M14AX0, ,Commercial Papers,-,-,-,-
722929,BOBCARD LIMITED,BFSL010622,BOB Financial Solutions Ltd,Delisted,F ,500000.00,INE027214233, ,Commercial Papers,-,-,-,-
722930,Dalmia Cement (Bharat) Limited,DCBL010622,Dalmia Cement (Bharat) Ltd,Delisted,F ,500000.00,INE755K14EG2, ,Commercial Papers,-,-,-,-
722931,360 ONE Prime Limited,IWPL010622,IIFL Wealth Prime Ltd,Delisted,F ,500000.00,INE248U14LC1, ,Commercial Papers,-,-,-,-
722932,Adani Enterprises Ltd.,AEL1622,Adani Enterprises Ltd,Delisted,F ,500000.00,INE423A14QG2, ,Commercial Papers,-,-,-,-
722933,Canbank Factors Limited,CFL1622,Canbank Factors Ltd,Delisted,F ,500000.00,INE986D14209, ,Commercial Papers,-,-,-,-
722934,The Ramco Cements Limited,TRCL2622,The Ramco Cements Ltd,Delisted,F ,500000.00,INE331A14MI2, ,Commercial Papers,-,-,-,-
722935,TATA STEEL LIMITED,TSL030622,TATA STEEL Ltd,Delisted,F ,500000.00,INE081A14CU9, ,Commercial Papers,-,-,-,-
722936,360 ONE Prime Limited,IIFLWP2622,IIFL Wealth Prime Ltd,Delisted,F ,500000.00,INE248U14LD9, ,Commercial Papers,-,-,-,-
722937,TATA STEEL LIMITED,TSL030622A,TATA STEEL Ltd,Delisted,F ,500000.00,INE081A14CT1, ,Commercial Papers,-,-,-,-
722938,360 ONE WAM LIMITED,IIFLWM2622,IIFL Wealth Management Ltd,Delisted,F ,500000.00,INE466L14BA3, ,Commercial Papers,-,-,-,-
722939,Fedbank Financial Services Limited,FFSL2622,Fedbank Financial Services Ltd,Delisted,F ,500000.00,INE007N14DE9, ,Commercial Papers,-,-,-,-
722940,NABHA POWER LIMITED,NPL3622,NABHA POWER Ltd,Delisted,F ,500000.00,INE445L14CJ6, ,Commercial Papers,-,-,-,-
722941,NABHA POWER LIMITED,NPL030622,NABHA POWER Ltd,Delisted,F ,500000.00,INE445L14CI8, ,Commercial Papers,-,-,-,-
722942,Kirloskar Ferrous Industries Ltd.,KFIL2622,Kirloskar Ferrous Industries Ltd,Delisted,F ,500000.00,INE884B14473, ,Commercial Papers,-,-,-,-
722943,Kirloskar Ferrous Industries Ltd.,KFIL020622,Kirloskar Ferrous Industries Ltd,Delisted,F ,500000.00,INE884B14465, ,Commercial Papers,-,-,-,-
722944,The Ramco Cements Limited,TRCL030622,The Ramco Cements Ltd,Delisted,F ,500000.00,INE331A14MH4, ,Commercial Papers,-,-,-,-
722945,Adani Enterprises Ltd.,AEL03622,Adani Enterprises Ltd,Delisted,F ,500000.00,INE423A14QI8, ,Commercial Papers,-,-,-,-
722946,birla Group Holdings Private Limited,BGHPL60622,birla Group Holdings Pvt Ltd,Delisted,F ,500000.00,INE09OL14AT1, ,Commercial Papers,-,-,-,-
722947,Tata Power Co. Ltd,TRCL060622,Tata Power Co Ltd,Delisted,F ,500000.00,INE245A14GA3, ,Commercial Papers,-,-,-,-
722948,KEC International Ltd.,KECIL6622,KEC International Ltd,Delisted,F ,500000.00,INE389H14IE2, ,Commercial Papers,-,-,-,-
722949,STANDARD CHARTERED CAPITAL LIMITED,SCCL6622,STANDARD CHARTERED CAPITAL Ltd,Delisted,F ,500000.00,INE403G14PP4, ,Commercial Papers,-,-,-,-
722950,HDFC Securities Limited,HDFCSL6622,HDFC Securities Ltd,Delisted,F ,500000.00,INE700G14CF2, ,Commercial Papers,-,-,-,-
722951,HDFC Securities Limited,HDFCS6622,HDFC Securities Ltd,Delisted,F ,500000.00,INE700G14CD7, ,Commercial Papers,-,-,-,-
722952,The Ramco Cements Limited,TRCL060622A,The Ramco Cements Ltd,Delisted,F ,500000.00,INE331A14MJ0, ,Commercial Papers,-,-,-,-
722953,CaratLane Trading Private Limited,CTPL7622,CaratLane Trading Pvt Ltd,Delisted,F ,500000.00,INE015Y14260, ,Commercial Papers,-,-,-,-
722954,KEC International Ltd.,KEC7622,KEC International Ltd,Delisted,F ,500000.00,INE389H14IG7, ,Commercial Papers,-,-,-,-
722955,STANDARD CHARTERED CAPITAL LIMITED,SCCL7622,STANDARD CHARTERED CAPITAL Ltd,Delisted,F ,500000.00,INE403G14PQ2, ,Commercial Papers,-,-,-,-
722956,Kotak Securities Limited,KSL7622,Kotak Securities Ltd,Delisted,F ,500000.00,INE028E14KF6, ,Commercial Papers,-,-,-,-
722957,ONGC Petro additions Limited.,ONGCPA6622,ONGC Petro additions Ltd,Delisted,F ,500000.00,INE163N14261, ,Commercial Papers,-,-,-,-
722958,HDFC Securities Limited,HDFCSL7622,HDFC Securities Ltd,Delisted,F ,500000.00,INE700G14CE5, ,Commercial Papers,-,-,-,-
722959,HT Media Ltd,HTML060622,HT Media Ltd,Delisted,F ,500000.00,INE501G14CJ6, ,Commercial Papers,-,-,-,-
722960,ICICI Securities Limited,ICICIS6622,ICICI Securities Ltd,Delisted,F ,500000.00,INE763G14ML7, ,Commercial Papers,-,-,-,-
722961,ICICI Securities Limited,ICICI6622,ICICI Securities Ltd,Delisted,F ,500000.00,INE763G14MM5, ,Commercial Papers,-,-,-,-
722962,ICICI Securities Limited,ICICIS8622,ICICI Securities Ltd,Delisted,F ,500000.00,INE763G14MN3, ,Commercial Papers,-,-,-,-
722963,Tata Realty and Infrastructure Limited,TRIL7622,Tata Realty and Infrastructure Ltd,Delisted,F ,500000.00,INE371K14BH2, ,Commercial Papers,-,-,-,-
722964,Julius Baer Capital (India) Private Limited,JBC8622,Julius Baer Capital (India) Pvt Ltd,Delisted,F ,500000.00,INE824H14HY8, ,Commercial Papers,-,-,-,-
722965,Tata Realty and Infrastructure Limited,TRIL080622,Tata Realty and Infrastructure Ltd,Delisted,F ,500000.00,INE371K14BG4, ,Commercial Papers,-,-,-,-
722966,Julius Baer Capital (India) Private Limited,JBCPL9622,Julius Baer Capital (India) Pvt Ltd,Delisted,F ,500000.00,INE824H14HX0, ,Commercial Papers,-,-,-,-
722967,HDFC Securities Limited,HDFCS100622,HDFC Securities Ltd,Delisted,F ,500000.00,INE700G14CG0, ,Commercial Papers,-,-,-,-
722968,Tata Power Co. Ltd,TPCL10622,Tata Power Co Ltd,Delisted,F ,500000.00,INE245A14GB1, ,Commercial Papers,-,-,-,-
722969,SIKKA PORTS & TERMINALS LTD,SPTL10622,SIKKA PORTS & TERMINALS LTD,Delisted,F ,500000.00,INE941D14188, ,Commercial Papers,-,-,-,-
722970,ICICI Securities Limited,ISL10622,ICICI Securities Ltd,Delisted,F ,500000.00,INE763G14MO1, ,Commercial Papers,-,-,-,-
722971,NLC Tamilnadu Power Limited,NLCTP10622,NLC Tamilnadu Power Ltd,Delisted,F ,500000.00,INE05C614212, ,Commercial Papers,-,-,-,-
722972,ICICI Securities Limited,ICSL10622,ICICI Securities Ltd,Delisted,F ,500000.00,INE763G14MP8, ,Commercial Papers,-,-,-,-
722973,TATA STEEL LIMITED,TSL10622,TATA STEEL Ltd,Delisted,F ,500000.00,INE081A14CV7, ,Commercial Papers,-,-,-,-
722974,HDFC Securities Limited,HDFCS130622,HDFC Securities Ltd,Delisted,F ,500000.00,INE700G14CH8, ,Commercial Papers,-,-,-,-
722975,ICICI Securities Primary Dealership Limited,ICICI130622,ICICI Securities Primary Dealership Ltd,Delisted,F ,500000.00,INE849D14GX8, ,Commercial Papers,-,-,-,-
722976,Axis Securities Limited,ASL100622,Axis Securities Ltd,Delisted,F ,500000.00,INE110O14633, ,Commercial Papers,-,-,-,-
722977,Kotak Securities Limited,KSL13622,Kotak Securities Ltd,Delisted,F ,500000.00,INE028E14KG4, ,Commercial Papers,-,-,-,-
722978,Kotak Securities Limited,KSL130622,Kotak Securities Ltd,Delisted,F ,500000.00,INE028E14KH2, ,Commercial Papers,-,-,-,-
722979,birla Group Holdings Private Limited,BGHPL130622,birla Group Holdings Pvt Ltd,Delisted,F ,500000.00,INE09OL14AU9, ,Commercial Papers,-,-,-,-
722980,Kotak Mahindra Prime Limited,KMPL13622,Kotak Mahindra Prime Ltd,Delisted,F ,500000.00,INE916D141H9, ,Commercial Papers,-,-,-,-
722981,National Bank for Agriculture and Rural Development,NBARD13622,National Bank for Agriculture and Rural Development,Delisted,F ,500000.00,INE261F14IX7, ,Commercial Papers,-,-,-,-
722982,Axis Securities Limited,ASL140622,Axis Securities Ltd,Delisted,F ,500000.00,INE110O14641, ,Commercial Papers,-,-,-,-
722983,The Ramco Cements Limited,TRCL130622,The Ramco Cements Ltd,Delisted,F ,500000.00,INE331A14MK8, ,Commercial Papers,-,-,-,-
722984,Julius Baer Capital (India) Private Limited,JBCPL14622,Julius Baer Capital (India) Pvt Ltd,Delisted,F ,500000.00,INE824H14HZ5, ,Commercial Papers,-,-,-,-
722985,Julius Baer Capital (India) Private Limited,JBCPL140622,Julius Baer Capital (India) Pvt Ltd,Delisted,F ,500000.00,INE824H14IA6, ,Commercial Papers,-,-,-,-
722986,Sterlite Technologies Limited.,STL14622,Sterlite Technologies Ltd,Delisted,F ,500000.00,INE089C14BZ9, ,Commercial Papers,-,-,-,-
722987,CaratLane Trading Private Limited,CTPL140622,CaratLane Trading Pvt Ltd,Delisted,F ,500000.00,INE015Y14278, ,Commercial Papers,-,-,-,-
722988,Tata Power Co. Ltd,TPCL14622,Tata Power Co Ltd,Delisted,F ,500000.00,INE245A14GC9, ,Commercial Papers,-,-,-,-
722989,SBICAP Securities Limited,SBICAP14622,SBICAP Securities Ltd,Delisted,F ,500000.00,INE212K14049, ,Commercial Papers,-,-,-,-
722990,360 ONE WAM LIMITED,OWL14622,IIFL Wealth Management Ltd,Delisted,F ,500000.00,INE466L14BB1, ,Commercial Papers,-,-,-,-
722991,Adani Enterprises Ltd.,AEL14622,Adani Enterprises Ltd,Delisted,F ,500000.00,INE423A14QL2, ,Commercial Papers,-,-,-,-
722992,ARKA FINCAP LIMITED,AFL14622,ARKA FINCAP Ltd,Delisted,F ,500000.00,INE03W114278, ,Commercial Papers,-,-,-,-
722993,STANDARD CHARTERED CAPITAL LIMITED,SCCL150622,STANDARD CHARTERED CAPITAL Ltd,Delisted,F ,500000.00,INE403G14PR0, ,Commercial Papers,-,-,-,-
722994,KEC International Ltd.,KEC150622,KEC International Ltd,Delisted,F ,500000.00,INE389H14II3, ,Commercial Papers,-,-,-,-
722995,Motilal Oswal Financial Services Limited,MOFSL150622,Motilal Oswal Financial Services Ltd,Delisted,F ,500000.00,INE338I14DL3, ,Commercial Papers,-,-,-,-
722996,Dalmia Cement (Bharat) Limited,DCL15622,Dalmia Cement (Bharat) Ltd,Delisted,F ,500000.00,INE755K14EH0, ,Commercial Papers,-,-,-,-
722997,Sterlite Technologies Limited.,STL150622,Sterlite Technologies Ltd,Delisted,F ,500000.00,INE089C14CA0, ,Commercial Papers,-,-,-,-
722998,VIVRITI CAPITAL LIMITED,VCPL14622,VCPL-13-9-22-CP,Delisted,F ,500000.00,INE01HV14094, ,Commercial Papers,-,-,-,-
722999,Tata Housing Development Company Limited,THCL15622,Tata Housing Development Company Ltd,Delisted,F ,500000.00,INE582L14GL3, ,Commercial Papers,-,-,-,-
723000,birla Group Holdings Private Limited,BGHPL160622,birla Group Holdings Pvt Ltd,Delisted,F ,500000.00,INE09OL14AV7, ,Commercial Papers,-,-,-,-
723001,Julius Baer Capital (India) Private Limited,JBC160622,Julius Baer Capital (India) Pvt Ltd,Delisted,F ,500000.00,INE824H14IB4, ,Commercial Papers,-,-,-,-
723002,Kotak Securities Limited,KSL16622,Kotak Securities Ltd,Delisted,F ,500000.00,INE028E14KI0, ,Commercial Papers,-,-,-,-
723003,GIC Housing Finance Ltd.,GHFL16622,GIC Housing Finance Ltd,Delisted,F ,500000.00,INE289B14HZ4, ,Commercial Papers,-,-,-,-
723004,BOBCARD LIMITED,BFSL16622,BOB Financial Solutions Ltd,Delisted,F ,500000.00,INE027214258, ,Commercial Papers,-,-,-,-
723005,Northern Arc Capital Ltd.,NACL16622,Northern Arc Capital Ltd,Delisted,F ,500000.00,INE850M14AY8, ,Commercial Papers,-,-,-,-
723006,Bharat Heavy Electricals Ltd.,BHEL17622,Bharat Heavy Electricals Ltd,Delisted,F ,500000.00,INE257A14813, ,Commercial Papers,-,-,-,-
723007,TV18 Broadcast Ltd.,TBL17622,TV18 Broadcast Ltd,Delisted,F ,500000.00,INE886H14HK6, ,Commercial Papers,-,-,-,-
723008,Muthoot Capital Services Ltd.,MCSL160622,Muthoot Capital Services Ltd,Delisted,F ,500000.00,INE296G14073, ,Commercial Papers,-,-,-,-
723009,Shree Cements Ltd.,SCL17622,Shree Cements Ltd,Delisted,F ,500000.00,INE070A14604, ,Commercial Papers,-,-,-,-
723010,Reliance Jio Infocomm Limited,RJIL17622,Reliance Jio Infocomm Ltd,Delisted,F ,500000.00,INE110L14QT5, ,Commercial Papers,-,-,-,-
723011,Motilal Oswal Finvest Limited,MOFL170622,Motilal Oswal Finvest Ltd,Delisted,F ,500000.00,INE01WN14561, ,Commercial Papers,-,-,-,-
723012,Reliance Jio Infocomm Limited,RJIL170622,Reliance Jio Infocomm Ltd,Delisted,F ,500000.00,INE110L14QU3, ,Commercial Papers,-,-,-,-
723013,ICICI HOME FINANCE COMPANY LIMITED,ICICI170622,ICICI HOME FINANCE COMPANY Ltd,Delisted,F ,500000.00,INE071G14DY7, ,Commercial Papers,-,-,-,-
723014,Bharat Petroleum Corpn. Ltd.,BPCL17622,Bharat Petroleum Corpn Ltd,Delisted,F ,500000.00,INE029A14BO3, ,Commercial Papers,-,-,-,-
723015,ICICI Securities Limited,ISEC170622,ICICI Securities Ltd,Delisted,F ,500000.00,INE763G14MQ6, ,Commercial Papers,-,-,-,-
723016,ICICI HOME FINANCE COMPANY LIMITED,ICIC170622A,ICICI HOME FINANCE COMPANY Ltd,Delisted,F ,500000.00,INE071G14DX9, ,Commercial Papers,-,-,-,-
723017,Adani Enterprises Ltd.,AEL17622,Adani Enterprises Ltd,Delisted,F ,500000.00,INE423A14QM0, ,Commercial Papers,-,-,-,-
723018,Northern Arc Capital Ltd.,NACL17622,Northern Arc Capital Ltd,Delisted,F ,500000.00,INE850M14AZ5, ,Commercial Papers,-,-,-,-
723019,Pilani Investment And Industries Corporation Limited,PIL200622,Pilani Investment And Industries Corporation Ltd,Delisted,F ,500000.00,INE417C14322, ,Commercial Papers,-,-,-,-
723020,Nuvama Wealth and Investment Limited,NWIL17622,Edelweiss Broking Ltd,Delisted,F ,500000.00,INE523L14161, ,Commercial Papers,-,-,-,-
723021,birla Group Holdings Private Limited,BGHPL20622,birla Group Holdings Pvt Ltd,Delisted,F ,500000.00,INE09OL14AX3, ,Commercial Papers,-,-,-,-
723022,Kotak Securities Limited,KSL20622,Kotak Securities Ltd,Delisted,F ,500000.00,INE028E14KJ8, ,Commercial Papers,-,-,-,-
723023,Tata Power Co. Ltd,TPCL20622,Tata Power Co Ltd,Delisted,F ,500000.00,INE245A14GD7, ,Commercial Papers,-,-,-,-
723024,HDFC Securities Limited,HDFCL20622,HDFC Securities Ltd,Delisted,F ,500000.00,INE700G14CI6, ,Commercial Papers,-,-,-,-
723025,SIKKA PORTS & TERMINALS LTD,SPTL20622,SIKKA PORTS & TERMINALS LTD,Delisted,F ,500000.00,INE941D14196, ,Commercial Papers,-,-,-,-
723026,KEC International Ltd.,KIL20622,KEC International Ltd,Delisted,F ,500000.00,INE389H14IH5, ,Commercial Papers,-,-,-,-
723027,Network 18 Media & Investments Limited,NMIL20622,Network 18 Media & Investments Ltd,Delisted,F ,500000.00,INE870H14OI0, ,Commercial Papers,-,-,-,-
723028,TATA STEEL LIMITED,TSL20622,TATA STEEL Ltd,Delisted,F ,500000.00,INE081A14CW5, ,Commercial Papers,-,-,-,-
723029,CaratLane Trading Private Limited,CTPL20622,CaratLane Trading Pvt Ltd,Delisted,F ,500000.00,INE015Y14286, ,Commercial Papers,-,-,-,-
723030,Reliance Retail Ventures Limited,RRVL20622,Reliance Retail Ventures Ltd,Delisted,F ,500000.00,INE929O14677, ,Commercial Papers,-,-,-,-
723031,Jamnagar Utilities & Power Private Limited,JPPL20622,Jamnagar Utilities & Power Pvt Ltd,Delisted,F ,500000.00,INE936D14162, ,Commercial Papers,-,-,-,-
723032,Nuvama Wealth and Investment Limited,NWIL21622,Edelweiss Broking Ltd,Delisted,F ,500000.00,INE523L14179, ,Commercial Papers,-,-,-,-
723033,National Bank for Agriculture and Rural Development,NBARD21622,National Bank for Agriculture and Rural Development,Delisted,F ,500000.00,INE261F14IY5, ,Commercial Papers,-,-,-,-
723034,POONAWALLA FINCORP LIMITED,PFL20622,POONAWALLA FINCORP Ltd,Delisted,F ,500000.00,INE511C14UQ1, ,Commercial Papers,-,-,-,-
723035,Network 18 Media & Investments Limited,NMIL21622,Network 18 Media & Investments Ltd,Delisted,F ,500000.00,INE870H14OH2, ,Commercial Papers,-,-,-,-
723036,L&T Metro Rail (Hyderabad) Limited,LTML21622,L&T Metro Rail (Hyderabad) Ltd,Delisted,F ,500000.00,INE128M14100, ,Commercial Papers,-,-,-,-
723037,SIKKA PORTS & TERMINALS LTD,SPTL21622,SIKKA PORTS & TERMINALS LTD,Delisted,F ,500000.00,INE941D14204, ,Commercial Papers,-,-,-,-
723038,Julius Baer Capital (India) Private Limited,JBCPL21622,Julius Baer Capital (India) Pvt Ltd,Delisted,F ,500000.00,INE824H14IC2, ,Commercial Papers,-,-,-,-
723039,Jamnagar Utilities & Power Private Limited,JUPL210622,Jamnagar Utilities & Power Pvt Ltd,Delisted,F ,500000.00,INE936D14154, ,Commercial Papers,-,-,-,-
723040,Adani Enterprises Ltd.,AEL21622,Adani Enterprises Ltd,Delisted,F ,500000.00,INE423A14PJ8, ,Commercial Papers,-,-,-,-
723041,Tata Power Co. Ltd,TPCL22622,Tata Power Co Ltd,Delisted,F ,500000.00,INE245A14GE5, ,Commercial Papers,-,-,-,-
723042,IGH Holdings Private Limited,IGHHPL22622,IGH Holdings Pvt Ltd,Delisted,F ,500000.00,INE02FN14077, ,Commercial Papers,-,-,-,-
723043,Bajaj Finance Limited,BFL22622,Bajaj Finance Ltd,Delisted,F ,500000.00,INE296A14TG6, ,Commercial Papers,-,-,-,-
723044,Manappuram Finance Limited,MFL220622,Manappuram Finance Ltd,Delisted,F ,500000.00,INE522D14NS7, ,Commercial Papers,-,-,-,-
723045,Time Technoplast Limited,TTL220622,Time Technoplast Ltd,Delisted,F ,500000.00,INE508G14CK9, ,Commercial Papers,-,-,-,-
723046,Pilani Investment And Industries Corporation Limited,PIL220622,Pilani Investment And Industries Corporation Ltd,Delisted,F ,500000.00,INE417C14330, ,Commercial Papers,-,-,-,-
723047,Northern Arc Capital Ltd.,NACL22622,Northern Arc Capital Ltd,Delisted,F ,500000.00,INE850M14BA6, ,Commercial Papers,-,-,-,-
723048,Tata Realty and Infrastructure Limited,TRIL220622,Tata Realty and Infrastructure Ltd,Delisted,F ,500000.00,INE371K14BJ8, ,Commercial Papers,-,-,-,-
723049,ARKA FINCAP LIMITED,AFL22622,ARKA FINCAP Ltd,Delisted,F ,500000.00,INE03W114294, ,Commercial Papers,-,-,-,-
723050,TATA INTERNATIONAL LIMITED,TIL220622,TATA INTERNATIONAL Ltd,Delisted,F ,500000.00,INE751F14384, ,Commercial Papers,-,-,-,-
723051,Tata Realty and Infrastructure Limited,TRI220622,Tata Realty and Infrastructure Ltd,Delisted,F ,500000.00,INE371K14BI0, ,Commercial Papers,-,-,-,-
723052,Reliance Jio Infocomm Limited,RJIL230622,Reliance Jio Infocomm Ltd,Delisted,F ,500000.00,INE110L14QV1, ,Commercial Papers,-,-,-,-
723053,Motilal Oswal Finvest Limited,MOFL230622,Motilal Oswal Finvest Ltd,Delisted,F ,500000.00,INE01WN14579, ,Commercial Papers,-,-,-,-
723054,Bajaj Finance Limited,BFL230622,Bajaj Finance Ltd,Delisted,F ,500000.00,INE296A14TH4, ,Commercial Papers,-,-,-,-
723055,IGH Holdings Private Limited,IHPL24622,IGH Holdings Pvt Ltd,Delisted,F ,500000.00,INE02FN14093, ,Commercial Papers,-,-,-,-
723056,IGH Holdings Private Limited,IHPL240622,IGH Holdings Pvt Ltd,Delisted,F ,500000.00,INE02FN14085, ,Commercial Papers,-,-,-,-
723057,Sharekhan BNP Paribas Financial Services Limited,SBNP24622,Sharekhan BNP Paribas Financial Services Ltd,Delisted,F ,500000.00,INE550X14920, ,Commercial Papers,-,-,-,-
723058,Julius Baer Capital (India) Private Limited,JBCL240622,Julius Baer Capital (India) Pvt Ltd,Delisted,F ,500000.00,INE824H14ID0, ,Commercial Papers,-,-,-,-
723059,Housing Development Finance Corp.Lt,HDFCL24622,Housing Development Finance CorpLt,Delisted,F ,500000.00,INE001A14YY3, ,Commercial Papers,-,-,-,-
723060,Axis Finance Limited,AFL24622,Axis Finance Ltd,Delisted,F ,500000.00,INE891K14LQ9, ,Commercial Papers,-,-,-,-
723061,birla Group Holdings Private Limited,BGHPL24622,birla Group Holdings Pvt Ltd,Delisted,F ,500000.00,INE09OL14AW5, ,Commercial Papers,-,-,-,-
723062,Housing Development Finance Corp.Lt,HDFCL27622,Housing Development Finance CorpLt,Delisted,F ,500000.00,INE001A14YZ0, ,Commercial Papers,-,-,-,-
723063,TATA STEEL LIMITED,TSL270622,TATA STEEL Ltd,Delisted,F ,500000.00,INE081A14CX3, ,Commercial Papers,-,-,-,-
723064,SIKKA PORTS & TERMINALS LTD,SPATL24622,SIKKA PORTS & TERMINALS LTD,Delisted,F ,500000.00,INE941D14212, ,Commercial Papers,-,-,-,-
723065,Jamnagar Utilities & Power Private Limited,JUPPL24622,Jamnagar Utilities & Power Pvt Ltd,Delisted,F ,500000.00,INE936D14170, ,Commercial Papers,-,-,-,-
723066,Julius Baer Capital (India) Private Limited,JBCPL27622,Julius Baer Capital (India) Pvt Ltd,Delisted,F ,500000.00,INE824H14IE8, ,Commercial Papers,-,-,-,-
723067,Sharekhan Limited,SL240622,Sharekhan Ltd,Delisted,F ,500000.00,INE211H14385, ,Commercial Papers,-,-,-,-
723068,Adani Ports and Special Economic Zone Ltd,APSEZ270622,Adani Ports and Special Economic Zone Ltd,Delisted,F ,500000.00,INE742F14QJ8, ,Commercial Papers,-,-,-,-
723069,Infina Finance Private Limited,IFPL28622,Infina Finance Pvt Ltd,Delisted,F ,500000.00,INE879F14FV6, ,Commercial Papers,-,-,-,-
723070,Housing Development Finance Corp.Lt,HDFC280622,Housing Development Finance CorpLt,Delisted,F ,500000.00,INE001A14ZA0, ,Commercial Papers,-,-,-,-
723071,Housing Development Finance Corp.Lt,HDFCL280622,Housing Development Finance CorpLt,Delisted,F ,500000.00,INE001A14ZB8, ,Commercial Papers,-,-,-,-
723072,Reliance Jio Infocomm Limited,RJIL28622,Reliance Jio Infocomm Ltd,Delisted,F ,500000.00,INE110L14QW9, ,Commercial Papers,-,-,-,-
723073,IGH Holdings Private Limited,IGHPL28622,IGH Holdings Pvt Ltd,Delisted,F ,500000.00,INE02FN14101, ,Commercial Papers,-,-,-,-
723074,Kotak Mahindra Investments Limited,KMIL28622,Kotak Mahindra Investments Ltd,Delisted,F ,500000.00,INE975F14XG6, ,Commercial Papers,-,-,-,-
723075,Adani Ports and Special Economic Zone Ltd,APSEZL29622,Adani Ports and Special Economic Zone Ltd,Delisted,F ,500000.00,INE742F14QI0, ,Commercial Papers,-,-,-,-
723076,Adani Enterprises Ltd.,AEL29622,Adani Enterprises Ltd,Delisted,F ,500000.00,INE423A14QR9, ,Commercial Papers,-,-,-,-
723077,Adani Enterprises Ltd.,AEL290622,Adani Enterprises Ltd,Delisted,F ,500000.00,INE423A14QQ1, ,Commercial Papers,-,-,-,-
723078,Northern Arc Capital Ltd.,NAC29622,Northern Arc Capital Ltd,Delisted,F ,500000.00,INE850M14BB4, ,Commercial Papers,-,-,-,-
723079,Century Textiles & Industries Ltd.,CTIL29622,Century Textiles & Industries Ltd,Delisted,F ,500000.00,INE055A14JA0, ,Commercial Papers,-,-,-,-
723080,SEIL Energy India Limited,SRIL30622,Sembcorp Energy India Ltd,Delisted,F ,500000.00,INE460M14214, ,Commercial Papers,-,-,-,-
723081,ARKA FINCAP LIMITED,AFL29622,ARKA FINCAP Ltd,Delisted,F ,500000.00,INE03W114302, ,Commercial Papers,-,-,-,-
723082,SEIL Energy India Limited,SEIL30622,Sembcorp Energy India Ltd,Delisted,F ,500000.00,INE460M14222, ,Commercial Papers,-,-,-,-
723083,Adani Ports and Special Economic Zone Ltd,APSEZ29622,Adani Ports and Special Economic Zone Ltd,Delisted,F ,500000.00,INE742F14QK6, ,Commercial Papers,-,-,-,-
723084,Adani Enterprises Ltd.,AEL29622A,Adani Enterprises Ltd,Delisted,F ,500000.00,INE423A14QH0, ,Commercial Papers,-,-,-,-
723085,SEIL Energy India Limited,SEIL300622,Sembcorp Energy India Ltd,Delisted,F ,500000.00,INE460M14230, ,Commercial Papers,-,-,-,-
723086,Adani Enterprises Ltd.,AEL29622B,Adani Enterprises Ltd,Delisted,F ,500000.00,INE423A14QT5, ,Commercial Papers,-,-,-,-
723087,L&T Metro Rail (Hyderabad) Limited,LT300622,L&T Metro Rail (Hyderabad) Ltd,Delisted,F ,500000.00,INE128M14118, ,Commercial Papers,-,-,-,-
723088,TATA STEEL LIMITED,TSL300622,TATA STEEL Ltd,Delisted,F ,500000.00,INE081A14DC5, ,Commercial Papers,-,-,-,-
723089,Infina Finance Private Limited,IFPL01722,Infina Finance Pvt Ltd,Delisted,F ,500000.00,INE879F14FW4, ,Commercial Papers,-,-,-,-
723090,Kotak Securities Limited,KSL1722,Kotak Securities Ltd,Delisted,F ,500000.00,INE028E14KK6, ,Commercial Papers,-,-,-,-
723091,Julius Baer Capital (India) Private Limited,JBCPL1722,Julius Baer Capital (India) Pvt Ltd,Delisted,F ,500000.00,INE824H14IF5, ,Commercial Papers,-,-,-,-
723092,ICICI HOME FINANCE COMPANY LIMITED,IHFC010722,ICICI HOME FINANCE COMPANY Ltd,Delisted,F ,500000.00,INE071G14EA5, ,Commercial Papers,-,-,-,-
723093,ICICI HOME FINANCE COMPANY LIMITED,IHFCL01722,ICICI HOME FINANCE COMPANY Ltd,Delisted,F ,500000.00,INE071G14DZ4, ,Commercial Papers,-,-,-,-
723094,TATA STEEL LIMITED,TSL4722,TATA STEEL Ltd,Delisted,F ,500000.00,INE081A14DA9, ,Commercial Papers,-,-,-,-
723095,TATA STEEL LIMITED,TSL04722,TATA STEEL Ltd,Delisted,F ,500000.00,INE081A14DB7, ,Commercial Papers,-,-,-,-
723096,TATA STEEL LIMITED,TSL1722,TATA STEEL Ltd,Delisted,F ,500000.00,INE081A14CY1, ,Commercial Papers,-,-,-,-
723097,TATA STEEL LIMITED,TSL010722,TATA STEEL Ltd,Delisted,F ,500000.00,INE081A14CZ8, ,Commercial Papers,-,-,-,-
723098,Godrej Housing Finance Limited,GHFL4722,Godrej Housing Finance Ltd,Delisted,F ,500000.00,INE02JD14104, ,Commercial Papers,-,-,-,-
723099,Adani Enterprises Ltd.,AEL4722,Adani Enterprises Ltd,Delisted,F ,500000.00,INE423A14QV1, ,Commercial Papers,-,-,-,-
723100,Kotak Mahindra Prime Limited,KMPL040722,Kotak Mahindra Prime Ltd,Delisted,F ,500000.00,INE916D141I7, ,Commercial Papers,-,-,-,-
723101,ICICI Securities Limited,ICICI050722,ICICI Securities Ltd,Delisted,F ,500000.00,INE763G14MR4, ,Commercial Papers,-,-,-,-
723102,Tata Power Co. Ltd,TPCL4722,Tata Power Co Ltd,Delisted,F ,500000.00,INE245A14GF2, ,Commercial Papers,-,-,-,-
723103,Infina Finance Private Limited,IFPL5722,Infina Finance Pvt Ltd,Delisted,F ,500000.00,INE879F14FX2, ,Commercial Papers,-,-,-,-
723104,Indian Oil Corporation Ltd.,IOCL5722,Indian Oil Corporation Ltd,Delisted,F ,500000.00,INE242A14WR1, ,Commercial Papers,-,-,-,-
723105,Tata Power Co. Ltd,TPCL6722,Tata Power Co Ltd,Delisted,F ,500000.00,INE245A14GG0, ,Commercial Papers,-,-,-,-
723106,Julius Baer Capital (India) Private Limited,JBCPL060722,Julius Baer Capital (India) Pvt Ltd,Delisted,F ,500000.00,INE824H14IG3, ,Commercial Papers,-,-,-,-
723107,The Ramco Cements Limited,TRCL06722,The Ramco Cements Ltd,Delisted,F ,500000.00,INE331A14MM4, ,Commercial Papers,-,-,-,-
723108,Indian Oil Corporation Ltd.,IOCL060722,Indian Oil Corporation Ltd,Delisted,F ,500000.00,INE242A14WQ3, ,Commercial Papers,-,-,-,-
723109,Indian Oil Corporation Ltd.,IOCL6722A,Indian Oil Corporation Ltd,Delisted,F ,500000.00,INE242A14WS9, ,Commercial Papers,-,-,-,-
723110,Nuvama Wealth and Investment Limited,NWIL070722,Edelweiss Broking Ltd,Delisted,F ,500000.00,INE523L14195, ,Commercial Papers,-,-,-,-
723111,360 ONE Prime Limited,IIFLWP6722,IIFL Wealth Prime Ltd,Delisted,F ,500000.00,INE248U14LJ6, ,Commercial Papers,-,-,-,-
723112,360 ONE WAM LIMITED,OWL6722,IIFL Wealth Management Ltd,Delisted,F ,500000.00,INE466L14BC9, ,Commercial Papers,-,-,-,-
723113,POONAWALLA FINCORP LIMITED,PFL060722,POONAWALLA FINCORP Ltd,Delisted,F ,500000.00,INE511C14UR9, ,Commercial Papers,-,-,-,-
723114,Godrej Housing Finance Limited,GHFL080722,Godrej Housing Finance Ltd,Delisted,F ,500000.00,INE02JD14112, ,Commercial Papers,-,-,-,-
723115,birla Group Holdings Private Limited,BGHPL80722,birla Group Holdings Pvt Ltd,Delisted,F ,500000.00,INE09OL14AY1, ,Commercial Papers,-,-,-,-
723116,NLC Tamilnadu Power Limited,NLCTPL8722,NLC Tamilnadu Power Ltd,Delisted,F ,500000.00,INE05C614220, ,Commercial Papers,-,-,-,-
723117,BOBCARD LIMITED,BOBFSL7722,BOB Financial Solutions Ltd,Delisted,F ,500000.00,INE027214266, ,Commercial Papers,-,-,-,-
723118,The Ramco Cements Limited,TRCL070722,The Ramco Cements Ltd,Delisted,F ,500000.00,INE331A14ML6, ,Commercial Papers,-,-,-,-
723119,Julius Baer Capital (India) Private Limited,JBC080722,Julius Baer Capital (India) Pvt Ltd,Delisted,F ,500000.00,INE824H14IH1, ,Commercial Papers,-,-,-,-
723120,L&T Metro Rail (Hyderabad) Limited,LTMRL080722,L&T Metro Rail (Hyderabad) Ltd,Delisted,F ,500000.00,INE128M14126, ,Commercial Papers,-,-,-,-
723121,The Ramco Cements Limited,TRCL8722,The Ramco Cements Ltd,Delisted,F ,500000.00,INE331A14MN2, ,Commercial Papers,-,-,-,-
723122,Axis Securities Limited,ASL080722,Axis Securities Ltd,Delisted,F ,500000.00,INE110O14666, ,Commercial Papers,-,-,-,-
723123,Bharat Heavy Electricals Ltd.,BHEL110722,Bharat Heavy Electricals Ltd,Delisted,F ,500000.00,INE257A14821, ,Commercial Papers,-,-,-,-
723124,ICICI Securities Primary Dealership Limited,ICICI110722,ICICI Securities Primary Dealership Ltd,Delisted,F ,500000.00,INE849D14GY6, ,Commercial Papers,-,-,-,-
723125,Reliance Retail Ventures Limited,RRVL11722,Reliance Retail Ventures Ltd,Delisted,F ,500000.00,INE929O14685, ,Commercial Papers,-,-,-,-
723126,Axis Securities Limited,ASL12722,Axis Securities Ltd,Delisted,F ,500000.00,INE110O14658, ,Commercial Papers,-,-,-,-
723127,Tata Power Co. Ltd,TPCL12722,Tata Power Co Ltd,Delisted,F ,500000.00,INE245A14GH8, ,Commercial Papers,-,-,-,-
723128,HDFC Securities Limited,HSEC12722,HDFC Securities Ltd,Delisted,F ,500000.00,INE700G14CJ4, ,Commercial Papers,-,-,-,-
723129,JSW Steel Limited,JSWSL12722,JSW Steel Ltd,Delisted,F ,500000.00,INE019A14KW8, ,Commercial Papers,-,-,-,-
723130,Adani Ports and Special Economic Zone Ltd,APSEZL12722,Adani Ports and Special Economic Zone Ltd,Delisted,F ,500000.00,INE742F14QN0, ,Commercial Papers,-,-,-,-
723131,Adani Ports and Special Economic Zone Ltd,APSEZL11722,Adani Ports and Special Economic Zone Ltd,Delisted,F ,500000.00,INE742F14QM2, ,Commercial Papers,-,-,-,-
723132,Adani Ports and Special Economic Zone Ltd,APSEZL22711,Adani Ports and Special Economic Zone Ltd,Delisted,F ,500000.00,INE742F14QL4, ,Commercial Papers,-,-,-,-
723133,TATA STEEL LIMITED,TSL12722,TATA STEEL Ltd,Delisted,F ,500000.00,INE081A14DE1, ,Commercial Papers,-,-,-,-
723134,TATA STEEL LIMITED,TSL120722,TATA STEEL Ltd,Delisted,F ,500000.00,INE081A14DD3, ,Commercial Papers,-,-,-,-
723135,J.K. CEMENT LTD,JKCL12722,JK CEMENT LTD,Delisted,F ,500000.00,INE823G14744, ,Commercial Papers,-,-,-,-
723136,Navi Finserv Limited,NFL13722,Navi Finserv Ltd,Delisted,F ,500000.00,INE342T14185, ,Commercial Papers,-,-,-,-
723137,JSW Steel Limited,JSWS130722,JSW Steel Ltd,Delisted,F ,500000.00,INE019A14KX6, ,Commercial Papers,-,-,-,-
723138,Shree Cements Ltd.,SCL130722,Shree Cements Ltd,Delisted,F ,500000.00,INE070A14612, ,Commercial Papers,-,-,-,-
723139,Housing Development Finance Corp.Lt,HDFCL140722,Housing Development Finance CorpLt,Delisted,F ,500000.00,INE001A14ZC6, ,Commercial Papers,-,-,-,-
723140,Julius Baer Capital (India) Private Limited,JBCIPL14722,Julius Baer Capital (India) Pvt Ltd,Delisted,F ,500000.00,INE824H14II9, ,Commercial Papers,-,-,-,-
723141,Larsen & Toubro Limited,LTL14722,Larsen & Toubro Ltd,Delisted,F ,500000.00,INE018A14IR4, ,Commercial Papers,-,-,-,-
723142,Adani Enterprises Ltd.,AEL13722,Adani Enterprises Ltd,Delisted,F ,500000.00,INE423A14QZ2, ,Commercial Papers,-,-,-,-
723143,STANDARD CHARTERED CAPITAL LIMITED,SCCL140722,STANDARD CHARTERED CAPITAL Ltd,Delisted,F ,500000.00,INE403G14PS8, ,Commercial Papers,-,-,-,-
723144,Larsen & Toubro Limited,LTL15722,Larsen & Toubro Ltd,Delisted,F ,500000.00,INE018A14IS2, ,Commercial Papers,-,-,-,-
723145,SEIL Energy India Limited,SEIL15722,Sembcorp Energy India Ltd,Delisted,F ,500000.00,INE460M14248, ,Commercial Papers,-,-,-,-
723146,SEIL Energy India Limited,SEIL150722,Sembcorp Energy India Ltd,Delisted,F ,500000.00,INE460M14255, ,Commercial Papers,-,-,-,-
723147,InCred Financial Services Limited,IFSL15722,Incred Financial Services Ltd,Delisted,F ,500000.00,INE945W14411, ,Commercial Papers,-,-,-,-
723148,Century Textiles & Industries Ltd.,CTIL15722,Century Textiles & Industries Ltd,Delisted,F ,500000.00,INE055A14JC6, ,Commercial Papers,-,-,-,-
723149,Century Textiles & Industries Ltd.,CTIL150722,Century Textiles & Industries Ltd,Delisted,F ,500000.00,INE055A14JB8, ,Commercial Papers,-,-,-,-
723150,ECL Finance Limited,ECLFL15722,ECL Finance Ltd,Delisted,F ,500000.00,INE804I14VH4, ,Commercial Papers,-,-,-,-
723151,ICICI HOME FINANCE COMPANY LIMITED,IHFCL18722,ICICI HOME FINANCE COMPANY Ltd,Delisted,F ,500000.00,INE071G14EB3, ,Commercial Papers,-,-,-,-
723152,Shree Cements Ltd.,SCL15722,Shree Cements Ltd,Delisted,F ,500000.00,INE070A14620, ,Commercial Papers,-,-,-,-
723153,Adani Enterprises Ltd.,AEL15722,Adani Enterprises Ltd,Delisted,F ,500000.00,INE423A14PO8, ,Commercial Papers,-,-,-,-
723154,Axis Securities Limited,ASL18722,Axis Securities Ltd,Delisted,F ,500000.00,INE110O14674, ,Commercial Papers,-,-,-,-
723155,Housing Development Finance Corp.Lt,HDFC18722,Housing Development Finance CorpLt,Delisted,F ,500000.00,INE001A14ZD4, ,Commercial Papers,-,-,-,-
723156,Shree Cements Ltd.,SCL150722,Shree Cements Ltd,Delisted,F ,500000.00,INE070A14638, ,Commercial Papers,-,-,-,-
723157,Tata Power Co. Ltd,TOCL18722,Tata Power Co Ltd,Delisted,F ,500000.00,INE245A14GI6, ,Commercial Papers,-,-,-,-
723158,Bharat Heavy Electricals Ltd.,BHEL180722,Bharat Heavy Electricals Ltd,Delisted,F ,500000.00,INE257A14839, ,Commercial Papers,-,-,-,-
723159,TATA INTERNATIONAL LIMITED,TIL18722,TATA INTERNATIONAL Ltd,Delisted,F ,500000.00,INE751F14392, ,Commercial Papers,-,-,-,-
723160,Sharekhan Limited,SL19722,Sharekhan Ltd,Delisted,F ,500000.00,INE211H14393, ,Commercial Papers,-,-,-,-
723161,Indian Oil Corporation Ltd.,IOCL180722,Indian Oil Corporation Ltd,Delisted,F ,500000.00,INE242A14WT7, ,Commercial Papers,-,-,-,-
723162,J.K. CEMENT LTD,JKCL190722,JK CEMENT LTD,Delisted,F ,500000.00,INE823G14751, ,Commercial Papers,-,-,-,-
723163,SBI CARDS AND PAYMENT SERVICES LIMITED,SCAPSL19722,SBI CARDS AND PAYMENT SERVICES Ltd,Delisted,F ,500000.00,INE018E14PK6, ,Commercial Papers,-,-,-,-
723164,Bharat Petroleum Corpn. Ltd.,BPCL190722,Bharat Petroleum Corpn Ltd,Delisted,F ,500000.00,INE029A14BP0, ,Commercial Papers,-,-,-,-
723165,KEC International Ltd.,KECIL20722,KEC International Ltd,Delisted,F ,500000.00,INE389H14IK9, ,Commercial Papers,-,-,-,-
723166,Julius Baer Capital (India) Private Limited,JBCPL20722,Julius Baer Capital (India) Pvt Ltd,Delisted,F ,500000.00,INE824H14IK5, ,Commercial Papers,-,-,-,-
723167,Kotak Securities Limited,KSL20722,Kotak Securities Ltd,Delisted,F ,500000.00,INE028E14KL4, ,Commercial Papers,-,-,-,-
723168,Infina Finance Private Limited,IFPL19722,Infina Finance Pvt Ltd,Delisted,F ,500000.00,INE879F14FY0, ,Commercial Papers,-,-,-,-
723169,Navi Finserv Limited,NFL19722,Navi Finserv Ltd,Delisted,F ,500000.00,INE342T14193, ,Commercial Papers,-,-,-,-
723170,Chaitanya India Fin Credit Private Limited,CIFCL19722,Chaitanya India Fin Credit Pvt Ltd,Delisted,F ,500000.00,INE140R14039, ,Commercial Papers,-,-,-,-
723171,TATA STEEL LIMITED,TSL20722,TATA STEEL Ltd,Delisted,F ,500000.00,INE081A14DF8, ,Commercial Papers,-,-,-,-
723172,Network 18 Media & Investments Limited,N18MIL21722,Network 18 Media & Investments Ltd,Delisted,F ,500000.00,INE870H14OK6, ,Commercial Papers,-,-,-,-
723173,Bharat Heavy Electricals Ltd.,BHEL21722,Bharat Heavy Electricals Ltd,Delisted,F ,500000.00,INE257A14847, ,Commercial Papers,-,-,-,-
723174,CaratLane Trading Private Limited,CTPL21722,CaratLane Trading Pvt Ltd,Delisted,F ,500000.00,INE015Y14294, ,Commercial Papers,-,-,-,-
723175,Motilal Oswal Financial Services Limited,MOFSL210722,Motilal Oswal Financial Services Ltd,Delisted,F ,500000.00,INE338I14DM1, ,Commercial Papers,-,-,-,-
723176,Motilal Oswal Finvest Limited,MOFL210722,Motilal Oswal Finvest Ltd,Delisted,F ,500000.00,INE01WN14587, ,Commercial Papers,-,-,-,-
723177,L&T Metro Rail (Hyderabad) Limited,LTMRH210722,L&T Metro Rail (Hyderabad) Ltd,Delisted,F ,500000.00,INE128M14134, ,Commercial Papers,-,-,-,-
723178,Century Textiles & Industries Ltd.,CTIL220722,Century Textiles & Industries Ltd,Delisted,F ,500000.00,INE055A14JD4, ,Commercial Papers,-,-,-,-
723179,Network 18 Media & Investments Limited,NMIL220722,Network 18 Media & Investments Ltd,Delisted,F ,500000.00,INE870H14OJ8, ,Commercial Papers,-,-,-,-
723180,Julius Baer Capital (India) Private Limited,JBCPL22722,Julius Baer Capital (India) Pvt Ltd,Delisted,F ,500000.00,INE824H14IJ7, ,Commercial Papers,-,-,-,-
723181,Manappuram Home Finance Limited,MHFL22722,Manappuram Home Finance Ltd,Delisted,F ,500000.00,INE360T14062, ,Commercial Papers,-,-,-,-
723182,Bajaj Finance Limited,BFL220722,Bajaj Finance Ltd,Delisted,F ,500000.00,INE296A14TI2, ,Commercial Papers,-,-,-,-
723183,ARKA FINCAP LIMITED,AFL220722,ARKA FINCAP Ltd,Delisted,F ,500000.00,INE03W114310, ,Commercial Papers,-,-,-,-
723184,STANDARD CHARTERED CAPITAL LIMITED,SCCL22722,STANDARD CHARTERED CAPITAL Ltd,Delisted,F ,500000.00,INE403G14PT6, ,Commercial Papers,-,-,-,-
723185,Axis Securities Limited,ASL22722,Axis Securities Ltd,Delisted,F ,500000.00,INE110O14682, ,Commercial Papers,-,-,-,-
723186,Sharekhan Limited,SL22722,Sharekhan Ltd,Delisted,F ,500000.00,INE211H14401, ,Commercial Papers,-,-,-,-
723187,HDFC Securities Limited,HDFCS220722,HDFC Securities Ltd,Delisted,F ,500000.00,INE700G14CK2, ,Commercial Papers,-,-,-,-
723188,HDFC Securities Limited,HDFC220722,HDFC Securities Ltd,Delisted,F ,500000.00,INE700G14CL0, ,Commercial Papers,-,-,-,-
723189,Navi Finserv Limited,NFL220722,Navi Finserv Ltd,Delisted,F ,500000.00,INE342T14201, ,Commercial Papers,-,-,-,-
723190,Tyger Capital Private Limited,ACPL250722,Adani Capital Pvt Ltd,Delisted,F ,500000.00,INE01EQ14042, ,Commercial Papers,-,-,-,-
723191,Adani Enterprises Ltd.,AEL220722,Adani Enterprises Ltd,Delisted,F ,500000.00,INE423A14RD7, ,Commercial Papers,-,-,-,-
723192,Krazybee Services Private Limited,KSPL220722,Krazybee Services Pvt Ltd,Delisted,F ,500000.00,INE07HK14060, ,Commercial Papers,-,-,-,-
723193,HDFC Securities Limited,HDFC25722,HDFC Securities Ltd,Delisted,F ,500000.00,INE700G14CM8, ,Commercial Papers,-,-,-,-
723194,KEC International Ltd.,KEC250722,KEC International Ltd,Delisted,F ,500000.00,INE389H14IJ1, ,Commercial Papers,-,-,-,-
723195,Pilani Investment And Industries Corporation Limited,PICL250722,Pilani Investment And Industries Corporation Ltd,Delisted,F ,500000.00,INE417C14348, ,Commercial Papers,-,-,-,-
723196,Pilani Investment And Industries Corporation Limited,PIICL250722,Pilani Investment And Industries Corporation Ltd,Delisted,F ,500000.00,INE417C14355, ,Commercial Papers,-,-,-,-
723197,NLC Tamilnadu Power Limited,NLCTPL25722,NLC Tamilnadu Power Ltd,Delisted,F ,500000.00,INE05C614238, ,Commercial Papers,-,-,-,-
723198,HT Media Ltd,HTML25722,HT Media Ltd,Delisted,F ,500000.00,INE501G14CK4, ,Commercial Papers,-,-,-,-
723199,HT Media Ltd,HTML250722,HT Media Ltd,Delisted,F ,500000.00,INE501G14CL2, ,Commercial Papers,-,-,-,-
723200,Navi Finserv Limited,NFL250722,Navi Finserv Ltd,Delisted,F ,500000.00,INE342T14227, ,Commercial Papers,-,-,-,-
723201,Dalmia Cement (Bharat) Limited,DCBL25722,Dalmia Cement (Bharat) Ltd,Delisted,F ,500000.00,INE755K14EI8, ,Commercial Papers,-,-,-,-
723202,ICICI Securities Limited,ICICI250722,ICICI Securities Ltd,Delisted,F ,500000.00,INE763G14MT0, ,Commercial Papers,-,-,-,-
723203,ICICI Securities Limited,ICICI25072,ICICI Securities Ltd,Delisted,F ,500000.00,INE763G14MS2, ,Commercial Papers,-,-,-,-
723204,Bharat Petroleum Corpn. Ltd.,BPCL260722,Bharat Petroleum Corpn Ltd,Delisted,F ,500000.00,INE029A14BQ8, ,Commercial Papers,-,-,-,-
723205,HDFC Securities Limited,HSL260722,HDFC Securities Ltd,Delisted,F ,500000.00,INE700G14CO4, ,Commercial Papers,-,-,-,-
723206,HDFC Securities Limited,HSL26722,HDFC Securities Ltd,Delisted,F ,500000.00,INE700G14CN6, ,Commercial Papers,-,-,-,-
723207,Julius Baer Capital (India) Private Limited,JBCPL260722,Julius Baer Capital (India) Pvt Ltd,Delisted,F ,500000.00,INE824H14IL3, ,Commercial Papers,-,-,-,-
723208,Julius Baer Capital (India) Private Limited,JBCPL26722,Julius Baer Capital (India) Pvt Ltd,Delisted,F ,500000.00,INE824H14IM1, ,Commercial Papers,-,-,-,-
723209,TRUST INVESTMENT ADVISORS PRIVATE LIMITED,TIAPL260722,TRUST INVESTMENT ADVISORS Pvt Ltd,Delisted,F ,500000.00,INE723X14CD4, ,Commercial Papers,-,-,-,-
723210,HDFC Securities Limited,HSL270722,HDFC Securities Ltd,Delisted,F ,500000.00,INE700G14CP1, ,Commercial Papers,-,-,-,-
723211,SEIL Energy India Limited,SEIL270722,Sembcorp Energy India Ltd,Delisted,F ,500000.00,INE460M14263, ,Commercial Papers,-,-,-,-
723212,Adani Enterprises Ltd.,AEL26722,Adani Enterprises Ltd,Delisted,F ,500000.00,INE423A14RE5, ,Commercial Papers,-,-,-,-
723213,J.K. CEMENT LTD,JKCL27722,JK CEMENT LTD,Delisted,F ,500000.00,INE823G14769, ,Commercial Papers,-,-,-,-
723214,Can Fin Homes Ltd.,CFHL27722,Can Fin Homes Ltd,Delisted,F ,500000.00,INE477A14BW7, ,Commercial Papers,-,-,-,-
723215,Julius Baer Capital (India) Private Limited,JBC280722,Julius Baer Capital (India) Pvt Ltd,Delisted,F ,500000.00,INE824H14IN9, ,Commercial Papers,-,-,-,-
723216,Infina Finance Private Limited,IFPL280722,Infina Finance Pvt Ltd,Delisted,F ,500000.00,INE879F14GA8, ,Commercial Papers,-,-,-,-
723217,VIVRITI CAPITAL LIMITED,VCPL270722,Vivriti Capital Pvt Ltd,Delisted,F ,500000.00,INE01HV14110, ,Commercial Papers,-,-,-,-
723218,Indian Oil Corporation Ltd.,IOCL280722,Indian Oil Corporation Ltd,Delisted,F ,500000.00,INE242A14WU5, ,Commercial Papers,-,-,-,-
723219,birla Group Holdings Private Limited,BGHPL280722,birla Group Holdings Pvt Ltd,Delisted,F ,500000.00,INE09OL14AZ8, ,Commercial Papers,-,-,-,-
723220,Redington Limited,RGL280722,Redington (India) ltd,Delisted,F ,500000.00,INE891D14VM2, ,Commercial Papers,-,-,-,-
723221,Kotak Securities Limited,KSL29722,Kotak Securities Ltd,Delisted,F ,500000.00,INE028E14KM2, ,Commercial Papers,-,-,-,-
723222,birla Group Holdings Private Limited,BGHPL29722,birla Group Holdings Pvt Ltd,Delisted,F ,500000.00,INE09OL14BB7, ,Commercial Papers,-,-,-,-
723223,birla Group Holdings Private Limited,BGHPL290722,birla Group Holdings Pvt Ltd,Delisted,F ,500000.00,INE09OL14BA9, ,Commercial Papers,-,-,-,-
723224,Avanse Financial Services Limited,AFSL29722,Avanse Financial Services Ltd,Delisted,F ,500000.00,INE087P14689, ,Commercial Papers,-,-,-,-
723225,Redington Limited,RL28722,Redington (India) ltd,Delisted,F ,500000.00,INE891D14VO8, ,Commercial Papers,-,-,-,-
723226,Redington Limited,RL290722,Redington (India) ltd,Delisted,F ,500000.00,INE891D14VN0, ,Commercial Papers,-,-,-,-
723228,ICICI Securities Limited,ISEC29722,ICICI Securities Ltd,Delisted,F ,500000.00,INE763G14MV6, ,Commercial Papers,-,-,-,-
723229,ICICI Securities Limited,ISEC290722,ICICI Securities Ltd,Delisted,F ,500000.00,INE763G14MW4, ,Commercial Papers,-,-,-,-
723230,ICICI Securities Limited,ISEC2972022,ICICI Securities Ltd,Delisted,F ,500000.00,INE763G14MU8, ,Commercial Papers,-,-,-,-
723231,HDFC Securities Limited,HSEC29722,HDFC Securities Ltd,Delisted,F ,500000.00,INE700G14CQ9, ,Commercial Papers,-,-,-,-
723232,NABHA POWER LIMITED,NPL29722,NABHA POWER Ltd,Delisted,F ,500000.00,INE445L14CK4, ,Commercial Papers,-,-,-,-
723233,Reliance Jio Infocomm Limited,RJIL29722,Reliance Jio Infocomm Ltd,Delisted,F ,500000.00,INE110L14QY5, ,Commercial Papers,-,-,-,-
723234,Julius Baer Capital (India) Private Limited,JBCPL1822,Julius Baer Capital (India) Pvt Ltd,Delisted,F ,500000.00,INE824H14IO7, ,Commercial Papers,-,-,-,-
723235,Kotak Securities Limited,KSL1822,Kotak Securities Ltd,Delisted,F ,500000.00,INE028E14KN0, ,Commercial Papers,-,-,-,-
723236,L&T Metro Rail (Hyderabad) Limited,LTMRHL1822,L&T Metro Rail (Hyderabad) Ltd,Delisted,F ,500000.00,INE128M14142, ,Commercial Papers,-,-,-,-
723237,Reliance Retail Ventures Limited,RRVL29722,Reliance Retail Ventures Ltd,Delisted,F ,500000.00,INE929O14701, ,Commercial Papers,-,-,-,-
723238,Adani Enterprises Ltd.,AEL29722,Adani Enterprises Ltd,Delisted,F ,500000.00,INE423A14RI6, ,Commercial Papers,-,-,-,-
723239,Reliance Retail Ventures Limited,RRVL1822,Reliance Retail Ventures Ltd,Delisted,F ,500000.00,INE929O14693, ,Commercial Papers,-,-,-,-
723240,Tata Power Co. Ltd,TPCL1822,Tata Power Co Ltd,Delisted,F ,500000.00,INE245A14GJ4, ,Commercial Papers,-,-,-,-
723241,Adani Enterprises Ltd.,AEL290722,Adani Enterprises Ltd,Delisted,F ,500000.00,INE423A14RF2, ,Commercial Papers,-,-,-,-
723242,HDFC Credila Financial Services Ltd,HDFCCFS1822,HDFC Credila Financial Services Ltd,Delisted,F ,500000.00,INE539K14AR5, ,Commercial Papers,-,-,-,-
723243,Tata Power Co. Ltd,TPCL2822,Tata Power Co Ltd,Delisted,F ,500000.00,INE245A14GK2, ,Commercial Papers,-,-,-,-
723244,Tata Power Co. Ltd,TPCL2822A,Tata Power Co Ltd,Delisted,F ,500000.00,INE245A14GM8, ,Commercial Papers,-,-,-,-
723245,Tata Power Co. Ltd,TPCL2822B,Tata Power Co Ltd,Delisted,F ,500000.00,INE245A14GL0, ,Commercial Papers,-,-,-,-
723246,Nuvama Wealth Management Limited,NWML2822,Nuvama WealthManagement Ltd,Delisted,F ,500000.00,INE531F14CV0, ,Commercial Papers,-,-,-,-
723247,Infina Finance Private Limited,IFPL02822,Infina Finance Pvt Ltd,Delisted,F ,500000.00,INE879F14GC4, ,Commercial Papers,-,-,-,-
723248,Fedbank Financial Services Limited,FFSL02822,Fedbank Financial Services Ltd,Delisted,F ,500000.00,INE007N14DF6, ,Commercial Papers,-,-,-,-
723249,Julius Baer Capital (India) Private Limited,JBCPL3822,Julius Baer Capital (India) Pvt Ltd,Delisted,F ,500000.00,INE824H14IQ2, ,Commercial Papers,-,-,-,-
723250,Tata Power Co. Ltd,TPCL3822,Tata Power Co Ltd,Delisted,F ,500000.00,INE245A14GN6, ,Commercial Papers,-,-,-,-
723251,KEC International Ltd.,KECIL3822,KEC International Ltd,Delisted,F ,500000.00,INE389H14IL7, ,Commercial Papers,-,-,-,-
723252,Axis Securities Limited,ASL3822,Axis Securities Ltd,Delisted,F ,500000.00,INE110O14690, ,Commercial Papers,-,-,-,-
723253,Sterlite Technologies Limited.,STL3822,Sterlite Technologies Ltd,Delisted,F ,500000.00,INE089C14CB8, ,Commercial Papers,-,-,-,-
723254,Adani Enterprises Ltd.,AEL020822,Adani Enterprises Ltd,Delisted,F ,500000.00,INE423A14QA5, ,Commercial Papers,-,-,-,-
723255,Indian Oil Corporation Ltd.,IOCL030822,Indian Oil Corporation Ltd,Delisted,F ,500000.00,INE242A14WV3, ,Commercial Papers,-,-,-,-
723256,Julius Baer Capital (India) Private Limited,JBCIPL4822,Julius Baer Capital (India) Pvt Ltd,Delisted,F ,500000.00,INE824H14IP4, ,Commercial Papers,-,-,-,-
723257,SEIL Energy India Limited,SEIL4822,Sembcorp Energy India Ltd,Delisted,F ,500000.00,INE460M14271, ,Commercial Papers,-,-,-,-
723258,GIC Housing Finance Ltd.,GICHFL4822,GIC Housing Finance Ltd,Delisted,F ,500000.00,INE289B14IA5, ,Commercial Papers,-,-,-,-
723259,360 ONE Prime Limited,IIFLWPL3822,IIFL Wealth Prime Ltd,Delisted,F ,500000.00,INE248U14LL2, ,Commercial Papers,-,-,-,-
723260,Infina Finance Private Limited,IFPL4822,Infina Finance Pvt Ltd,Delisted,F ,500000.00,INE879F14FZ7, ,Commercial Papers,-,-,-,-
723261,J.K. CEMENT LTD,JKCL03822,JK CEMENT LTD,Delisted,F ,500000.00,INE823G14777, ,Commercial Papers,-,-,-,-
723262,Adani Enterprises Ltd.,AEL3822,Adani Enterprises Ltd,Delisted,F ,500000.00,INE423A14RJ4, ,Commercial Papers,-,-,-,-
723263,National Fertilizers Ltd.,NFL040822,National Fertilizers Ltd,Delisted,F ,500000.00,INE870D14DZ6, ,Commercial Papers,-,-,-,-
723264,Network 18 Media & Investments Limited,NMIL05822,Network 18 Media & Investments Ltd,Delisted,F ,500000.00,INE870H14OL4, ,Commercial Papers,-,-,-,-
723265,HDFC Credila Financial Services Ltd,HCFSL5822,HDFC Credila Financial Services Ltd,Delisted,F ,500000.00,INE539K14AT1, ,Commercial Papers,-,-,-,-
723266,TV18 Broadcast Ltd.,TBL050822,TV18 Broadcast Ltd,Delisted,F ,500000.00,INE886H14HL4, ,Commercial Papers,-,-,-,-
723267,BOBCARD LIMITED,BOBFSL5822,BOB Financial Solutions Ltd,Delisted,F ,500000.00,INE027214274, ,Commercial Papers,-,-,-,-
723268,Reliance Jio Infocomm Limited,RJIL5822,Reliance Jio Infocomm Ltd,Delisted,F ,500000.00,INE110L14QX7, ,Commercial Papers,-,-,-,-
723269,J.K. CEMENT LTD,JKCL5822,JK CEMENT LTD,Delisted,F ,500000.00,INE823G14793, ,Commercial Papers,-,-,-,-
723270,NLC Tamilnadu Power Limited,NLCTPL5822,NLC Tamilnadu Power Ltd,Delisted,F ,500000.00,INE05C614246, ,Commercial Papers,-,-,-,-
723271,Tata Power Co. Ltd,TPCL5822,Tata Power Co Ltd,Delisted,F ,500000.00,INE245A14GO4, ,Commercial Papers,-,-,-,-
723272,J.K. CEMENT LTD,JKCL050822,JK CEMENT LTD,Delisted,F ,500000.00,INE823G14785, ,Commercial Papers,-,-,-,-
723273,Larsen & Toubro Limited,LTL050822,Larsen & Toubro Ltd,Delisted,F ,500000.00,INE018A14IU8, ,Commercial Papers,-,-,-,-
723274,Larsen & Toubro Limited,LTL050822A,Larsen & Toubro Ltd,Delisted,F ,500000.00,INE018A14IT0, ,Commercial Papers,-,-,-,-
723275,Network 18 Media & Investments Limited,NMIL080822,NMIL-27-10-22-CP,Delisted,F ,500000.00,INE870H14OM2, ,Commercial Papers,-,-,-,-
723276,TATA STEEL LIMITED,TSL2882022,TSL-9-12-22-CP,Delisted,F ,500000.00,INE081A14DG6, ,Commercial Papers,-,-,-,-
723277,Larsen & Toubro Limited,LTL080822,LTL-31-10-22-CP,Delisted,F ,500000.00,INE018A14IV6, ,Commercial Papers,-,-,-,-
723278,Motilal Oswal Financial Services Limited,MOFSL5822,MOFSL-9-12-22-CP,Delisted,F ,500000.00,INE338I14DN9, ,Commercial Papers,-,-,-,-
723279,TATA STEEL LIMITED,TSL08082022,TSL-07-10-22-CP,Delisted,F ,500000.00,INE081A14DH4, ,Commercial Papers,-,-,-,-
723280,Pilani Investment And Industries Corporation Limited,PICL80822,PICL-07-11-22-CP,Delisted,F ,500000.00,INE417C14371, ,Commercial Papers,-,-,-,-
723281,HDFC Credila Financial Services Ltd,HDFCCFS8822,HDFCCFSL-7-11-22-CP,Delisted,F ,500000.00,INE539K14AS3, ,Commercial Papers,-,-,-,-
723282,Indian Oil Corporation Ltd.,IOCL8822,IOCl-23-9-22-CP,Delisted,F ,500000.00,INE242A14WW1, ,Commercial Papers,-,-,-,-
723283,Larsen & Toubro Limited,LTL100822,LTL-30-11-22-CP,Delisted,F ,500000.00,INE018A14IW4, ,Commercial Papers,-,-,-,-
723284,Julius Baer Capital (India) Private Limited,JBC100822,JBC-9-11-22-CP,Delisted,F ,500000.00,INE824H14IR0, ,Commercial Papers,-,-,-,-
723285,birla Group Holdings Private Limited,BGHPL100822,BGHPL-9-11-22-CP,Delisted,F ,500000.00,INE09OL14BC5, ,Commercial Papers,-,-,-,-
723286,Pilani Investment And Industries Corporation Limited,PIAICL10822,PIAICL-9-11-22-CP,Delisted,F ,500000.00,INE417C14363, ,Commercial Papers,-,-,-,-
723287,Kotak Mahindra Prime Limited,KMPL10822,KMP-7-8-23-CP,Delisted,F ,500000.00,INE916D141J5, ,Commercial Papers,-,-,-,-
723288,ONGC Petro additions Limited.,OPAL10822,OPAL-6-2-23-CP,Delisted,F ,500000.00,INE163N14279, ,Commercial Papers,-,-,-,-
723289,STANDARD CHARTERED CAPITAL LIMITED,SCCL110822,SCCL-7-4-23-CP,Delisted,F ,500000.00,INE403G14PU4, ,Commercial Papers,-,-,-,-
723290,Reliance Retail Ventures Limited,RRVL10822,RRVL-7-11-22-CP,Delisted,F ,500000.00,INE929O14719, ,Commercial Papers,-,-,-,-
723291,Network 18 Media & Investments Limited,NMIL110822,NMIL-7-11-22-CP,Delisted,F ,500000.00,INE870H14OO8, ,Commercial Papers,-,-,-,-
723292,Infina Finance Private Limited,IFPL110822,IFPL-7-11-22-CP,Delisted,F ,500000.00,INE879F14GD2, ,Commercial Papers,-,-,-,-
723293,Navi Finserv Limited,NFL10822,NFL-9-12-22-CP,Delisted,F ,500000.00,INE342T14250, ,Commercial Papers,-,-,-,-
723294,TV18 Broadcast Ltd.,TV18BL11822,TV18BL-7-11-22-CP,Delisted,F ,500000.00,INE886H14HO8, ,Commercial Papers,-,-,-,-
723295,Indian Oil Corporation Ltd.,IOCL11822,IOCL-28-9-22-CP,Delisted,F ,500000.00,INE242A14WX9, ,Commercial Papers,-,-,-,-
723296,TV18 Broadcast Ltd.,TV18B11822A,TV18BL-27-10-22-CP,Delisted,F ,500000.00,INE886H14HM2, ,Commercial Papers,-,-,-,-
723297,CaratLane Trading Private Limited,CTPL11822,CTPL-9-11-22-CP,Delisted,F ,500000.00,INE015Y14302, ,Commercial Papers,-,-,-,-
723298,Kotak Securities Limited,KSL12822,KSL-4-11-22-CP,Delisted,F ,500000.00,INE028E14KO8, ,Commercial Papers,-,-,-,-
723299,L&T Metro Rail (Hyderabad) Limited,LTMRH12822,LTMRHL-2-11-22-CP,Delisted,F ,500000.00,INE128M14159, ,Commercial Papers,-,-,-,-
723300,Bajaj Financial Securities Limited,BFSL12822,BFSL-11-11-22-CP,Delisted,F ,500000.00,INE01C314296, ,Commercial Papers,-,-,-,-
723301,Network 18 Media & Investments Limited,N18MIL12822,N18MIL-9-11-22-CP,Delisted,F ,500000.00,INE870H14ON0, ,Commercial Papers,-,-,-,-
723302,Julius Baer Capital (India) Private Limited,JBCPL12822,JBCPL-7-11-22-CP,Delisted,F ,500000.00,INE824H14IT6, ,Commercial Papers,-,-,-,-
723303,Julius Baer Capital (India) Private Limited,JBCPL120822,JBCPL-11-11-22-CP,Delisted,F ,500000.00,INE824H14IS8, ,Commercial Papers,-,-,-,-
723304,TV18 Broadcast Ltd.,TV18BL12822,TV18BL-11-11-22-CP,Delisted,F ,500000.00,INE886H14HN0, ,Commercial Papers,-,-,-,-
723305,TATA STEEL LIMITED,TSL12822,TSL-11-11-22-CP,Delisted,F ,500000.00,INE081A14DJ0, ,Commercial Papers,-,-,-,-
723306,TATA STEEL LIMITED,TSL120822,TSL-12-9-22-CP,Delisted,F ,500000.00,INE081A14DK8, ,Commercial Papers,-,-,-,-
723307,TATA STEEL LIMITED,TSL1282022,TSL-31-1-23-CP,Delisted,F ,500000.00,INE081A14DI2, ,Commercial Papers,-,-,-,-
723308,Kotak Mahindra Prime Limited,KMPL12822,KMPL-5-7-23-CP,Delisted,F ,500000.00,INE916D141K3, ,Commercial Papers,-,-,-,-
723309,ICICI Securities Limited,ISEC12822,ISEC-31-10-22-CP,Delisted,F ,500000.00,INE763G14MX2, ,Commercial Papers,-,-,-,-
723310,ICICI Securities Limited,ISEC120822,ISEC-4-11-22-CP,Delisted,F ,500000.00,INE763G14MZ7, ,Commercial Papers,-,-,-,-
723311,ICICI Securities Limited,ISEC1282022,ISEC-9-11-22-CP,Delisted,F ,500000.00,INE763G14MY0, ,Commercial Papers,-,-,-,-
723312,ICICI Securities Limited,ISECL12822,ISEC-11-11-22-CP,Delisted,F ,500000.00,INE763G14NA8, ,Commercial Papers,-,-,-,-
723313,Indian Oil Corporation Ltd.,IOCL12822,IOCL-30-9-22-CP,Delisted,F ,500000.00,INE242A14WY7, ,Commercial Papers,-,-,-,-
723314,HDFC Securities Limited,HSEC12822,HSEC-11-11-22-CP,Delisted,F ,500000.00,INE700G14CR7, ,Commercial Papers,-,-,-,-
723315,Indian Oil Corporation Ltd.,IOCL120822,IOCL-10-10-22-CP,Delisted,F ,500000.00,INE242A14WZ4, ,Commercial Papers,-,-,-,-
723316,Fedbank Financial Services Limited,FFSL11822,FFSL-10-11-22-CP,Delisted,F ,500000.00,INE007N14DG4, ,Commercial Papers,-,-,-,-
723317,SEIL Energy India Limited,SEIL12822,SEIL-23-9-22-CP,Delisted,F ,500000.00,INE460M14289, ,Commercial Papers,-,-,-,-
723318,SEIL Energy India Limited,SEIL120822,SEIL-8-9-22-CP,Delisted,F ,500000.00,INE460M14297, ,Commercial Papers,-,-,-,-
723319,Manappuram Finance Limited,MFL120822,MFL-28-10-22-CP,Delisted,F ,500000.00,INE522D14NU3, ,Commercial Papers,-,-,-,-
723320,Manappuram Finance Limited,MFL12822,MFL-31-10-22-CP,Delisted,F ,500000.00,INE522D14NT5, ,Commercial Papers,-,-,-,-
723321,360 ONE Prime Limited,IIFLWP12822,IIFLWPL-10-11-22-CP,Delisted,F ,500000.00,INE248U14LM0, ,Commercial Papers,-,-,-,-
723322,Kotak Securities Limited,KSL170822,KSL-14-2-23-CP,Delisted,F ,500000.00,INE028E14KP5, ,Commercial Papers,-,-,-,-
723323,HDFC Securities Limited,HSL170822,HSL-16-11-22-CP,Delisted,F ,500000.00,INE700G14CT3, ,Commercial Papers,-,-,-,-
723324,birla Group Holdings Private Limited,BGHPL17822,BGHPL-16-11-22-CP,Delisted,F ,500000.00,INE09OL14BD3, ,Commercial Papers,-,-,-,-
723325,Julius Baer Capital (India) Private Limited,JBC170822,JBC-16-8-23-CP,Delisted,F ,500000.00,INE824H14IU4, ,Commercial Papers,-,-,-,-
723326,Shree Cements Ltd.,SCL170822,Shree Cements Ltd,Delisted,F ,500000.00,INE070A14646, ,Commercial Papers,-,-,-,-
723327,Bajaj Financial Securities Limited,BFSL170822,Bajaj Financial Securities Ltd,Delisted,F ,500000.00,INE01C314288, ,Commercial Papers,-,-,-,-
723328,Indian Oil Corporation Ltd.,IOCL17822,Indian Oil Corporation Ltd,Delisted,F ,500000.00,INE242A14XB3, ,Commercial Papers,-,-,-,-
723329,Indian Oil Corporation Ltd.,IOCL170822,Indian Oil Corporation Ltd,Delisted,F ,500000.00,INE242A14XA5, ,Commercial Papers,-,-,-,-
723330,birla Group Holdings Private Limited,BGHPL18822,birla Group Holdings Pvt Ltd,Delisted,F ,500000.00,INE09OL14BE1, ,Commercial Papers,-,-,-,-
723331,HDFC Securities Limited,HSL180822,HDFC Securities Ltd,Delisted,F ,500000.00,INE700G14CS5, ,Commercial Papers,-,-,-,-
723332,Axis Finance Limited,AFL180822,Axis Finance Ltd,Delisted,F ,500000.00,INE891K14LR7, ,Commercial Papers,-,-,-,-
723333,HDFC Bank Ltd.,HDFCB18822,HDFC Bank Ltd ,Delisted,F ,500000.00,INE040A14029, ,Commercial Papers,-,-,-,-
723334,Motilal Oswal Financial Services Limited,MOFSL17822,Motilal Oswal Financial Services Ltd,Delisted,F ,500000.00,INE338I14DO7, ,Commercial Papers,-,-,-,-
723335,TATA INTERNATIONAL LIMITED,TIL17822,TATA INTERNATIONAL Ltd,Delisted,F ,500000.00,INE751F14400, ,Commercial Papers,-,-,-,-
723336,Motilal Oswal Finvest Limited,MOFL18822,Motilal Oswal Finvest Ltd,Delisted,F ,500000.00,INE01WN14595, ,Commercial Papers,-,-,-,-
723337,Kotak Mahindra Prime Limited,KMPL19822,Kotak Mahindra Prime Ltd,Delisted,F ,500000.00,INE916D141M9, ,Commercial Papers,-,-,-,-
723338,TATA STEEL LIMITED,TSL190822,TATA STEEL Ltd,Delisted,F ,500000.00,INE081A14DL6, ,Commercial Papers,-,-,-,-
723339,Kotak Mahindra Prime Limited,KMPL19822A,Kotak Mahindra Prime Ltd,Delisted,F ,500000.00,INE916D141L1, ,Commercial Papers,-,-,-,-
723340,Larsen & Toubro Limited,LTL190822,Larsen & Toubro Ltd,Delisted,F ,500000.00,INE018A14IX2, ,Commercial Papers,-,-,-,-
723341,Housing Development Finance Corp.Lt,HDFCL19822,Housing Development Finance CorpLt,Delisted,F ,500000.00,INE001A14ZF9, ,Commercial Papers,-,-,-,-
723342,Adani Enterprises Ltd.,AEL180822,Adani Enterprises Ltd,Delisted,F ,500000.00,INE423A14RN6, ,Commercial Papers,-,-,-,-
723343,HDFC Securities Limited,HSL220822,HDFC Securities Ltd,Delisted,F ,500000.00,INE700G14CV9, ,Commercial Papers,-,-,-,-
723344,birla Group Holdings Private Limited,BGHPL220822,birla Group Holdings Pvt Ltd,Delisted,F ,500000.00,INE09OL14BF8, ,Commercial Papers,-,-,-,-
723345,Tata Power Co. Ltd,TPCL220822,Tata Power Co Ltd,Delisted,F ,500000.00,INE245A14GP1, ,Commercial Papers,-,-,-,-
723346,TATA STEEL LIMITED,TSL22822,TATA STEEL Ltd,Delisted,F ,500000.00,INE081A14DM4, ,Commercial Papers,-,-,-,-
723347,Bajaj Finance Limited,BFL19822,Bajaj Finance Ltd,Delisted,F ,500000.00,INE296A14TJ0, ,Commercial Papers,-,-,-,-
723348,Godrej Housing Finance Limited,GHFL220822,Godrej Housing Finance Ltd,Delisted,F ,500000.00,INE02JD14120, ,Commercial Papers,-,-,-,-
723349,Hindustan Media Ventures Limited,HMVL19822,Hindustan Media Ventures Ltd,Delisted,F ,500000.00,INE871K14299, ,Commercial Papers,-,-,-,-
723350,ICICI HOME FINANCE COMPANY LIMITED,IHFCL220822,ICICI HOME FINANCE COMPANY Ltd,Delisted,F ,500000.00,INE071G14EC1, ,Commercial Papers,-,-,-,-
723351,Hindustan Media Ventures Limited,HMVL19822A,Hindustan Media Ventures Ltd,Delisted,F ,500000.00,INE871K14307, ,Commercial Papers,-,-,-,-
723352,Godrej Finance Limited,GFL220822,Godrej Finance Ltd,Delisted,F ,500000.00,INE02KN14010, ,Commercial Papers,-,-,-,-
723353,BOBCARD LIMITED,BFSL220822,BOB Financial Solutions Ltd,Delisted,F ,500000.00,INE027214282, ,Commercial Papers,-,-,-,-
723354,APL Apollo Tubes Limited,APLTL220822,APL Apollo Tubes Ltd,Delisted,F ,500000.00,INE702C14BX2, ,Commercial Papers,-,-,-,-
723355,360 ONE WAM LIMITED,OWL220822,IIFL Wealth Management Ltd,Delisted,F ,500000.00,INE466L14BD7, ,Commercial Papers,-,-,-,-
723356,Julius Baer Capital (India) Private Limited,JBCIP230822,Julius Baer Capital (India) Pvt Ltd,Delisted,F ,500000.00,INE824H14IV2, ,Commercial Papers,-,-,-,-
723357,360 ONE Prime Limited,IIFL220822,IIFL Wealth Prime Ltd,Delisted,F ,500000.00,INE248U14LN8, ,Commercial Papers,-,-,-,-
723358,Dalmia Cement (Bharat) Limited,DCL23822,Dalmia Cement (Bharat) Ltd,Delisted,F ,500000.00,INE755K14EJ6, ,Commercial Papers,-,-,-,-
723359,J.K. CEMENT LTD,JKCL23822,JK CEMENT LTD,Delisted,F ,500000.00,INE823G14801, ,Commercial Papers,-,-,-,-
723360,Asirvad Microfinance Limited,AML23822,Asirvad Microfinance Ltd,Delisted,F ,500000.00,INE516Q14206, ,Commercial Papers,-,-,-,-
723361,Asirvad Microfinance Limited,AML23822A,Asirvad Microfinance Ltd,Delisted,F ,500000.00,INE516Q14214, ,Commercial Papers,-,-,-,-
723362,Julius Baer Capital (India) Private Limited,JBCIPL23822,Julius Baer Capital (India) Pvt Ltd,Delisted,F ,500000.00,INE824H14IW0, ,Commercial Papers,-,-,-,-
723363,APL Apollo Tubes Limited,APLATL23822,APL Apollo Tubes Ltd,Delisted,F ,500000.00,INE702C14BY0, ,Commercial Papers,-,-,-,-
723364,Bajaj Finance Limited,BFL22822,Bajaj Finance Ltd,Delisted,F ,500000.00,INE296A14TL6, ,Commercial Papers,-,-,-,-
723365,Adani Enterprises Ltd.,AEL22082022,Adani Enterprises Ltd,Delisted,F ,500000.00,INE423A14RO4, ,Commercial Papers,-,-,-,-
723366,360 ONE Prime Limited,IWPL23822,IIFL Wealth Prime Ltd,Delisted,F ,500000.00,INE248U14LO6, ,Commercial Papers,-,-,-,-
723367,Motilal Oswal Finvest Limited,MOFL240822,Motilal Oswal Finvest Ltd,Delisted,F ,500000.00,INE01WN14603, ,Commercial Papers,-,-,-,-
723368,Axis Securities Limited,ASL24822,Axis Securities Ltd,Delisted,F ,500000.00,INE110O14708, ,Commercial Papers,-,-,-,-
723369,Sharekhan Limited,SL24822,Sharekhan Ltd,Delisted,F ,500000.00,INE211H14419, ,Commercial Papers,-,-,-,-
723370,Godrej Housing Finance Limited,GHFL24822,Godrej Housing Finance Ltd,Delisted,F ,500000.00,INE02JD14138, ,Commercial Papers,-,-,-,-
723371,Tata Power Co. Ltd,TPCL25822,Tata Power Co Ltd,Delisted,F ,500000.00,INE245A14GQ9, ,Commercial Papers,-,-,-,-
723372,Kotak Mahindra Investments Limited,KMIL25822,Kotak Mahindra Investments Ltd,Delisted,F ,500000.00,INE975F14XH4, ,Commercial Papers,-,-,-,-
723373,National Bank for Agriculture and Rural Development,NBARD25822,National Bank for Agriculture and Rural Development,Delisted,F ,500000.00,INE261F14JA3, ,Commercial Papers,-,-,-,-
723374,KEC International Ltd.,KEC25822,KEC International Ltd,Delisted,F ,500000.00,INE389H14IO1, ,Commercial Papers,-,-,-,-
723375,Kotak Mahindra Prime Limited,KMPL25822,Kotak Mahindra Prime Ltd,Delisted,F ,500000.00,INE916D141N7, ,Commercial Papers,-,-,-,-
723376,Julius Baer Capital (India) Private Limited,JBCPL25822,Julius Baer Capital (India) Pvt Ltd,Delisted,F ,500000.00,INE824H14IX8, ,Commercial Papers,-,-,-,-
723377,Julius Baer Capital (India) Private Limited,JBCPL250822,Julius Baer Capital (India) Pvt Ltd,Delisted,F ,500000.00,INE824H14IY6, ,Commercial Papers,-,-,-,-
723378,SBICAP Securities Limited,SCAP25822,SBICAP Securities Ltd,Delisted,F ,500000.00,INE212K14056, ,Commercial Papers,-,-,-,-
723379,HDFC Securities Limited,HSEC25822,HDFC Securities Ltd,Delisted,F ,500000.00,INE700G14CU1, ,Commercial Papers,-,-,-,-
723380,GIC Housing Finance Ltd.,GIC25822,GIC Housing Finance Ltd,Delisted,F ,500000.00,INE289B14IB3, ,Commercial Papers,-,-,-,-
723381,Reliance Retail Ventures Limited,RRVL25822,Reliance Retail Ventures Ltd,Delisted,F ,500000.00,INE929O14727, ,Commercial Papers,-,-,-,-
723382,Reliance Retail Ventures Limited,RRVL250822,Reliance Retail Ventures Ltd,Delisted,F ,500000.00,INE929O14735, ,Commercial Papers,-,-,-,-
723383,POONAWALLA FINCORP LIMITED,PFL25822,POONAWALLA FINCORP Ltd,Delisted,F ,500000.00,INE511C14US7, ,Commercial Papers,-,-,-,-
723384,ŠKODA AUTO Volkswagen India Private Limited,SKODA24822,ŠKODA AUTO Volkswagen India Pvt Ltd,Delisted,F ,500000.00,INE04TA14253, ,Commercial Papers,-,-,-,-
723385,HDFC Securities Limited,HSL260822,HDFC Securities Ltd,Delisted,F ,500000.00,INE700G14CW7, ,Commercial Papers,-,-,-,-
723386,HDFC Securities Limited,HSL260822A,HDFC Securities Ltd,Delisted,F ,500000.00,INE700G14CX5, ,Commercial Papers,-,-,-,-
723387,Sharekhan BNP Paribas Financial Services Limited,SBNP260822,Sharekhan BNP Paribas Financial Services Ltd,Delisted,F ,500000.00,INE550X14938, ,Commercial Papers,-,-,-,-
723388,Century Textiles & Industries Ltd.,CTIL26822,Century Textiles & Industries Ltd,Delisted,F ,500000.00,INE055A14JE2, ,Commercial Papers,-,-,-,-
723389,ŠKODA AUTO Volkswagen India Private Limited,SVPL260822,ŠKODA AUTO Volkswagen India Pvt Ltd,Delisted,F ,500000.00,INE04TA14261, ,Commercial Papers,-,-,-,-
723390,Tata Power Co. Ltd,TPCL26822,Tata Power Co Ltd,Delisted,F ,500000.00,INE245A14GR7, ,Commercial Papers,-,-,-,-
723391,Northern Arc Capital Ltd.,NACL250822,Northern Arc Capital Ltd,Delisted,F ,500000.00,INE850M14BC2, ,Commercial Papers,-,-,-,-
723392,Redington Limited,RL250822,Redington Ltd,Delisted,F ,500000.00,INE891D14VQ3, ,Commercial Papers,-,-,-,-
723393,ŠKODA AUTO Volkswagen India Private Limited,SVIPL26822,ŠKODA AUTO Volkswagen India Pvt Ltd,Delisted,F ,500000.00,INE04TA14279, ,Commercial Papers,-,-,-,-
723394,Kotak Securities Limited,KSL260822,Kotak Securities Ltd,Delisted,F ,500000.00,INE028E14KQ3, ,Commercial Papers,-,-,-,-
723395,Indian Oil Corporation Ltd.,IOCL26822,Indian Oil Corporation Ltd,Delisted,F ,500000.00,INE242A14XD9, ,Commercial Papers,-,-,-,-
723396,Indian Oil Corporation Ltd.,IOCL260822,Indian Oil Corporation Ltd,Delisted,F ,500000.00,INE242A14XC1, ,Commercial Papers,-,-,-,-
723397,Kotak Mahindra Investments Limited,KMIL26822,Kotak Mahindra Investments Ltd,Delisted,F ,500000.00,INE975F14XI2, ,Commercial Papers,-,-,-,-
723398,The Ramco Cements Limited,TRCL260822,The Ramco Cements Ltd,Delisted,F ,500000.00,INE331A14MO0, ,Commercial Papers,-,-,-,-
723399,TV18 Broadcast Ltd.,TVBL29822,TV18 Broadcast Ltd,Delisted,F ,500000.00,INE886H14HP5, ,Commercial Papers,-,-,-,-
723400,Reliance Retail Ventures Limited,RRVL26822,Reliance Retail Ventures Ltd,Delisted,F ,500000.00,INE929O14768, ,Commercial Papers,-,-,-,-
723401,Reliance Retail Ventures Limited,RRVL29822,Reliance Retail Ventures Ltd,Delisted,F ,500000.00,INE929O14750, ,Commercial Papers,-,-,-,-
723402,Network 18 Media & Investments Limited,NMIL290822,Network 18 Media & Investments Ltd,Delisted,F ,500000.00,INE870H14OQ3, ,Commercial Papers,-,-,-,-
723403,STANDARD CHARTERED CAPITAL LIMITED,SCCL29822,STANDARD CHARTERED CAPITAL Ltd,Delisted,F ,500000.00,INE403G14PV2, ,Commercial Papers,-,-,-,-
723404,Network 18 Media & Investments Limited,NMIL290822A,Network 18 Media & Investments Ltd,Delisted,F ,500000.00,INE870H14OP5, ,Commercial Papers,-,-,-,-
723405,STANDARD CHARTERED CAPITAL LIMITED,SCCL29822A,STANDARD CHARTERED CAPITAL Ltd,Delisted,F ,500000.00,INE403G14PW0, ,Commercial Papers,-,-,-,-
723406,Redington Limited,RL29822,Redington Ltd,Delisted,F ,500000.00,INE891D14VP5, ,Commercial Papers,-,-,-,-
723407,Axis Securities Limited,ASL29822,Axis Securities Ltd,Delisted,F ,500000.00,INE110O14716, ,Commercial Papers,-,-,-,-
723408,TRUST INVESTMENT ADVISORS PRIVATE LIMITED,TIAPL26822,TRUST INVESTMENT ADVISORS Pvt Ltd,Delisted,F ,500000.00,INE723X14CH5, ,Commercial Papers,-,-,-,-
723409,KEC International Ltd.,KECIL26822,KEC International Ltd,Delisted,F ,500000.00,INE389H14IN3, ,Commercial Papers,-,-,-,-
723410,Sterlite Technologies Limited.,STL290822,Sterlite Technologies Ltd,Delisted,F ,500000.00,INE089C14CC6, ,Commercial Papers,-,-,-,-
723411,Housing Development Finance Corp.Lt,HDFC290822,Housing Development Finance CorpLt,Delisted,F ,500000.00,INE001A14ZG7, ,Commercial Papers,-,-,-,-
723412,HDFC Bank Ltd.,HDFCB290822,HDFC Bank Ltd ,Delisted,F ,500000.00,INE040A14037, ,Commercial Papers,-,-,-,-
723413,Bajaj Finance Limited,BFL260822,Bajaj Finance Ltd,Delisted,F ,500000.00,INE296A14TK8, ,Commercial Papers,-,-,-,-
723414,360 ONE Prime Limited,IWPL29822,IIFL Wealth Prime Ltd,Delisted,F ,500000.00,INE248U14LQ1, ,Commercial Papers,-,-,-,-
723415,Reliance Retail Ventures Limited,RRVL30822,Reliance Retail Ventures Ltd,Delisted,F ,500000.00,INE929O14743, ,Commercial Papers,-,-,-,-
723416,Sun Petrochemicals Private Limited,SPPL30822,Sun Petrochemicals Pvt Ltd,Delisted,F ,500000.00,INE0IWA14044, ,Commercial Papers,-,-,-,-
723417,SIKKA PORTS & TERMINALS LTD,SPTL30822,SIKKA PORTS & TERMINALS LTD,Delisted,F ,500000.00,INE941D14220, ,Commercial Papers,-,-,-,-
723418,Aarti Industries Ltd,AIL30822,Aarti Industries Ltd,Delisted,F ,500000.00,INE769A14759, ,Commercial Papers,-,-,-,-
723419,Julius Baer Capital (India) Private Limited,JBCPL30822,Julius Baer Capital (India) Pvt Ltd,Delisted,F ,500000.00,INE824H14IZ3, ,Commercial Papers,-,-,-,-
723420,TV18 Broadcast Ltd.,TV18BL30822,TV18 Broadcast Ltd,Delisted,F ,500000.00,INE886H14HQ3, ,Commercial Papers,-,-,-,-
723421,Godrej Housing Finance Limited,GHFL30822,Godrej Housing Finance Ltd,Delisted,F ,500000.00,INE02JD14146, ,Commercial Papers,-,-,-,-
723422,Northern Arc Capital Ltd.,NACL29822,Northern Arc Capital Ltd,Delisted,F ,500000.00,INE850M14BD0, ,Commercial Papers,-,-,-,-
723423,Fedbank Financial Services Limited,FFSL30822,Fedbank Financial Services Ltd,Delisted,F ,500000.00,INE007N14DH2, ,Commercial Papers,-,-,-,-
723424,Dalmia Cement (Bharat) Limited,DCBL29822,Dalmia Cement (Bharat) Ltd,Delisted,F ,500000.00,INE755K14EK4, ,Commercial Papers,-,-,-,-
723425,Indian Oil Corporation Ltd.,IOCL30822,Indian Oil Corporation Ltd,Delisted,F ,500000.00,INE242A14XE7, ,Commercial Papers,-,-,-,-
723426,Bajaj Finance Limited,BFL29822,Bajaj Finance Ltd,Delisted,F ,500000.00,INE296A14TM4, ,Commercial Papers,-,-,-,-
723427,Adani Ports and Special Economic Zone Ltd,APSEZ29822,Adani Ports and Special Economic Zone Ltd,Delisted,F ,500000.00,INE742F14QQ3, ,Commercial Papers,-,-,-,-
723428,360 ONE Prime Limited,IWPL30822,IIFL Wealth Prime Ltd,Delisted,F ,500000.00,INE248U14LR9, ,Commercial Papers,-,-,-,-
723429,HDFC Credila Financial Services Ltd,HCFSL30822,HDFC Credila Financial Services Ltd,Delisted,F ,500000.00,INE539K14AU9, ,Commercial Papers,-,-,-,-
723430,birla Group Holdings Private Limited,BGHPL30822,birla Group Holdings Pvt Ltd,Delisted,F ,500000.00,INE09OL14BG6, ,Commercial Papers,-,-,-,-
723431,L&T Metro Rail (Hyderabad) Limited,LTMRL30822,L&T Metro Rail (Hyderabad) Ltd,Delisted,F ,500000.00,INE128M14167, ,Commercial Papers,-,-,-,-
723432,Lendingkart Finance Limited,LFL30822,Lendingkart Finance Ltd,Delisted,F ,500000.00,INE090W14127, ,Commercial Papers,-,-,-,-
723433,ICICI Securities Limited,ISEC30822,ICICI Securities Ltd,Delisted,F ,500000.00,INE763G14NB6, ,Commercial Papers,-,-,-,-
723434,BOBCARD LIMITED,BOBFS30822,BOB Financial Solutions Ltd,Delisted,F ,500000.00,INE027214290, ,Commercial Papers,-,-,-,-
723435,The Ramco Cements Limited,RCL30822,The Ramco Cements Ltd,Delisted,F ,500000.00,INE331A14MP7, ,Commercial Papers,-,-,-,-
723436,Adani Ports and Special Economic Zone Ltd,APSEZ30822,Adani Ports and Special Economic Zone Ltd,Delisted,F ,500000.00,INE742F14QP5, ,Commercial Papers,-,-,-,-
723437,Adani Ports and Special Economic Zone Ltd,APSEZ300822,Adani Ports and Special Economic Zone Ltd,Delisted,F ,500000.00,INE742F14QO8, ,Commercial Papers,-,-,-,-
723438,Motilal Oswal Finvest Limited,MOFL1922,Motilal Oswal Finvest Ltd,Delisted,F ,500000.00,INE01WN14611, ,Commercial Papers,-,-,-,-
723439,Bharat Petroleum Corpn. Ltd.,BPCL01922,Bharat Petroleum Corpn Ltd,Delisted,F ,500000.00,INE029A14BR6, ,Commercial Papers,-,-,-,-
723440,The Ramco Cements Limited,TRCL010922,The Ramco Cements Ltd,Delisted,F ,500000.00,INE331A14MQ5, ,Commercial Papers,-,-,-,-
723441,HDFC Bank Ltd.,HDFCB2922,HDFC Bank Ltd ,Delisted,F ,500000.00,INE040A14045, ,Commercial Papers,-,-,-,-
723442,POONAWALLA FINCORP LIMITED,PFL020922,POONAWALLA FINCORP Ltd,Delisted,F ,500000.00,INE511C14UT5, ,Commercial Papers,-,-,-,-
723443,Sterlite Technologies Limited.,STL02922,Sterlite Technologies Ltd,Delisted,F ,500000.00,INE089C14CD4, ,Commercial Papers,-,-,-,-
723444,KEC International Ltd.,KIL020922,KEC International Ltd,Delisted,F ,500000.00,INE389H14IM5, ,Commercial Papers,-,-,-,-
723445,360 ONE Prime Limited,IWPL010922,IIFL Wealth Prime Ltd,Delisted,F ,500000.00,INE248U14LS7, ,Commercial Papers,-,-,-,-
723446,Fedbank Financial Services Limited,FFSL010922,Fedbank Financial Services Ltd,Delisted,F ,500000.00,INE007N14DI0, ,Commercial Papers,-,-,-,-
723447,360 ONE WAM LIMITED,OWL5922,360 ONE WAM LTD,Delisted,F ,500000.00,INE466L14BE5, ,Commercial Papers,-,-,-,-
723448,360 ONE WAM LIMITED,OWL05922,360 ONE WAM LTD,Delisted,F ,500000.00,INE466L14BF2, ,Commercial Papers,-,-,-,-
723449,STANDARD CHARTERED CAPITAL LIMITED,SCCL5922,STANDARD CHARTERED CAPITAL Ltd,Delisted,F ,500000.00,INE403G14PX8, ,Commercial Papers,-,-,-,-
723450,HDFC Securities Limited,HSEC5922,HDFC Securities Ltd,Delisted,F ,500000.00,INE700G14CY3, ,Commercial Papers,-,-,-,-
723451,CaratLane Trading Private Limited,CTPL5922,CaratLane Trading Pvt Ltd,Delisted,F ,500000.00,INE015Y14310, ,Commercial Papers,-,-,-,-
723452,ICICI Securities Limited,ISEC5922,ICICI Securities Ltd,Delisted,F ,500000.00,INE763G14NC4, ,Commercial Papers,-,-,-,-
723453,ICICI Securities Limited,ISEC05922,ICICI Securities Ltd,Delisted,F ,500000.00,INE763G14ND2, ,Commercial Papers,-,-,-,-
723454,Tata Power Co. Ltd,TPCL5922,Tata Power Co Ltd,Delisted,F ,500000.00,INE245A14GS5, ,Commercial Papers,-,-,-,-
723455,Nuvama Wealth Finance Limited,EFIL5922,Edelweiss Finance & Investments Ltd,Delisted,F ,500000.00,INE918K14843, ,Commercial Papers,-,-,-,-
723456,HDFC Credila Financial Services Ltd,HCFSL5922,HDFC Credila Financial Services Ltd,Delisted,F ,500000.00,INE539K14AV7, ,Commercial Papers,-,-,-,-
723457,HDFC Securities Limited,HSEC05922,HDFC Securities Ltd,Delisted,F ,500000.00,INE700G14DA1, ,Commercial Papers,-,-,-,-
723458,Axis Securities Limited,ASL5922,Axis Securities Ltd,Delisted,F ,500000.00,INE110O14724, ,Commercial Papers,-,-,-,-
723459,Kotak Securities Limited,KSL060922,Kotak Securities Ltd,Delisted,F ,500000.00,INE028E14KR1, ,Commercial Papers,-,-,-,-
723460,360 ONE WAM LIMITED,OWL050922,360 ONE WAM LTD,Delisted,F ,500000.00,INE466L14BG0, ,Commercial Papers,-,-,-,-
723461,HDFC Securities Limited,HDFCSL6922,HDFC Securities Ltd,Delisted,F ,500000.00,INE700G14CZ0, ,Commercial Papers,-,-,-,-
723462,Bajaj Financial Securities Limited,BFSL050922,Bajaj Financial Securities Ltd,Delisted,F ,500000.00,INE01C314304, ,Commercial Papers,-,-,-,-
723463,ICICI HOME FINANCE COMPANY LIMITED,IHFL060922,ICICI HOME FINANCE COMPANY Ltd,Delisted,F ,500000.00,INE071G14ED9, ,Commercial Papers,-,-,-,-
723464,HDFC Bank Ltd.,HDFCB060922,HDFC Bank Ltd ,Delisted,F ,500000.00,INE040A14052, ,Commercial Papers,-,-,-,-
723465,Motilal Oswal Financial Services Limited,MOFSL060922,Motilal Oswal Financial Services Ltd,Delisted,F ,500000.00,INE338I14DP4, ,Commercial Papers,-,-,-,-
723466,Godrej Housing Finance Limited,GHFL070922,Godrej Housing Finance Ltd,Delisted,F ,500000.00,INE02JD14153, ,Commercial Papers,-,-,-,-
723467,HDFC Bank Ltd.,HDFCB07922,HDFC Bank Ltd ,Delisted,F ,500000.00,INE040A14060, ,Commercial Papers,-,-,-,-
723468,Reliance Retail Ventures Limited,RRVL7922,Reliance Retail Ventures Ltd,Delisted,F ,500000.00,INE929O14784, ,Commercial Papers,-,-,-,-
723469,Reliance Retail Ventures Limited,RRVL070922,Reliance Retail Ventures Ltd,Delisted,F ,500000.00,INE929O14776, ,Commercial Papers,-,-,-,-
723470,Bajaj Finance Limited,BFL070922,Bajaj Finance Ltd,Delisted,F ,500000.00,INE296A14TO0, ,Commercial Papers,-,-,-,-
723471,ICICI Securities Limited,ISL70922,ICICI Securities Ltd,Delisted,F ,500000.00,INE763G14NE0, ,Commercial Papers,-,-,-,-
723472,360 ONE Prime Limited,IWPL070922,IIFL Wealth Prime Ltd,Delisted,F ,500000.00,INE248U14LU3, ,Commercial Papers,-,-,-,-
723473,Axis Securities Limited,ASL080922,Axis Securities Ltd,Delisted,F ,500000.00,INE110O14732, ,Commercial Papers,-,-,-,-
723474,Tata Power Co. Ltd,TPCL080922,Tata Power Co Ltd,Delisted,F ,500000.00,INE245A14GT3, ,Commercial Papers,-,-,-,-
723475,Motilal Oswal Financial Services Limited,MOFSL7922,Motilal Oswal Financial Services Ltd,Delisted,F ,500000.00,INE338I14DQ2, ,Commercial Papers,-,-,-,-
723476,Bajaj Finance Limited,BFL080922,Bajaj Finance Ltd,Delisted,F ,500000.00,INE296A14TN2, ,Commercial Papers,-,-,-,-
723477,Bombay Burmah Trading Corpn. Ltd.,BBCL8922,Bombay Burmah Trading Corpn Ltd,Delisted,F ,500000.00,INE050A14671, ,Commercial Papers,-,-,-,-
723478,birla Group Holdings Private Limited,BGHPL9922,birla Group Holdings Pvt Ltd,Delisted,F ,500000.00,INE09OL14BJ0, ,Commercial Papers,-,-,-,-
723479,National Fertilizers Ltd.,NFL090922,National Fertilizers Ltd,Delisted,F ,500000.00,INE870D14EA7, ,Commercial Papers,-,-,-,-
723480,Indian Oil Corporation Ltd.,IOCL090922,Indian Oil Corporation Ltd,Delisted,F ,500000.00,INE242A14XF4, ,Commercial Papers,-,-,-,-
723481,Reliance Jio Infocomm Limited,RJIL090922,Reliance Jio Infocomm Ltd,Delisted,F ,500000.00,INE110L14QZ2, ,Commercial Papers,-,-,-,-
723482,L&T Metro Rail (Hyderabad) Limited,LMRL090922,L&T Metro Rail (Hyderabad) Ltd,Delisted,F ,500000.00,INE128M14175, ,Commercial Papers,-,-,-,-
723483,Motilal Oswal Financial Services Limited,MOFSL8922,Motilal Oswal Financial Services Ltd,Delisted,F ,500000.00,INE338I14DR0, ,Commercial Papers,-,-,-,-
723484,Julius Baer Capital (India) Private Limited,JBCIPL8922,Julius Baer Capital (India) Pvt Ltd,Delisted,F ,500000.00,INE824H14JA4, ,Commercial Papers,-,-,-,-
723485,360 ONE Prime Limited,IIFLWPL8922,IIFL Wealth Prime Ltd,Delisted,F ,500000.00,INE248U14LV1, ,Commercial Papers,-,-,-,-
723486,360 ONE WAM LIMITED,OWL8922,IIFL Wealth Management Ltd,Delisted,F ,500000.00,INE466L14BH8, ,Commercial Papers,-,-,-,-
723487,HDFC Securities Limited,HDFCSL9922,HDFC Securities Ltd,Delisted,F ,500000.00,INE700G14DB9, ,Commercial Papers,-,-,-,-
723488,Julius Baer Capital (India) Private Limited,JBC090922,Julius Baer Capital (India) Pvt Ltd,Delisted,F ,500000.00,INE824H14JB2, ,Commercial Papers,-,-,-,-
723489,NLC Tamilnadu Power Limited,NLCTP9922,NLC Tamilnadu Power Ltd,Delisted,F ,500000.00,INE05C614253, ,Commercial Papers,-,-,-,-
723490,360 ONE WAM LIMITED,OWL9922,IIFL Wealth Management Ltd,Delisted,F ,500000.00,INE466L14BI6, ,Commercial Papers,-,-,-,-
723491,Adani Ports and Special Economic Zone Ltd,APSEZL9922,Adani Ports and Special Economic Zone Ltd,Delisted,F ,500000.00,INE742F14QS9, ,Commercial Papers,-,-,-,-
723492,birla Group Holdings Private Limited,BGHPL120922,birla Group Holdings Pvt Ltd,Delisted,F ,500000.00,INE09OL14BI2, ,Commercial Papers,-,-,-,-
723493,Tata Power Co. Ltd,TPCL120922,Tata Power Co Ltd,Delisted,F ,500000.00,INE245A14GU1, ,Commercial Papers,-,-,-,-
723494,HDFC Securities Limited,HSL120922,HDFC Securities Ltd,Delisted,F ,500000.00,INE700G14DD5, ,Commercial Papers,-,-,-,-
723495,Julius Baer Capital (India) Private Limited,JBCPL12922,Julius Baer Capital (India) Pvt Ltd,Delisted,F ,500000.00,INE824H14JC0, ,Commercial Papers,-,-,-,-
723496,Motilal Oswal Finvest Limited,MOFL120922,Motilal Oswal Finvest Ltd,Delisted,F ,500000.00,INE01WN14629, ,Commercial Papers,-,-,-,-
723497,CaratLane Trading Private Limited,CTPL120922,CaratLane Trading Pvt Ltd,Delisted,F ,500000.00,INE015Y14328, ,Commercial Papers,-,-,-,-
723498,Reliance Jio Infocomm Limited,RJIL12922,Reliance Jio Infocomm Ltd,Delisted,F ,500000.00,INE110L14RC9, ,Commercial Papers,-,-,-,-
723499,Axis Securities Limited,ASL120922,Axis Securities Ltd,Delisted,F ,500000.00,INE110O14740, ,Commercial Papers,-,-,-,-
723500,Dalmia Cement (Bharat) Limited,DCL12922,Dalmia Cement (Bharat) Ltd,Delisted,F ,500000.00,INE755K14EL2, ,Commercial Papers,-,-,-,-
723501,Sharekhan Limited,SK13922,Sharekhan Ltd,Delisted,F ,500000.00,INE211H14427, ,Commercial Papers,-,-,-,-
723502,Adani Ports and Special Economic Zone Ltd,APSEZ12922,Adani Ports and Special Economic Zone Ltd,Delisted,F ,500000.00,INE742F14QR1, ,Commercial Papers,-,-,-,-
723503,360 ONE Prime Limited,IWPL12922,IIFL Wealth Prime Ltd,Delisted,F ,500000.00,INE248U14LW9, ,Commercial Papers,-,-,-,-
723504,Sharekhan BNP Paribas Financial Services Limited,SBPFSL12922,Sharekhan BNP Paribas Financial Services Ltd,Delisted,F ,500000.00,INE550X14946, ,Commercial Papers,-,-,-,-
723505,Indian Oil Corporation Ltd.,IOCL12922,Indian Oil Corporation Ltd,Delisted,F ,500000.00,INE242A14XH0, ,Commercial Papers,-,-,-,-
723506,Indian Oil Corporation Ltd.,IOCL120922,Indian Oil Corporation Ltd,Delisted,F ,500000.00,INE242A14XG2, ,Commercial Papers,-,-,-,-
723507,Sterlite Technologies Limited.,STL13922,Sterlite Technologies Ltd,Delisted,F ,500000.00,INE089C14CE2, ,Commercial Papers,-,-,-,-
723508,HDFC Securities Limited,HSEC13922,HDFC Securities Ltd,Delisted,F ,500000.00,INE700G14DC7, ,Commercial Papers,-,-,-,-
723509,STANDARD CHARTERED CAPITAL LIMITED,SCCL13922,STANDARD CHARTERED CAPITAL Ltd,Delisted,F ,500000.00,INE403G14PY6, ,Commercial Papers,-,-,-,-
723510,Network 18 Media & Investments Limited,N18MIL14922,Network 18 Media & Investments Ltd,Delisted,F ,500000.00,INE870H14OR1, ,Commercial Papers,-,-,-,-
723511,KEC International Ltd.,KECIL14922,KEC International Ltd,Delisted,F ,500000.00,INE389H14IS2, ,Commercial Papers,-,-,-,-
723512,GIC Housing Finance Ltd.,GHFL14922,GIC Housing Finance Ltd,Delisted,F ,500000.00,INE289B14IC1, ,Commercial Papers,-,-,-,-
723513,Axis Securities Limited,ASL14922,Axis Securities Ltd,Delisted,F ,500000.00,INE110O14757, ,Commercial Papers,-,-,-,-
723514,Motilal Oswal Finvest Limited,MOFL13922,Motilal Oswal Finvest Ltd,Delisted,F ,500000.00,INE01WN14637, ,Commercial Papers,-,-,-,-
723515,National Fertilizers Ltd.,NFL140922,National Fertilizers Ltd,Delisted,F ,500000.00,INE870D14EB5, ,Commercial Papers,-,-,-,-
723516,Reliance Jio Infocomm Limited,RJIL140922,Reliance Jio Infocomm Ltd,Delisted,F ,500000.00,INE110L14RB1, ,Commercial Papers,-,-,-,-
723517,Tata Housing Development Company Limited,THDL14922,Tata Housing Development Company Ltd,Delisted,F ,500000.00,INE582L14GN9, ,Commercial Papers,-,-,-,-
723518,Reliance Jio Infocomm Limited,RJIL15922,Reliance Jio Infocomm Ltd,Delisted,F ,500000.00,INE110L14RA3, ,Commercial Papers,-,-,-,-
723519,birla Group Holdings Private Limited,BGHPL15922,birla Group Holdings Pvt Ltd,Delisted,F ,500000.00,INE09OL14BH4, ,Commercial Papers,-,-,-,-
723520,TV18 Broadcast Ltd.,TV18BL15922,TV18 Broadcast Ltd,Delisted,F ,500000.00,INE886H14HR1, ,Commercial Papers,-,-,-,-
723521,Network 18 Media & Investments Limited,N18MIL15922,Network 18 Media & Investments Ltd,Delisted,F ,500000.00,INE870H14OS9, ,Commercial Papers,-,-,-,-
723522,Kotak Securities Limited,KSL15922,Kotak Securities Ltd,Delisted,F ,500000.00,INE028E14KS9, ,Commercial Papers,-,-,-,-
723523,Nuvama Wealth Finance Limited,EFIL15922,Edelweiss Finance & Investments Ltd,Delisted,F ,500000.00,INE918K14850, ,Commercial Papers,-,-,-,-
723524,Adani Enterprises Ltd.,AEL14922,Adani Enterprises Ltd,Delisted,F ,500000.00,INE423A14RT3, ,Commercial Papers,-,-,-,-
723525,ICICI HOME FINANCE COMPANY LIMITED,IHFCL16922,ICICI HOME FINANCE COMPANY Ltd,Delisted,F ,500000.00,INE071G14EF4, ,Commercial Papers,-,-,-,-
723526,Reliance Retail Ventures Limited,RRVL16922,Reliance Retail Ventures Ltd,Delisted,F ,500000.00,INE929O14792, ,Commercial Papers,-,-,-,-
723527,Reliance Retail Ventures Limited,RRVL160922,Reliance Retail Ventures Ltd,Delisted,F ,500000.00,INE929O14800, ,Commercial Papers,-,-,-,-
723528,ICICI Securities Limited,ISEC16922,ICICI Securities Ltd,Delisted,F ,500000.00,INE763G14NF7, ,Commercial Papers,-,-,-,-
723529,Axis Securities Limited,ASL160922,Axis Securities Ltd,Delisted,F ,500000.00,INE110O14765, ,Commercial Papers,-,-,-,-
723530,Kotak Mahindra Prime Limited,KMPL16922,Kotak Mahindra Prime Ltd,Delisted,F ,500000.00,INE916D141O5, ,Commercial Papers,-,-,-,-
723531,Axis Finance Limited,AFL16922,Axis Finance Ltd,Delisted,F ,500000.00,INE891K14LS5, ,Commercial Papers,-,-,-,-
723532,CaratLane Trading Private Limited,CTPL160922,CaratLane Trading Pvt Ltd,Delisted,F ,500000.00,INE015Y14336, ,Commercial Papers,-,-,-,-
723533,Kotak Mahindra Investments Limited,KMIL16922,Kotak Mahindra Investments Ltd,Delisted,F ,500000.00,INE975F14XJ0, ,Commercial Papers,-,-,-,-
723534,ICICI HOME FINANCE COMPANY LIMITED,IHFL16922,ICICI HOME FINANCE COMPANY Ltd,Delisted,F ,500000.00,INE071G14EE7, ,Commercial Papers,-,-,-,-
723535,360 ONE WAM LIMITED,OWL16922,IIFL Wealth Management Ltd,Delisted,F ,500000.00,INE466L14BJ4, ,Commercial Papers,-,-,-,-
723536,Motilal Oswal Finvest Limited,MOFL19922,Motilal Oswal Finvest Ltd,Delisted,F ,500000.00,INE01WN14645, ,Commercial Papers,-,-,-,-
723537,birla Group Holdings Private Limited,BGHPL19922,birla Group Holdings Pvt Ltd,Delisted,F ,500000.00,INE09OL14BK8, ,Commercial Papers,-,-,-,-
723538,Jamnagar Utilities & Power Private Limited,JUPPL19922,Jamnagar Utilities & Power Pvt Ltd,Delisted,F ,500000.00,INE936D14212, ,Commercial Papers,-,-,-,-
723539,Bajaj Finance Limited,BFL19922,Bajaj Finance Ltd,Delisted,F ,500000.00,INE296A14TP7, ,Commercial Papers,-,-,-,-
723540,ICICI Securities Primary Dealership Limited,ISPDL19922,ICICI Securities Primary Dealership Ltd,Delisted,F ,500000.00,INE849D14GZ3, ,Commercial Papers,-,-,-,-
723541,SIKKA PORTS & TERMINALS LTD,SPTL19922,SIKKA PORTS & TERMINALS LTD,Delisted,F ,500000.00,INE941D14253, ,Commercial Papers,-,-,-,-
723542,KEC International Ltd.,KEC19922,KEC International Ltd,Delisted,F ,500000.00,INE389H14IT0, ,Commercial Papers,-,-,-,-
723543,ICICI HOME FINANCE COMPANY LIMITED,IHFCL19922,ICICI HOME FINANCE COMPANY Ltd,Delisted,F ,500000.00,INE071G14EG2, ,Commercial Papers,-,-,-,-
723544,Julius Baer Capital (India) Private Limited,JBCPL19922,Julius Baer Capital (India) Pvt Ltd,Delisted,F ,500000.00,INE824H14JD8, ,Commercial Papers,-,-,-,-
723545,Bajaj Finance Limited,BFL190922,Bajaj Finance Ltd,Delisted,F ,500000.00,INE296A14TR3, ,Commercial Papers,-,-,-,-
723546,KEC International Ltd.,KEC190922,KEC International Ltd,Delisted,F ,500000.00,INE389H14IR4, ,Commercial Papers,-,-,-,-
723547,Pilani Investment And Industries Corporation Limited,PIICL19922,Pilani Investment And Industries Corporation Ltd,Delisted,F ,500000.00,INE417C14389, ,Commercial Papers,-,-,-,-
723548,Julius Baer Capital (India) Private Limited,JBC200922,Julius Baer Capital (India) Pvt Ltd,Delisted,F ,500000.00,INE824H14JE6, ,Commercial Papers,-,-,-,-
723549,Northern Arc Capital Ltd.,NACL19922,Northern Arc Capital Ltd,Delisted,F ,500000.00,INE850M14BE8, ,Commercial Papers,-,-,-,-
723550,Siyaram Silk Mills Ltd.,SSML20922,Siyaram Silk Mills Ltd,Delisted,F ,500000.00,INE076B14567, ,Commercial Papers,-,-,-,-
723551,Axis Securities Limited,ASL20922,Axis Securities Ltd,Delisted,F ,500000.00,INE110O14773, ,Commercial Papers,-,-,-,-
723552,SIKKA PORTS & TERMINALS LTD,SPTL20922,SIKKA PORTS & TERMINALS LTD,Delisted,F ,500000.00,INE941D14261, ,Commercial Papers,-,-,-,-
723553,Bajaj Finance Limited,BFL200922,Bajaj Finance Ltd,Delisted,F ,500000.00,INE296A14TQ5, ,Commercial Papers,-,-,-,-
723554,KEC International Ltd.,KECIL200922,KEC International Ltd,Delisted,F ,500000.00,INE389H14IU8, ,Commercial Papers,-,-,-,-
723555,Jamnagar Utilities & Power Private Limited,JUPPL200922,Jamnagar Utilities & Power Pvt Ltd,Delisted,F ,500000.00,INE936D14204, ,Commercial Papers,-,-,-,-
723556,Jamnagar Utilities & Power Private Limited,JUPPL21922,Jamnagar Utilities & Power Pvt Ltd,Delisted,F ,500000.00,INE936D14196, ,Commercial Papers,-,-,-,-
723557,Network 18 Media & Investments Limited,NMIL210922,Network 18 Media & Investments Ltd,Delisted,F ,500000.00,INE870H14OT7, ,Commercial Papers,-,-,-,-
723558,POONAWALLA FINCORP LIMITED,PFL20922,POONAWALLA FINCORP Ltd,Delisted,F ,500000.00,INE511C14UU3, ,Commercial Papers,-,-,-,-
723559,Kotak Securities Limited,KSL21922,Kotak Securities Ltd,Delisted,F ,500000.00,INE028E14KT7, ,Commercial Papers,-,-,-,-
723560,Pilani Investment And Industries Corporation Limited,PIICL21922,Pilani Investment And Industries Corporation Ltd,Delisted,F ,500000.00,INE417C14397, ,Commercial Papers,-,-,-,-
723561,Sharekhan Limited,SL21922,Sharekhan Ltd,Delisted,F ,500000.00,INE211H14435, ,Commercial Papers,-,-,-,-
723562,Julius Baer Capital (India) Private Limited,JBCPL22922,Julius Baer Capital (India) Pvt Ltd,Delisted,F ,500000.00,INE824H14JF3, ,Commercial Papers,-,-,-,-
723563,Motilal Oswal Finvest Limited,MOFL22922,Motilal Oswal Finvest Ltd,Delisted,F ,500000.00,INE01WN14652, ,Commercial Papers,-,-,-,-
723564,Time Technoplast Limited,TTL22922,Time Technoplast Ltd,Delisted,F ,500000.00,INE508G14CS2, ,Commercial Papers,-,-,-,-
723565,SIKKA PORTS & TERMINALS LTD,SPTL210922,SIKKA PORTS & TERMINALS LTD,Delisted,F ,500000.00,INE941D14246, ,Commercial Papers,-,-,-,-
723566,SEIL Energy India Limited,SEIL230922,Sembcorp Energy India Ltd,Delisted,F ,500000.00,INE460M14305, ,Commercial Papers,-,-,-,-
723567,birla Group Holdings Private Limited,BGHPL23922,birla Group Holdings Pvt Ltd,Delisted,F ,500000.00,INE09OL14BL6, ,Commercial Papers,-,-,-,-
723568,Jamnagar Utilities & Power Private Limited,JUPPL23922,Jamnagar Utilities & Power Pvt Ltd,Delisted,F ,500000.00,INE936D14220, ,Commercial Papers,-,-,-,-
723569,STANDARD CHARTERED CAPITAL LIMITED,SCCL23922,STANDARD CHARTERED CAPITAL Ltd,Delisted,F ,500000.00,INE403G14PZ3, ,Commercial Papers,-,-,-,-
723570,Jamnagar Utilities & Power Private Limited,JUPPL230922,Jamnagar Utilities & Power Pvt Ltd,Delisted,F ,500000.00,INE936D14246, ,Commercial Papers,-,-,-,-
723571,Jamnagar Utilities & Power Private Limited,JUPL2392022,Jamnagar Utilities & Power Pvt Ltd,Delisted,F ,500000.00,INE936D14238, ,Commercial Papers,-,-,-,-
723572,SEIL Energy India Limited,SEIL23922,Sembcorp Energy India Ltd,Delisted,F ,500000.00,INE460M14321, ,Commercial Papers,-,-,-,-
723573,SEIL Energy India Limited,SEIL2392022,Sembcorp Energy India Ltd,Delisted,F ,500000.00,INE460M14313, ,Commercial Papers,-,-,-,-
723574,Kotak Mahindra Prime Limited,KMPL23922,Kotak Mahindra Prime Ltd,Delisted,F ,500000.00,INE916D141P2, ,Commercial Papers,-,-,-,-
723575,SIKKA PORTS & TERMINALS LTD,SPTL23922,SIKKA PORTS & TERMINALS LTD,Delisted,F ,500000.00,INE941D14295, ,Commercial Papers,-,-,-,-
723576,SIKKA PORTS & TERMINALS LTD,SPTL230922,SIKKA PORTS & TERMINALS LTD,Delisted,F ,500000.00,INE941D14287, ,Commercial Papers,-,-,-,-
723577,SIKKA PORTS & TERMINALS LTD,SPTL2392022,SIKKA PORTS & TERMINALS LTD,Delisted,F ,500000.00,INE941D14279, ,Commercial Papers,-,-,-,-
723578,KEC International Ltd.,KEC23922,KEC International Ltd,Delisted,F ,500000.00,INE389H14IP8, ,Commercial Papers,-,-,-,-
723579,KEC International Ltd.,KEC230922,KEC International Ltd,Delisted,F ,500000.00,INE389H14IW4, ,Commercial Papers,-,-,-,-
723580,KEC International Ltd.,KEC2392022,KEC International Ltd,Delisted,F ,500000.00,INE389H14IV6, ,Commercial Papers,-,-,-,-
723581,Motilal Oswal Finvest Limited,MOFL23922,MOFL-21-3-23-CP,Delisted,F ,500000.00,INE01WN14660, ,Commercial Papers,-,-,-,-
723582,Motilal Oswal Financial Services Limited,MOFSL23922,Motilal Oswal Financial Services Ltd,Delisted,F ,500000.00,INE338I14DS8, ,Commercial Papers,-,-,-,-
723583,KEC International Ltd.,KIL26922,KEC International Ltd,Delisted,F ,500000.00,INE389H14IQ6, ,Commercial Papers,-,-,-,-
723584,ICICI Securities Limited,ISL26922,ICICI Securities Ltd,Delisted,F ,500000.00,INE763G14NH3, ,Commercial Papers,-,-,-,-
723585,ICICI Securities Limited,ISL26922A,ICICI Securities Ltd,Delisted,F ,500000.00,INE763G14NJ9, ,Commercial Papers,-,-,-,-
723586,ICICI Securities Limited,ISL26922B,ICICI Securities Ltd,Delisted,F ,500000.00,INE763G14NG5, ,Commercial Papers,-,-,-,-
723587,ICICI Securities Limited,ISL26922C,ICICI Securities Ltd,Delisted,F ,500000.00,INE763G14NI1, ,Commercial Papers,-,-,-,-
723588,STANDARD CHARTERED CAPITAL LIMITED,SCCL27922,STANDARD CHARTERED CAPITAL Ltd,Delisted,F ,500000.00,INE403G14QA4, ,Commercial Papers,-,-,-,-
723589,SBICAP Securities Limited,SCSL28922,SBICAP Securities Ltd,Delisted,F ,500000.00,INE212K14064, ,Commercial Papers,-,-,-,-
723590,Sharekhan BNP Paribas Financial Services Limited,SBPFSL29922,SBPFSL-15-3-23-CP,Delisted,F ,500000.00,INE550X14953, ,Commercial Papers,-,-,-,-
723591,SEIL Energy India Limited,SEIL29922,SEIL-23-11-22-CP,Delisted,F ,500000.00,INE460M14339, ,Commercial Papers,-,-,-,-
723592,Kotak Securities Limited,KSL29922,KSL-1-12-22-CP,Delisted,F ,500000.00,INE028E14KU5, ,Commercial Papers,-,-,-,-
723593,Shriram Housing Finance Limited,SHFL29922,SHFL-29-3-23-CP,Delisted,F ,500000.00,INE432R14170, ,Commercial Papers,-,-,-,-
723594,Kotak Mahindra Investments Limited,KMIL29922,KMIL-25-11-22-CP,Delisted,F ,500000.00,INE975F14XK8, ,Commercial Papers,-,-,-,-
723595,Nissan Renault Financial Services India Private Limited,NRFSPL29222,NRFSIPL-28-10-22-CP,Delisted,F ,500000.00,INE566V14243, ,Commercial Papers,-,-,-,-
723596,TRUST INVESTMENT ADVISORS PRIVATE LIMITED,TIAPL29922,TIAPL-8-12-22-CP,Delisted,F ,500000.00,INE723X14CI3, ,Commercial Papers,-,-,-,-
723597,Sharekhan Limited,SL29922,Sharekhan Ltd,Delisted,F ,500000.00,INE211H14443, ,Commercial Papers,-,-,-,-
723598,Motilal Oswal Financial Services Limited,MOFSL30922,Motilal Oswal Financial Services Ltd,Delisted,F ,500000.00,INE338I14DT6, ,Commercial Papers,-,-,-,-
723599,HDFC Bank Ltd.,HDFCB30922,HDFC Bank Ltd ,Delisted,F ,500000.00,INE040A14086, ,Commercial Papers,-,-,-,-
723600,SBICAP Securities Limited,SSEC30922,SBICAP Securities Ltd,Delisted,F ,500000.00,INE212K14072, ,Commercial Papers,-,-,-,-
723601,L&T Metro Rail (Hyderabad) Limited,LTMRHL309,L&T Metro Rail (Hyderabad) Ltd,Delisted,F ,500000.00,INE128M14191, ,Commercial Papers,-,-,-,-
723602,Kotak Mahindra Investments Limited,KMIL30922,Kotak Mahindra Investments Ltd,Delisted,F ,500000.00,INE975F14XL6, ,Commercial Papers,-,-,-,-
723603,Axis Securities Limited,ASL31022,Axis Securities Ltd,Delisted,F ,500000.00,INE110O14799, ,Commercial Papers,-,-,-,-
723604,L&T Metro Rail (Hyderabad) Limited,LTMRL30922,L&T Metro Rail (Hyderabad) Ltd,Delisted,F ,500000.00,INE128M14183, ,Commercial Papers,-,-,-,-
723605,Julius Baer Capital (India) Private Limited,JBCPL41022,Julius Baer Capital (India) Pvt Ltd,Delisted,F ,500000.00,INE824H14JG1, ,Commercial Papers,-,-,-,-
723606,ICICI Securities Limited,ISL041022,ICICI Securities Ltd,Delisted,F ,500000.00,INE763G14NK7, ,Commercial Papers,-,-,-,-
723607,Kotak Securities Limited,KSL041022,Kotak Securities Ltd,Delisted,F ,500000.00,INE028E14KV3, ,Commercial Papers,-,-,-,-
723608,HDFC Securities Limited,HSL041022,HDFC Securities Ltd,Delisted,F ,500000.00,INE700G14DF0, ,Commercial Papers,-,-,-,-
723609,Infina Finance Private Limited,IFPL061022,Infina Finance Pvt Ltd,Delisted,F ,500000.00,INE879F14GE0, ,Commercial Papers,-,-,-,-
723610,Adani Ports and Special Economic Zone Ltd,APSEZ041022,Adani Ports and Special Economic Zone Ltd,Delisted,F ,500000.00,INE742F14QT7, ,Commercial Papers,-,-,-,-
723611,Tata Power Co. Ltd,TPL041022,Tata Power Co Ltd,Delisted,F ,500000.00,INE245A14GV9, ,Commercial Papers,-,-,-,-
723612,Axis Securities Limited,ASL061022,Axis Securities Ltd,Delisted,F ,500000.00,INE110O14781, ,Commercial Papers,-,-,-,-
723613,Julius Baer Capital (India) Private Limited,JBCPL061022,Julius Baer Capital (India) Pvt Ltd,Delisted,F ,500000.00,INE824H14JH9, ,Commercial Papers,-,-,-,-
723614,Kotak Mahindra Prime Limited,KMPL061022,Kotak Mahindra Prime Ltd,Delisted,F ,500000.00,INE916D141Q0, ,Commercial Papers,-,-,-,-
723615,Kotak Mahindra Investments Limited,KMIL61022,Kotak Mahindra Investments Ltd,Delisted,F ,500000.00,INE975F14XM4, ,Commercial Papers,-,-,-,-
723616,BOBCARD LIMITED,BOBFSL61022,BOB Financial Solutions Ltd,Delisted,F ,500000.00,INE027214308, ,Commercial Papers,-,-,-,-
723617,POONAWALLA FINCORP LIMITED,PFL61022,POONAWALLA FINCORP Ltd,Delisted,F ,500000.00,INE511C14UV1, ,Commercial Papers,-,-,-,-
723618,Adani Enterprises Ltd.,AEL61022,Adani Enterprises Ltd,Delisted,F ,500000.00,INE423A14RU1, ,Commercial Papers,-,-,-,-
723619,Kotak Securities Limited,KSL071022,Kotak Securities Ltd,Delisted,F ,500000.00,INE028E14KW1, ,Commercial Papers,-,-,-,-
723620,HDFC Securities Limited,HSL071022,HDFC Securities Ltd,Delisted,F ,500000.00,INE700G14DE3, ,Commercial Papers,-,-,-,-
723621,Julius Baer Capital (India) Private Limited,JBCPL71022,Julius Baer Capital (India) Pvt Ltd,Delisted,F ,500000.00,INE824H14JI7, ,Commercial Papers,-,-,-,-
723622,Kotak Mahindra Prime Limited,KMPL71022,Kotak Mahindra Prime Ltd,Delisted,F ,500000.00,INE916D141R8, ,Commercial Papers,-,-,-,-
723623,Kotak Mahindra Investments Limited,KMIL71022,Kotak Mahindra Investments Ltd,Delisted,F ,500000.00,INE975F14XN2, ,Commercial Papers,-,-,-,-
723624,TATA STEEL LIMITED,TSL71022,TATA STEEL Ltd,Delisted,F ,500000.00,INE081A14DN2, ,Commercial Papers,-,-,-,-
723625,TATA STEEL LIMITED,TSL101022,TATA STEEL Ltd,Delisted,F ,500000.00,INE081A14DO0, ,Commercial Papers,-,-,-,-
723626,Century Textiles & Industries Ltd.,CTIL071022,Century Textiles & Industries Ltd,Delisted,F ,500000.00,INE055A14JF9, ,Commercial Papers,-,-,-,-
723627,Godrej Housing Finance Limited,GHFL071022,Godrej Housing Finance Ltd,Delisted,F ,500000.00,INE02JD14161, ,Commercial Papers,-,-,-,-
723628,Network 18 Media & Investments Limited,NMIL101022,Network 18 Media & Investments Ltd,Delisted,F ,500000.00,INE870H14OV3, ,Commercial Papers,-,-,-,-
723629,HDFC Bank Ltd.,HDFCB101022,HDFC Bank Ltd ,Delisted,F ,500000.00,INE040A14078, ,Commercial Papers,-,-,-,-
723630,Godrej Housing Finance Limited,GHFL101022,Godrej Housing Finance Ltd,Delisted,F ,500000.00,INE02JD14179, ,Commercial Papers,-,-,-,-
723631,Adani Enterprises Ltd.,AEL101022,Adani Enterprises Ltd,Delisted,F ,500000.00,INE423A14RV9, ,Commercial Papers,-,-,-,-
723632,The Ramco Cements Limited,RCL101022,The Ramco Cements Ltd,Delisted,F ,500000.00,INE331A14MR3, ,Commercial Papers,-,-,-,-
723633,Can Fin Homes Ltd.,CHL101022,Can Fin Homes Ltd,Delisted,F ,500000.00,INE477A14BX5, ,Commercial Papers,-,-,-,-
723634,Bajaj Housing Finance Limited,BHFL101022,Bajaj Housing Finance Ltd,Delisted,F ,500000.00,INE377Y14AC3, ,Commercial Papers,-,-,-,-
723635,Network 18 Media & Investments Limited,NMIL111022,Network 18 Media & Investments Ltd,Delisted,F ,500000.00,INE870H14OU5, ,Commercial Papers,-,-,-,-
723636,Kotak Mahindra Prime Limited,KMPL111022,Kotak Mahindra Prime Ltd,Delisted,F ,500000.00,INE916D141S6, ,Commercial Papers,-,-,-,-
723637,Julius Baer Capital (India) Private Limited,JBC111022,Julius Baer Capital (India) Pvt Ltd,Delisted,F ,500000.00,INE824H14JJ5, ,Commercial Papers,-,-,-,-
723638,Bajaj Finance Limited,BFL111022,Bajaj Finance Ltd,Delisted,F ,500000.00,INE296A14TS1, ,Commercial Papers,-,-,-,-
723639,Reliance Retail Ventures Limited,RRVL121022A,Reliance Retail Ventures Ltd,Delisted,F ,500000.00,INE929O14818, ,Commercial Papers,-,-,-,-
723640,Reliance Retail Ventures Limited,RRVL121022B,Reliance Retail Ventures Ltd,Delisted,F ,500000.00,INE929O14826, ,Commercial Papers,-,-,-,-
723641,Northern Arc Capital Ltd.,NACL121022,Northern Arc Capital Ltd,Delisted,F ,500000.00,INE850M14BG3, ,Commercial Papers,-,-,-,-
723642,NLC Tamilnadu Power Limited,NLCTP121022,NLC Tamilnadu Power Ltd,Delisted,F ,500000.00,INE05C614261, ,Commercial Papers,-,-,-,-
723643,Adani Enterprises Ltd.,AEL111022,Adani Enterprises Ltd,Delisted,F ,500000.00,INE423A14RW7, ,Commercial Papers,-,-,-,-
723644,Julius Baer Capital (India) Private Limited,JBCPL131022,Julius Baer Capital (India) Pvt Ltd,Delisted,F ,500000.00,INE824H14JK3, ,Commercial Papers,-,-,-,-
723645,HDFC Bank Ltd.,HDFCB131022,HDFC Bank Ltd ,Delisted,F ,500000.00,INE040A14094, ,Commercial Papers,-,-,-,-
723646,Redington Limited,RL121022,Redington Ltd,Delisted,F ,500000.00,INE891D14VT7, ,Commercial Papers,-,-,-,-
723647,Redington Limited,RL121022A,Redington Ltd,Delisted,F ,500000.00,INE891D14VS9, ,Commercial Papers,-,-,-,-
723648,Bajaj Finance Limited,BFL131022,Bajaj Finance Ltd,Delisted,F ,500000.00,INE296A14TW3, ,Commercial Papers,-,-,-,-
723649,Bajaj Finance Limited,BFL141022,Bajaj Finance Ltd,Delisted,F ,500000.00,INE296A14TV5, ,Commercial Papers,-,-,-,-
723650,Redington Limited,RL131022,Redington Ltd,Delisted,F ,500000.00,INE891D14VR1, ,Commercial Papers,-,-,-,-
723651,Redington Limited,RL141022,Redington Ltd,Delisted,F ,500000.00,INE891D14VU5, ,Commercial Papers,-,-,-,-
723652,Axis Securities Limited,ASL141022,Axis Securities Ltd,Delisted,F ,500000.00,INE110O14807, ,Commercial Papers,-,-,-,-
723653,ICICI HOME FINANCE COMPANY LIMITED,IHFCL131022,ICICI HOME FINANCE COMPANY Ltd,Delisted,F ,500000.00,INE071G14EH0, ,Commercial Papers,-,-,-,-
723654,Tata Power Co. Ltd,TPCL171022,Tata Power Co Ltd,Delisted,F ,500000.00,INE245A14GW7, ,Commercial Papers,-,-,-,-
723655,Pilani Investment And Industries Corporation Limited,PIICL141022,Pilani Investment And Industries Corporation Ltd,Delisted,F ,500000.00,INE417C14405, ,Commercial Papers,-,-,-,-
723657,HDFC Bank Ltd.,HDFCB171022,HDFC Bank Ltd ,Delisted,F ,500000.00,INE040A14102, ,Commercial Papers,-,-,-,-
723658,Housing Development Finance Corp.Lt,HDFC221017,Housing Development Finance CorpLt,Delisted,F ,500000.00,INE001A14ZP8, ,Commercial Papers,-,-,-,-
723659,Housing Development Finance Corp.Lt,HDFC1722,Housing Development Finance CorpLt,Delisted,F ,500000.00,INE001A14ZO1, ,Commercial Papers,-,-,-,-
723660,IGH Holdings Private Limited,IGH141022,IGH Holdings Pvt Ltd,Delisted,F ,500000.00,INE02FN14119, ,Commercial Papers,-,-,-,-
723661,Reliance Jio Infocomm Limited,RJIL171022,Reliance Jio Infocomm Ltd,Delisted,F ,500000.00,INE110L14RD7, ,Commercial Papers,-,-,-,-
723662,STANDARD CHARTERED CAPITAL LIMITED,SCCL171022,STANDARD CHARTERED CAPITAL Ltd,Delisted,F ,500000.00,INE403G14QB2, ,Commercial Papers,-,-,-,-
723663,Bajaj Finance Limited,BFL171022,Bajaj Finance Ltd,Delisted,F ,500000.00,INE296A14TU7, ,Commercial Papers,-,-,-,-
723664,CaratLane Trading Private Limited,CTPL181022,CaratLane Trading Pvt Ltd,Delisted,F ,500000.00,INE015Y14344, ,Commercial Papers,-,-,-,-
723665,Mangalore Refinery & Petrochemicals,MRPL181022,Mangalore Refinery & Petrochemicals,Delisted,F ,500000.00,INE103A14413, ,Commercial Papers,-,-,-,-
723666,Solar Industries India Limited,SIIL181022,Solar Industries India Ltd,Delisted,F ,500000.00,INE343H14139, ,Commercial Papers,-,-,-,-
723667,Bajaj Housing Finance Limited,BHFL181022,Bajaj Housing Finance Ltd,Delisted,F ,500000.00,INE377Y14AD1, ,Commercial Papers,-,-,-,-
723668,HDFC Securities Limited,HSEC191022,HDFC Securities Ltd,Delisted,F ,500000.00,INE700G14DG8, ,Commercial Papers,-,-,-,-
723669,Julius Baer Capital (India) Private Limited,JBCPL191022,Julius Baer Capital (India) Pvt Ltd,Delisted,F ,500000.00,INE824H14JL1, ,Commercial Papers,-,-,-,-
723670,Bajaj Finance Limited,BFL181022,Bajaj Finance Ltd,Delisted,F ,500000.00,INE296A14TT9, ,Commercial Papers,-,-,-,-
723671,HDFC Bank Ltd.,HDFCB191022,HDFC Bank Ltd ,Delisted,F ,500000.00,INE040A14110, ,Commercial Papers,-,-,-,-
723672,IGH Holdings Private Limited,IGH191022,IGH Holdings Pvt Ltd,Delisted,F ,500000.00,INE02FN14127, ,Commercial Papers,-,-,-,-
723673,Century Textiles & Industries Ltd.,CTIL1810222,Century Textiles & Industries Ltd,Delisted,F ,500000.00,INE055A14JG7, ,Commercial Papers,-,-,-,-
723674,Julius Baer Capital (India) Private Limited,JBCIL201022,Julius Baer Capital (India) Pvt Ltd,Delisted,F ,500000.00,INE824H14JM9, ,Commercial Papers,-,-,-,-
723675,Redington Limited,RL201022,Redington Ltd,Delisted,F ,500000.00,INE891D14VV3, ,Commercial Papers,-,-,-,-
723676,ŠKODA AUTO Volkswagen India Private Limited,SAVPL201022,ŠKODA AUTO Volkswagen India Pvt Ltd,Delisted,F ,500000.00,INE04TA14287, ,Commercial Papers,-,-,-,-
723677,TATA STEEL LIMITED,TSL201022,TATA STEEL Ltd,Delisted,F ,500000.00,INE081A14DP7, ,Commercial Papers,-,-,-,-
723678,J.K. CEMENT LTD,JKC191022,JK CEMENT LTD,Delisted,F ,500000.00,INE823G14819, ,Commercial Papers,-,-,-,-
723679,Tata Power Co. Ltd,TPCL191022,Tata Power Co Ltd,Delisted,F ,500000.00,INE245A14GX5, ,Commercial Papers,-,-,-,-
723680,Axis Securities Limited,ASL211022,Axis Securities Ltd,Delisted,F ,500000.00,INE110O14815, ,Commercial Papers,-,-,-,-
723681,Julius Baer Capital (India) Private Limited,JBCIP211022,Julius Baer Capital (India) Pvt Ltd,Delisted,F ,500000.00,INE824H14JN7, ,Commercial Papers,-,-,-,-
723682,HDFC Securities Limited,HDFC211022,HDFC Securities Ltd,Delisted,F ,500000.00,INE700G14DH6, ,Commercial Papers,-,-,-,-
723683,Reliance Jio Infocomm Limited,RJIL211022,Reliance Jio Infocomm Ltd,Delisted,F ,500000.00,INE110L14RF2, ,Commercial Papers,-,-,-,-
723684,GIC Housing Finance Ltd.,GICHF201022,GIC Housing Finance Ltd,Delisted,F ,500000.00,INE289B14ID9, ,Commercial Papers,-,-,-,-
723685,Bombay Burmah Trading Corpn. Ltd.,BBTCL201022,Bombay Burmah Trading Corpn Ltd,Delisted,F ,500000.00,INE050A14689, ,Commercial Papers,-,-,-,-
723686,Kotak Securities Limited,KSL211022,KSL-5-1-23-CP,Delisted,F ,500000.00,INE028E14KX9, ,Commercial Papers,-,-,-,-
723687,Nuvama Wealth Finance Limited,NWFL201022,NWFL-18-11-22-CP,Delisted,F ,500000.00,INE918K14884, ,Commercial Papers,-,-,-,-
723688,Nuvama Wealth Finance Limited,NWFL201022A,NWFL-18-01-23-CP,Delisted,F ,500000.00,INE918K14876, ,Commercial Papers,-,-,-,-
723689,L&T Metro Rail (Hyderabad) Limited,LTMR201022,LTMRHL-20-12-22-CP,Delisted,F ,500000.00,INE128M14209, ,Commercial Papers,-,-,-,-
723690,Reliance Jio Infocomm Limited,RJIL201022,RJIL-19-1-23-CP,Delisted,F ,500000.00,INE110L14RE5, ,Commercial Papers,-,-,-,-
723691,Bajaj Housing Finance Limited,BHFL211022,Bajaj Housing Finance Ltd,Delisted,F ,500000.00,INE377Y14AE9, ,Commercial Papers,-,-,-,-
723692,HT Media Ltd,HTML211022,HT Media Ltd,Delisted,F ,500000.00,INE501G14CO6, ,Commercial Papers,-,-,-,-
723693,NLC Tamilnadu Power Limited,NTPL251022,NLC Tamilnadu Power Ltd,Delisted,F ,500000.00,INE05C614279, ,Commercial Papers,-,-,-,-
723694,HDFC Securities Limited,HDFCS251022,HDFC Securities Ltd,Delisted,F ,500000.00,INE700G14DI4, ,Commercial Papers,-,-,-,-
723695,Dalmia Cement (Bharat) Limited,DCBL211022,Dalmia Cement (Bharat) Ltd,Delisted,F ,500000.00,INE755K14EM0, ,Commercial Papers,-,-,-,-
723696,Redington Limited,RL251022,Redington Ltd,Delisted,F ,500000.00,INE891D14VW1, ,Commercial Papers,-,-,-,-
723697,Reliance Jio Infocomm Limited,RJIL251022,Reliance Jio Infocomm Ltd,Delisted,F ,500000.00,INE110L14RG0, ,Commercial Papers,-,-,-,-
723698,Reliance Jio Infocomm Limited,RJIL251022A,Reliance Jio Infocomm Ltd,Delisted,F ,500000.00,INE110L14RH8, ,Commercial Papers,-,-,-,-
723699,IGH Holdings Private Limited,IGHHP251022,IGH Holdings Pvt Ltd,Delisted,F ,500000.00,INE02FN14135, ,Commercial Papers,-,-,-,-
723700,Adani Enterprises Ltd.,AEL211022,Adani Enterprises Ltd,Delisted,F ,500000.00,INE423A14PH2, ,Commercial Papers,-,-,-,-
723701,Time Technoplast Limited,TTL211022,Time Technoplast Ltd,Delisted,F ,500000.00,INE508G14CT0, ,Commercial Papers,-,-,-,-
723702,National Fertilizers Ltd.,NFL211022,National Fertilizers Ltd,Delisted,F ,500000.00,INE870D14EC3, ,Commercial Papers,-,-,-,-
723703,Network 18 Media & Investments Limited,NMIL271022,Network 18 Media & Investments Ltd,Delisted,F ,500000.00,INE870H14OX9, ,Commercial Papers,-,-,-,-
723704,ICICI Securities Limited,ISEC251022,ICICI Securities Ltd,Delisted,F ,500000.00,INE763G14NM3, ,Commercial Papers,-,-,-,-
723705,ICICI Securities Limited,ISEC251022A,ICICI Securities Ltd,Delisted,F ,500000.00,INE763G14NL5, ,Commercial Papers,-,-,-,-
723706,TV18 Broadcast Ltd.,TV18271022,TV18 Broadcast Ltd,Delisted,F ,500000.00,INE886H14HS9, ,Commercial Papers,-,-,-,-
723707,Reliance Jio Infocomm Limited,RJIL271022,Reliance Jio Infocomm Ltd,Delisted,F ,500000.00,INE110L14RJ4, ,Commercial Papers,-,-,-,-
723708,Reliance Jio Infocomm Limited,RJIL281022,Reliance Jio Infocomm Ltd,Delisted,F ,500000.00,INE110L14RI6, ,Commercial Papers,-,-,-,-
723709,Motilal Oswal Financial Services Limited,MOFSL271022,Motilal Oswal Financial Services Ltd,Delisted,F ,500000.00,INE338I14DU4, ,Commercial Papers,-,-,-,-
723710,birla Group Holdings Private Limited,BGHPL281022,birla Group Holdings Pvt Ltd,Delisted,F ,500000.00,INE09OL14BM4, ,Commercial Papers,-,-,-,-
723711,Network 18 Media & Investments Limited,NMIL281022,Network 18 Media & Investments Ltd,Delisted,F ,500000.00,INE870H14OW1, ,Commercial Papers,-,-,-,-
723712,ICICI Securities Limited,ISEC281022,ICICI Securities Ltd,Delisted,F ,500000.00,INE763G14NO9, ,Commercial Papers,-,-,-,-
723713,Nuvama Wealth and Investment Limited,NWIL281022,Nuvama Wealth and Investment Ltd,Delisted,F ,500000.00,INE523L14203, ,Commercial Papers,-,-,-,-
723714,Nuvama Wealth and Investment Limited,NWIL281022A,Nuvama Wealth and Investment Ltd,Delisted,F ,500000.00,INE523L14096, ,Commercial Papers,-,-,-,-
723715,Redington Limited,RL271022,Redington Ltd,Delisted,F ,500000.00,INE891D14VX9, ,Commercial Papers,-,-,-,-
723716,TV18 Broadcast Ltd.,TVBL281022,TV18 Broadcast Ltd,Delisted,F ,500000.00,INE886H14HT7, ,Commercial Papers,-,-,-,-
723717,IGH Holdings Private Limited,IGH281022,IGH Holdings Pvt Ltd,Delisted,F ,500000.00,INE02FN14143, ,Commercial Papers,-,-,-,-
723718,Larsen & Toubro Limited,LTL281022,Larsen & Toubro Ltd,Delisted,F ,500000.00,INE018A14IY0, ,Commercial Papers,-,-,-,-
723719,Julius Baer Capital (India) Private Limited,JBCPL311022,Julius Baer Capital (India) Pvt Ltd,Delisted,F ,500000.00,INE824H14JO5, ,Commercial Papers,-,-,-,-
723720,Larsen & Toubro Limited,LTL311022,Larsen & Toubro Ltd,Delisted,F ,500000.00,INE018A14IZ7, ,Commercial Papers,-,-,-,-
723721,National Fertilizers Ltd.,NFL311022,National Fertilizers Ltd,Delisted,F ,500000.00,INE870D14ED1, ,Commercial Papers,-,-,-,-
723722,Kotak Securities Limited,KSL311022,Kotak Securities Ltd,Delisted,F ,500000.00,INE028E14KY7, ,Commercial Papers,-,-,-,-
723723,Asirvad Microfinance Limited,AML311022,Asirvad Microfinance Ltd,Delisted,F ,500000.00,INE516Q14222, ,Commercial Papers,-,-,-,-
723724,ICICI Securities Limited,ISL311022,ICICI Securities Ltd,Delisted,F ,500000.00,INE763G14NN1, ,Commercial Papers,-,-,-,-
723725,Nuvama Wealth Finance Limited,NWFL011122,Nuvama Wealth Finance Ltd,Delisted,F ,500000.00,INE918K14892, ,Commercial Papers,-,-,-,-
723726,TATA INTERNATIONAL LIMITED,TIL311022,TATA INTERNATIONAL Ltd,Delisted,F ,500000.00,INE751F14418, ,Commercial Papers,-,-,-,-
723727,Nuvama Wealth Management Limited,NWML011122,Nuvama Wealth Management Ltd,Delisted,F ,500000.00,INE531F14CX6, ,Commercial Papers,-,-,-,-
723728,Nuvama Wealth Management Limited,NWML11122,Nuvama Wealth Management Ltd,Delisted,F ,500000.00,INE531F14CY4, ,Commercial Papers,-,-,-,-
723729,360 ONE WAM LIMITED,OWL011122,IIFL Wealth Management Ltd,Delisted,F ,500000.00,INE466L14BL0, ,Commercial Papers,-,-,-,-
723730,Manappuram Home Finance Limited,MHFL011122,Manappuram Home Finance Ltd,Delisted,F ,500000.00,INE360T14070, ,Commercial Papers,-,-,-,-
723731,Godrej Housing Finance Limited,GHFL21122,Godrej Housing Finance Ltd,Delisted,F ,500000.00,INE02JD14187, ,Commercial Papers,-,-,-,-
723732,360 ONE Prime Limited,IWPL011122,IIFL Wealth Prime Ltd,Delisted,F ,500000.00,INE248U14MC9, ,Commercial Papers,-,-,-,-
723733,Adani Enterprises Ltd.,AEL01112022,Adani Enterprises Ltd,Delisted,F ,500000.00,INE423A14RY3, ,Commercial Papers,-,-,-,-
723734,L&T Metro Rail (Hyderabad) Limited,LTRHL21122,L&T Metro Rail (Hyderabad) Ltd,Delisted,F ,500000.00,INE128M14217, ,Commercial Papers,-,-,-,-
723735,Dalmia Cement (Bharat) Limited,DCBL021122,Dalmia Cement (Bharat) Ltd,Delisted,F ,500000.00,INE755K14EN8, ,Commercial Papers,-,-,-,-
723736,Axis Finance Limited,AFL21122,Axis Finance Ltd,Delisted,F ,500000.00,INE891K14LT3, ,Commercial Papers,-,-,-,-
723737,360 ONE Prime Limited,IWPL021122,IIFL Wealth Prime Ltd,Delisted,F ,500000.00,INE248U14MD7, ,Commercial Papers,-,-,-,-
723738,Kotak Mahindra Investments Limited,KMIL021122,Kotak Mahindra Investments Ltd,Delisted,F ,500000.00,INE975F14XO0, ,Commercial Papers,-,-,-,-
723739,birla Group Holdings Private Limited,BGHPL031122,birla Group Holdings Pvt Ltd,Delisted,F ,500000.00,INE09OL14BN2, ,Commercial Papers,-,-,-,-
723740,birla Group Holdings Private Limited,BGHL031122,birla Group Holdings Pvt Ltd,Delisted,F ,500000.00,INE09OL14BO0, ,Commercial Papers,-,-,-,-
723741,STANDARD CHARTERED CAPITAL LIMITED,SCCL31122,STANDARD CHARTERED CAPITAL Ltd,Delisted,F ,500000.00,INE403G14QD8, ,Commercial Papers,-,-,-,-
723742,STANDARD CHARTERED CAPITAL LIMITED,SCCL31122A,STANDARD CHARTERED CAPITAL Ltd,Delisted,F ,500000.00,INE403G14QC0, ,Commercial Papers,-,-,-,-
723743,Pilani Investment And Industries Corporation Limited,PIICL31122,Pilani Investment And Industries Corporation Ltd,Delisted,F ,500000.00,INE417C14413, ,Commercial Papers,-,-,-,-
723744,Julius Baer Capital (India) Private Limited,JBCPL41122A,Julius Baer Capital (India) Pvt Ltd,Delisted,F ,500000.00,INE824H14JQ0, ,Commercial Papers,-,-,-,-
723745,Julius Baer Capital (India) Private Limited,JBCPL41122B,Julius Baer Capital (India) Pvt Ltd,Delisted,F ,500000.00,INE824H14JP2, ,Commercial Papers,-,-,-,-
723746,Julius Baer Capital (India) Private Limited,JBCPL41122,Julius Baer Capital (India) Pvt Ltd,Delisted,F ,500000.00,INE824H14JR8, ,Commercial Papers,-,-,-,-
723747,Adani Enterprises Ltd.,AEL31122,Adani Enterprises Ltd,Delisted,F ,500000.00,INE423A14RZ0, ,Commercial Papers,-,-,-,-
723748,360 ONE Prime Limited,IWPL31122,IIFL Wealth Prime Ltd,Delisted,F ,500000.00,INE248U14ME5, ,Commercial Papers,-,-,-,-
723749,Bajaj Financial Securities Limited,BFSL31122,Bajaj Financial Securities Ltd,Delisted,F ,500000.00,INE01C314312, ,Commercial Papers,-,-,-,-
723750,ICICI Securities Limited,ISL041122,ICICI Securities Ltd,Delisted,F ,500000.00,INE763G14NP6, ,Commercial Papers,-,-,-,-
723751,BOBCARD LIMITED,BFSL041122,BOB Financial Solutions Ltd,Delisted,F ,500000.00,INE027214316, ,Commercial Papers,-,-,-,-
723752,Sterlite Technologies Limited.,STL031122,Sterlite Technologies Ltd,Delisted,F ,500000.00,INE089C14CF9, ,Commercial Papers,-,-,-,-
723753,Mangalore Refinery & Petrochemicals,MRPL41122,Mangalore Refinery & Petrochemicals,Delisted,F ,500000.00,INE103A14421, ,Commercial Papers,-,-,-,-
723754,Kotak Securities Limited,KSL041122,Kotak Securities Ltd,Delisted,F ,500000.00,INE028E14KZ4, ,Commercial Papers,-,-,-,-
723755,HDFC Securities Limited,HDFCSL41122,HDFC Securities Ltd,Delisted,F ,500000.00,INE700G14DJ2, ,Commercial Papers,-,-,-,-
723756,Infina Finance Private Limited,IFPL71122,Infina Finance Pvt Ltd,Delisted,F ,500000.00,INE879F14GF7, ,Commercial Papers,-,-,-,-
723757,Sharekhan BNP Paribas Financial Services Limited,SBNPPF41122,Sharekhan BNP Paribas Financial Services Ltd,Delisted,F ,500000.00,INE550X14961, ,Commercial Papers,-,-,-,-
723758,360 ONE Prime Limited,IIFLWP41122,IIFL Wealth Prime Ltd,Delisted,F ,500000.00,INE248U14MF2, ,Commercial Papers,-,-,-,-
723759,HDFC Securities Limited,HDFCSL71122,HDFC Securities Ltd,Delisted,F ,500000.00,INE700G14DK0, ,Commercial Papers,-,-,-,-
723760,Tata Power Co. Ltd,TPCL71122,Tata Power Co Ltd,Delisted,F ,500000.00,INE245A14GY3, ,Commercial Papers,-,-,-,-
723761,Reliance Retail Ventures Limited,RRVL71122,Reliance Retail Ventures Ltd,Delisted,F ,500000.00,INE929O14834, ,Commercial Papers,-,-,-,-
723762,Can Fin Homes Ltd.,CFHL041122,Can Fin Homes Ltd,Delisted,F ,500000.00,INE477A14BY3, ,Commercial Papers,-,-,-,-
723763,360 ONE WAM LIMITED,OWL41122,360 ONE WAM LTD,Delisted,F ,500000.00,INE466L14BM8, ,Commercial Papers,-,-,-,-
723764,TV18 Broadcast Ltd.,TVBL71122,TV18 Broadcast Ltd,Delisted,F ,500000.00,INE886H14HU5, ,Commercial Papers,-,-,-,-
723765,Network 18 Media & Investments Limited,NMIL071122,Network 18 Media & Investments Ltd,Delisted,F ,500000.00,INE870H14OY7, ,Commercial Papers,-,-,-,-
723766,Kotak Mahindra Prime Limited,KMPL71122,Kotak Mahindra Prime Ltd,Delisted,F ,500000.00,INE916D141T4, ,Commercial Papers,-,-,-,-
723767,Pilani Investment And Industries Corporation Limited,PICL091122,Pilani Investment And Industries Corporation Ltd,Delisted,F ,500000.00,INE417C14421, ,Commercial Papers,-,-,-,-
723768,Adani Enterprises Ltd.,AEL71122,Adani Enterprises Ltd,Delisted,F ,500000.00,INE423A14SA1, ,Commercial Papers,-,-,-,-
723769,birla Group Holdings Private Limited,BGHPL91122,birla Group Holdings Pvt Ltd,Delisted,F ,500000.00,INE09OL14BP7, ,Commercial Papers,-,-,-,-
723770,Julius Baer Capital (India) Private Limited,JBCPL71122,Julius Baer Capital (India) Pvt Ltd,Delisted,F ,500000.00,INE824H14JS6, ,Commercial Papers,-,-,-,-
723771,Kotak Mahindra Investments Limited,KMIL071122,Kotak Mahindra Investments Ltd,Delisted,F ,500000.00,INE975F14XP7, ,Commercial Papers,-,-,-,-
723772,Julius Baer Capital (India) Private Limited,JBCIPL91122,Julius Baer Capital (India) Pvt Ltd,Delisted,F ,500000.00,INE824H14JT4, ,Commercial Papers,-,-,-,-
723773,Network 18 Media & Investments Limited,NMIL91122,Network 18 Media & Investments Ltd,Delisted,F ,500000.00,INE870H14OZ4, ,Commercial Papers,-,-,-,-
723774,Tata Power Co. Ltd,TPCL991122,Tata Power Co Ltd,Delisted,F ,500000.00,INE245A14GZ0, ,Commercial Papers,-,-,-,-
723775,Adani Enterprises Ltd.,AEL91122,Adani Enterprises Ltd,Delisted,F ,500000.00,INE423A14RL0, ,Commercial Papers,-,-,-,-
723776,Julius Baer Capital (India) Private Limited,JBCPL91122,Julius Baer Capital (India) Pvt Ltd,Delisted,F ,500000.00,INE824H14JU2, ,Commercial Papers,-,-,-,-
723777,Infina Finance Private Limited,IFPL101122,Infina Finance Pvt Ltd,Delisted,F ,500000.00,INE879F14GG5, ,Commercial Papers,-,-,-,-
723778,Infina Finance Private Limited,IFPL101122A,Infina Finance Pvt Ltd,Delisted,F ,500000.00,INE879F14GH3, ,Commercial Papers,-,-,-,-
723779,Reliance Retail Ventures Limited,RRVL101122,Reliance Retail Ventures Ltd,Delisted,F ,500000.00,INE929O14842, ,Commercial Papers,-,-,-,-
723780,L&T Metro Rail (Hyderabad) Limited,LTMHL101122,L&T Metro Rail (Hyderabad) Ltd,Delisted,F ,500000.00,INE128M14225, ,Commercial Papers,-,-,-,-
723781,CaratLane Trading Private Limited,CTPL101122,CaratLane Trading Pvt Ltd,Delisted,F ,500000.00,INE015Y14351, ,Commercial Papers,-,-,-,-
723782,TV18 Broadcast Ltd.,TV18B111122,TV18 Broadcast Ltd,Delisted,F ,500000.00,INE886H14HV3, ,Commercial Papers,-,-,-,-
723783,Nuvama Wealth and Investment Limited,NWIL111122,Nuvama Wealth and Investment Ltd,Delisted,F ,500000.00,INE523L14229, ,Commercial Papers,-,-,-,-
723784,ARKA FINCAP LIMITED,AFL101122,ARKA FINCAP Ltd,Delisted,F ,500000.00,INE03W114328, ,Commercial Papers,-,-,-,-
723785,Can Fin Homes Ltd.,CFHL101122,Can Fin Homes Ltd,Delisted,F ,500000.00,INE477A14BZ0, ,Commercial Papers,-,-,-,-
723786,Tata Power Co. Ltd,TPCL111122,Tata Power Co Ltd,Delisted,F ,500000.00,INE245A14HA1, ,Commercial Papers,-,-,-,-
723787,Kotak Mahindra Investments Limited,KMIL111122,Kotak Mahindra Investments Ltd,Delisted,F ,500000.00,INE975F14XQ5, ,Commercial Papers,-,-,-,-
723788,Julius Baer Capital (India) Private Limited,JBCPL101122,Julius Baer Capital (India) Pvt Ltd,Delisted,F ,500000.00,INE824H14JW8, ,Commercial Papers,-,-,-,-
723789,Kotak Mahindra Prime Limited,KMPL111122,Kotak Mahindra Prime Ltd,Delisted,F ,500000.00,INE916D141U2, ,Commercial Papers,-,-,-,-
723790,ICICI HOME FINANCE COMPANY LIMITED,ISECH111122,ICICI HOME FINANCE COMPANY Ltd,Delisted,F ,500000.00,INE071G14EI8, ,Commercial Papers,-,-,-,-
723791,HDFC Securities Limited,HSL111122,HDFC Securities Ltd,Delisted,F ,500000.00,INE700G14DL8, ,Commercial Papers,-,-,-,-
723792,Reliance Retail Ventures Limited,RRVL111122,Reliance Retail Ventures Ltd,Delisted,F ,500000.00,INE929O14859, ,Commercial Papers,-,-,-,-
723793,Larsen & Toubro Limited,L&T111122,Larsen & Toubro Ltd,Delisted,F ,500000.00,INE018A14JB6, ,Commercial Papers,-,-,-,-
723794,Julius Baer Capital (India) Private Limited,JBCPL111122,Julius Baer Capital (India) Pvt Ltd,Delisted,F ,500000.00,INE824H14JV0, ,Commercial Papers,-,-,-,-
723795,JSW Steel Coated Products Limited,JSWSC111122,JSW Steel Coated Products Ltd,Delisted,F ,500000.00,INE02NH14016, ,Commercial Papers,-,-,-,-
723796,TATA STEEL LIMITED,TSL141122,TATA STEEL Ltd,Delisted,F ,500000.00,INE081A14DQ5, ,Commercial Papers,-,-,-,-
723797,Larsen & Toubro Limited,LTL141122,Larsen & Toubro Ltd,Delisted,F ,500000.00,INE018A14JA8, ,Commercial Papers,-,-,-,-
723798,Nuvama Wealth Finance Limited,NWFL141122,Nuvama Wealth Finance Ltd,Delisted,F ,500000.00,INE918K14900, ,Commercial Papers,-,-,-,-
723799,HDFC Securities Limited,HSEC141122,HDFC Securities Ltd,Delisted,F ,500000.00,INE700G14DM6, ,Commercial Papers,-,-,-,-
723800,Adani Enterprises Ltd.,AEP141122,Adani Enterprises Ltd,Delisted,F ,500000.00,INE423A14SB9, ,Commercial Papers,-,-,-,-
723801,Tata Housing Development Company Limited,THDCL141122,Tata Housing Development Company Ltd,Delisted,F ,500000.00,INE582L14GO7, ,Commercial Papers,-,-,-,-
723802,Kotak Mahindra Prime Limited,KMPL151122,Kotak Mahindra Prime Ltd,Delisted,F ,500000.00,INE916D141V0, ,Commercial Papers,-,-,-,-
723803,Kotak Securities Limited,KSL151122,Kotak Securities Ltd,Delisted,F ,500000.00,INE028E14LA5, ,Commercial Papers,-,-,-,-
723804,Sharekhan BNP Paribas Financial Services Limited,SBPFS151122,Sharekhan BNP Paribas Financial Services Ltd,Delisted,F ,500000.00,INE550X14979, ,Commercial Papers,-,-,-,-
723805,ICICI Securities Limited,ICICI151122,ICICI Securities Ltd,Delisted,F ,500000.00,INE763G14NQ4, ,Commercial Papers,-,-,-,-
723806,Sharekhan Limited,SL151122,Sharekhan Ltd,Delisted,F ,500000.00,INE211H14450, ,Commercial Papers,-,-,-,-
723807,BOBCARD LIMITED,BFSL151122,BOB Financial Solutions Ltd,Delisted,F ,500000.00,INE027214324, ,Commercial Papers,-,-,-,-
723808,Chennai Petroleum Corporation Ltd.,CPCL151122,Chennai Petroleum Corporation Ltd,Delisted,F ,500000.00,INE178A14HJ5, ,Commercial Papers,-,-,-,-
723809,Motilal Oswal Financial Services Limited,MOFSL151122,Motilal Oswal Financial Services Ltd,Delisted,F ,500000.00,INE338I14DW0, ,Commercial Papers,-,-,-,-
723810,HDFC Securities Limited,HSL161122,HDFC Securities Ltd,Delisted,F ,500000.00,INE700G14DN4, ,Commercial Papers,-,-,-,-
723811,Motilal Oswal Financial Services Limited,MOFS151122,Motilal Oswal Financial Services Ltd,Delisted,F ,500000.00,INE338I14DV2, ,Commercial Papers,-,-,-,-
723812,birla Group Holdings Private Limited,BGHPL161122,birla Group Holdings Pvt Ltd,Delisted,F ,500000.00,INE09OL14BQ5, ,Commercial Papers,-,-,-,-
723813,Tata Power Co. Ltd,TPCL161122,Tata Power Co Ltd,Delisted,F ,500000.00,INE245A14HB9, ,Commercial Papers,-,-,-,-
723814,STANDARD CHARTERED CAPITAL LIMITED,SCCL161122,STANDARD CHARTERED CAPITAL Ltd,Delisted,F ,500000.00,INE403G14QE6, ,Commercial Papers,-,-,-,-
723815,John Deere Financial India Private Limited,JDFIP151122,John Deere Financial India Pvt Ltd,Delisted,F ,500000.00,INE00V214080, ,Commercial Papers,-,-,-,-
723816,HT Media Ltd,HTML161122,HT Media Ltd,Delisted,F ,500000.00,INE501G14CS7, ,Commercial Papers,-,-,-,-
723817,HT Media Ltd,HTM161122,HT Media Ltd,Delisted,F ,500000.00,INE501G14CT5, ,Commercial Papers,-,-,-,-
723818,STANDARD CHARTERED CAPITAL LIMITED,SCCL171122,STANDARD CHARTERED CAPITAL Ltd,Delisted,F ,500000.00,INE403G14QG1, ,Commercial Papers,-,-,-,-
723819,GIC Housing Finance Ltd.,GICHF171122,GIC Housing Finance Ltd,Delisted,F ,500000.00,INE289B14IE7, ,Commercial Papers,-,-,-,-
723820,Motilal Oswal Financial Services Limited,MOFSL161122,Motilal Oswal Financial Services Ltd,Delisted,F ,500000.00,INE338I14DX8, ,Commercial Papers,-,-,-,-
723821,Kotak Mahindra Investments Limited,KMIL171122,Kotak Mahindra Investments Ltd,Delisted,F ,500000.00,INE975F14XR3, ,Commercial Papers,-,-,-,-
723822,ICICI Securities Limited,ISL171122,ICICI Securities Ltd,Delisted,F ,500000.00,INE763G14NS0, ,Commercial Papers,-,-,-,-
723823,ICICI Securities Limited,ISL17112022,ICICI Securities Ltd,Delisted,F ,500000.00,INE763G14NR2, ,Commercial Papers,-,-,-,-
723824,Redington Limited,RL171122A,Redington Ltd,Delisted,F ,500000.00,INE891D14WA5, ,Commercial Papers,-,-,-,-
723825,Redington Limited,RL171122B,Redington Ltd,Delisted,F ,500000.00,INE891D14VZ4, ,Commercial Papers,-,-,-,-
723826,Redington Limited,RL171122C,Redington Ltd,Delisted,F ,500000.00,INE891D14VY7, ,Commercial Papers,-,-,-,-
723827,Jamnagar Utilities & Power Private Limited,JUPPL171122,Jamnagar Utilities & Power Pvt Ltd,Delisted,F ,500000.00,INE936D14253, ,Commercial Papers,-,-,-,-
723828,National Bank for Agriculture and Rural Development,NABAR161122,National Bank for Agriculture and Rural Development,Delisted,F ,500000.00,INE261F14JE5, ,Commercial Papers,-,-,-,-
723829,L&T Metro Rail (Hyderabad) Limited,L&TMR171122,L&T Metro Rail (Hyderabad) Ltd,Delisted,F ,500000.00,INE128M14233, ,Commercial Papers,-,-,-,-
723830,L&T Metro Rail (Hyderabad) Limited,LTMR171122A,L&T Metro Rail (Hyderabad) Ltd,Delisted,F ,500000.00,INE128M14241, ,Commercial Papers,-,-,-,-
723831,STANDARD CHARTERED CAPITAL LIMITED,SCCL171122A,STANDARD CHARTERED CAPITAL Ltd,Delisted,F ,500000.00,INE403G14QF3, ,Commercial Papers,-,-,-,-
723832,L&T Metro Rail (Hyderabad) Limited,LTMR171122B,L&T Metro Rail (Hyderabad) Ltd,Delisted,F ,500000.00,INE128M14258, ,Commercial Papers,-,-,-,-
723833,birla Group Holdings Private Limited,BGHP171122,birla Group Holdings Pvt Ltd,Delisted,F ,500000.00,INE09OL14BR3, ,Commercial Papers,-,-,-,-
723834,Sterlite Technologies Limited.,STL171122,Sterlite Technologies Ltd,Delisted,F ,500000.00,INE089C14CG7, ,Commercial Papers,-,-,-,-
723835,Axis Securities Limited,ASL171122,Axis Securities Ltd,Delisted,F ,500000.00,INE110O14823, ,Commercial Papers,-,-,-,-
723836,The Ramco Cements Limited,TRCL171122,The Ramco Cements Ltd,Delisted,F ,500000.00,INE331A14MT9, ,Commercial Papers,-,-,-,-
723837,Nuvama Wealth Finance Limited,NWFL171122,Nuvama Wealth Finance Ltd,Delisted,F ,500000.00,INE918K14918, ,Commercial Papers,-,-,-,-
723838,HDFC Securities Limited,HSEC181122,HDFC Securities Ltd,Delisted,F ,500000.00,INE700G14DO2, ,Commercial Papers,-,-,-,-
723839,ICICI Securities Limited,ISEC181122,ICICI Securities Ltd,Delisted,F ,500000.00,INE763G14NT8, ,Commercial Papers,-,-,-,-
723840,NLC Tamilnadu Power Limited,NTPL181122,NLC Tamilnadu Power Ltd,Delisted,F ,500000.00,INE05C614287, ,Commercial Papers,-,-,-,-
723842,Godrej Housing Finance Limited,GHFL181122,Godrej Housing Finance Ltd,Delisted,F ,500000.00,INE02JD14195, ,Commercial Papers,-,-,-,-
723843,Reliance Retail Ventures Limited,RRVL181122,Reliance Retail Ventures Ltd,Delisted,F ,500000.00,INE929O14867, ,Commercial Papers,-,-,-,-
723844,Reliance Retail Ventures Limited,RRV181122,Reliance Retail Ventures Ltd,Delisted,F ,500000.00,INE929O14875, ,Commercial Papers,-,-,-,-
723845,J.K. CEMENT LTD,JKCL181122,JK CEMENT LTD,Delisted,F ,500000.00,INE823G14827, ,Commercial Papers,-,-,-,-
723846,Hindustan Media Ventures Limited,HMVL171122,Hindustan Media Ventures Ltd,Delisted,F ,500000.00,INE871K14323, ,Commercial Papers,-,-,-,-
723847,Adani Ports and Special Economic Zone Ltd,APSEZ171122,Adani Ports and Special Economic Zone Ltd,Delisted,F ,500000.00,INE742F14QU5, ,Commercial Papers,-,-,-,-
723848,Tata Power Co. Ltd,TPCL181122,Tata Power Co Ltd,Delisted,F ,500000.00,INE245A14HC7, ,Commercial Papers,-,-,-,-
723849,The Ramco Cements Limited,TRCL181122,The Ramco Cements Ltd,Delisted,F ,500000.00,INE331A14MS1, ,Commercial Papers,-,-,-,-
723850,Dalmia Cement (Bharat) Limited,DCBL181122,Dalmia Cement (Bharat) Ltd,Delisted,F ,500000.00,INE755K14EO6, ,Commercial Papers,-,-,-,-
723851,birla Group Holdings Private Limited,BGHPL211122,birla Group Holdings Pvt Ltd,Delisted,F ,500000.00,INE09OL14BS1, ,Commercial Papers,-,-,-,-
723852,Dalmia Cement (Bharat) Limited,DCB181122,Dalmia Cement (Bharat) Ltd,Delisted,F ,500000.00,INE755K14EP3, ,Commercial Papers,-,-,-,-
723853,Reliance Retail Ventures Limited,RRVL211122,Reliance Retail Ventures Ltd,Delisted,F ,500000.00,INE929O14883, ,Commercial Papers,-,-,-,-
723854,360 ONE Prime Limited,IIFLW181122,IIFL Wealth Prime Ltd,Delisted,F ,500000.00,INE248U14MJ4, ,Commercial Papers,-,-,-,-
723855,Tata Power Co. Ltd,TPCL211122,Tata Power Co Ltd,Delisted,F ,500000.00,INE245A14HD5, ,Commercial Papers,-,-,-,-
723856,SEIL Energy India Limited,SEIL181122,Sembcorp Energy India Ltd,Delisted,F ,500000.00,INE460M14347, ,Commercial Papers,-,-,-,-
723857,Fedbank Financial Services Limited,FFSL181122,Fedbank Financial Services Ltd,Delisted,F ,500000.00,INE007N14DJ8, ,Commercial Papers,-,-,-,-
723858,Solar Industries India Limited,SIIL211122,Solar Industries India Ltd,Delisted,F ,500000.00,INE343H14147, ,Commercial Papers,-,-,-,-
723859,Adani Enterprises Ltd.,AEL211122,Adani Enterprises Ltd,Delisted,F ,500000.00,INE423A14SC7, ,Commercial Papers,-,-,-,-
723860,The Ramco Cements Limited,TRCL211122,The Ramco Cements Ltd,Delisted,F ,500000.00,INE331A14MU7, ,Commercial Papers,-,-,-,-
723861,Kotak Mahindra Investments Limited,KMIL211122,Kotak Mahindra Investments Ltd,Delisted,F ,500000.00,INE975F14XS1, ,Commercial Papers,-,-,-,-
723862,Kotak Securities Limited,KSL221122,Kotak Securities Ltd,Delisted,F ,500000.00,INE028E14LB3, ,Commercial Papers,-,-,-,-
723863,Century Textiles & Industries Ltd.,CTIL221122,Century Textiles & Industries Ltd,Delisted,F ,500000.00,INE055A14JH5, ,Commercial Papers,-,-,-,-
723864,KEC International Ltd.,KECIL221122,KEC International Ltd,Delisted,F ,500000.00,INE389H14IX2, ,Commercial Papers,-,-,-,-
723865,Julius Baer Capital (India) Private Limited,JBC221122,Julius Baer Capital (India) Pvt Ltd,Delisted,F ,500000.00,INE824H14JX6, ,Commercial Papers,-,-,-,-
723866,Julius Baer Capital (India) Private Limited,JBCL221122,Julius Baer Capital (India) Pvt Ltd,Delisted,F ,500000.00,INE824H14JZ1, ,Commercial Papers,-,-,-,-
723867,Julius Baer Capital (India) Private Limited,JBCPL221122,Julius Baer Capital (India) Pvt Ltd,Delisted,F ,500000.00,INE824H14JY4, ,Commercial Papers,-,-,-,-
723868,Larsen & Toubro Limited,L&T221122,Larsen & Toubro Ltd,Delisted,F ,500000.00,INE018A14JC4, ,Commercial Papers,-,-,-,-
723869,360 ONE WAM LIMITED,OWL211122,360 ONE WAM LTD,Delisted,F ,500000.00,INE466L14BN6, ,Commercial Papers,-,-,-,-
723870,Sun Petrochemicals Private Limited,SPPL221122,Sun Petrochemicals Pvt Ltd,Delisted,F ,500000.00,INE0IWA14051, ,Commercial Papers,-,-,-,-
723871,ARKA FINCAP LIMITED,AFL221122,ARKA FINCAP Ltd,Delisted,F ,500000.00,INE03W114336, ,Commercial Papers,-,-,-,-
723872,SIKKA PORTS & TERMINALS LTD,SPTL221122,SIKKA PORTS & TERMINALS LTD,Delisted,F ,500000.00,INE941D14303, ,Commercial Papers,-,-,-,-
723873,Motilal Oswal Finvest Limited,MOFL221122,Motilal Oswal Finvest Ltd,Delisted,F ,500000.00,INE01WN14678, ,Commercial Papers,-,-,-,-
723874,Julius Baer Capital (India) Private Limited,JBCP231122,Julius Baer Capital (India) Pvt Ltd,Delisted,F ,500000.00,INE824H14KA2, ,Commercial Papers,-,-,-,-
723875,Adani Enterprises Ltd.,AEL221122,Adani Enterprises Ltd,Delisted,F ,500000.00,INE423A14SD5, ,Commercial Papers,-,-,-,-
723876,Tata Housing Development Company Limited,THDC221122,Tata Housing Development Company Ltd,Delisted,F ,500000.00,INE582L14GP4, ,Commercial Papers,-,-,-,-
723877,IGH Holdings Private Limited,IGHHP231122,IGH Holdings Pvt Ltd,Delisted,F ,500000.00,INE02FN14150, ,Commercial Papers,-,-,-,-
723878,Asirvad Microfinance Limited,AML231122,Asirvad Microfinance Ltd,Delisted,F ,500000.00,INE516Q14230, ,Commercial Papers,-,-,-,-
723879,Godrej Finance Limited,GFL241122,Godrej Finance Ltd,Delisted,F ,500000.00,INE02KN14028, ,Commercial Papers,-,-,-,-
723880,Kotak Securities Limited,KSL241122,Kotak Securities Ltd,Delisted,F ,500000.00,INE028E14LC1, ,Commercial Papers,-,-,-,-
723881,SEIL Energy India Limited,SEIL241122Q,Sembcorp Energy India Ltd,Delisted,F ,500000.00,INE460M14354, ,Commercial Papers,-,-,-,-
723882,TRUST INVESTMENT ADVISORS PRIVATE LIMITED,TIAPL251122,TRUST INVESTMENT ADVISORS Pvt Ltd,Delisted,F ,500000.00,INE723X14CW4, ,Commercial Papers,-,-,-,-
723883,Axis Securities Limited,ASL251122,Axis Securities Ltd,Delisted,F ,500000.00,INE110O14831, ,Commercial Papers,-,-,-,-
723884,birla Group Holdings Private Limited,BGHPL251122,birla Group Holdings Pvt Ltd,Delisted,F ,500000.00,INE09OL14BT9, ,Commercial Papers,-,-,-,-
723885,Redington Limited,RL241122,Redington Ltd,Delisted,F ,500000.00,INE891D14WB3, ,Commercial Papers,-,-,-,-
723886,Sterlite Technologies Limited.,STL251122,Sterlite Technologies Ltd,Delisted,F ,500000.00,INE089C14CH5, ,Commercial Papers,-,-,-,-
723887,Lendingkart Finance Limited,LFL241122,Lendingkart Finance Ltd,Delisted,F ,500000.00,INE090W14135, ,Commercial Papers,-,-,-,-
723888,Time Technoplast Limited,TTL251122,Time Technoplast Ltd,Delisted,F ,500000.00,INE508G14CV6, ,Commercial Papers,-,-,-,-
723889,ICICI Securities Limited,ISECL251122,ICICI Securities Ltd,Delisted,F ,500000.00,INE763G14NU6, ,Commercial Papers,-,-,-,-
723890,HDFC Securities Limited,HDFCS251122,HDFC Securities Ltd,Delisted,F ,500000.00,INE700G14DP9, ,Commercial Papers,-,-,-,-
723891,Tata Power Co. Ltd,TPCL251122,Tata Power Co Ltd,Delisted,F ,500000.00,INE245A14HE3, ,Commercial Papers,-,-,-,-
723892,L&T Metro Rail (Hyderabad) Limited,LTMRL251122,L&T Metro Rail (Hyderabad) Ltd,Delisted,F ,500000.00,INE128M14274, ,Commercial Papers,-,-,-,-
723893,HDFC Bank Ltd.,HDFCB251122,HDFC Bank Ltd ,Delisted,F ,500000.00,INE040A14128, ,Commercial Papers,-,-,-,-
723894,Housing Development Finance Corp.Lt,HDFC281122,Housing Development Finance CorpLt,Delisted,F ,500000.00,INE001A14ZS2, ,Commercial Papers,-,-,-,-
723895,Network 18 Media & Investments Limited,N18MI281122,Network 18 Media & Investments Ltd,Delisted,F ,500000.00,INE870H14PA4, ,Commercial Papers,-,-,-,-
723896,Network 18 Media & Investments Limited,N18MI221128,Network 18 Media & Investments Ltd,Delisted,F ,500000.00,INE870H14PB2, ,Commercial Papers,-,-,-,-
723897,Bajaj Finance Limited,BFL251122,Bajaj Finance Ltd,Delisted,F ,500000.00,INE296A14TX1, ,Commercial Papers,-,-,-,-
723898,Krazybee Services Private Limited,KSPL251122,Krazybee Services Pvt Ltd,Delisted,F ,500000.00,INE07HK14094, ,Commercial Papers,-,-,-,-
723899,Sterlite Technologies Limited.,STL281122,Sterlite Technologies Ltd,Delisted,F ,500000.00,INE089C14CI3, ,Commercial Papers,-,-,-,-
723900,TV18 Broadcast Ltd.,TV18B281122,TV18 Broadcast Ltd,Delisted,F ,500000.00,INE886H14HW1, ,Commercial Papers,-,-,-,-
723901,birla Group Holdings Private Limited,BGHP291122,birla Group Holdings Pvt Ltd,Delisted,F ,500000.00,INE09OL14BV5, ,Commercial Papers,-,-,-,-
723902,birla Group Holdings Private Limited,BGHPL291122,birla Group Holdings Pvt Ltd,Delisted,F ,500000.00,INE09OL14BU7, ,Commercial Papers,-,-,-,-
723903,SEIL Energy India Limited,SEIL291122,Sembcorp Energy India Ltd,Delisted,F ,500000.00,INE460M14362, ,Commercial Papers,-,-,-,-
723904,L&T Metro Rail (Hyderabad) Limited,LTMRL291122,L&T Metro Rail (Hyderabad) Ltd,Delisted,F ,500000.00,INE128M14266, ,Commercial Papers,-,-,-,-
723905,TATA INTERNATIONAL LIMITED,TIL291122,TATA INTERNATIONAL Ltd,Delisted,F ,500000.00,INE751F14426, ,Commercial Papers,-,-,-,-
723906,Bajaj Finance Limited,BFL281122,Bajaj Finance Ltd,Delisted,F ,500000.00,INE296A14TY9, ,Commercial Papers,-,-,-,-
723907,Tata Housing Development Company Limited,THDCL291122,Tata Housing Development Company Ltd,Delisted,F ,500000.00,INE582L14GQ2, ,Commercial Papers,-,-,-,-
723908,Motilal Oswal Financial Services Limited,MOFS281122,Motilal Oswal Financial Services Ltd,Delisted,F ,500000.00,INE338I14DY6, ,Commercial Papers,-,-,-,-
723909,ICICI Securities Limited,ICICI291122,ICICI Securities Ltd,Delisted,F ,500000.00,INE763G14NV4, ,Commercial Papers,-,-,-,-
723910,ICICI Securities Limited,ICI291122,ICICI Securities Ltd,Delisted,F ,500000.00,INE763G14NW2, ,Commercial Papers,-,-,-,-
723911,ICICI Securities Limited,ICIC291122,ICICI Securities Ltd,Delisted,F ,500000.00,INE763G14NX0, ,Commercial Papers,-,-,-,-
723912,TV18 Broadcast Ltd.,TVBL301122,TV18 Broadcast Ltd,Delisted,F ,500000.00,INE886H14HX9, ,Commercial Papers,-,-,-,-
723913,SIKKA PORTS & TERMINALS LTD,SPTL291122,SIKKA PORTS & TERMINALS LTD,Delisted,F ,500000.00,INE941D14311, ,Commercial Papers,-,-,-,-
723914,Redington Limited,RL291122,Redington Ltd,Delisted,F ,500000.00,INE891D14WC1, ,Commercial Papers,-,-,-,-
723915,Redington Limited,RL29112022,Redington Ltd,Delisted,F ,500000.00,INE891D14WD9, ,Commercial Papers,-,-,-,-
723916,ARKA FINCAP LIMITED,AFL291122,ARKA FINCAP Ltd,Delisted,F ,500000.00,INE03W114344, ,Commercial Papers,-,-,-,-
723917,IIFL Samasta Finance Limited,ISFL291122,IIFL Samasta Finance Ltd,Delisted,F ,500000.00,INE413U14174, ,Commercial Papers,-,-,-,-
723918,HDFC Securities Limited,HSL301122,HDFC Securities Ltd,Delisted,F ,500000.00,INE700G14DQ7, ,Commercial Papers,-,-,-,-
723919,birla Group Holdings Private Limited,BGHP301122,birla Group Holdings Pvt Ltd,Delisted,F ,500000.00,INE09OL14BW3, ,Commercial Papers,-,-,-,-
723920,Godrej Housing Finance Limited,GHFL11222,Godrej Housing Finance Ltd,Delisted,F ,500000.00,INE02JD14203, ,Commercial Papers,-,-,-,-
723921,HDFC Bank Ltd.,HDFCB11222,HDFC Bank Ltd ,Delisted,F ,500000.00,INE040A14136, ,Commercial Papers,-,-,-,-
723922,Nuvama Wealth Finance Limited,NWFL11222,Nuvama Wealth Finance Ltd,Delisted,F ,500000.00,INE918K14926, ,Commercial Papers,-,-,-,-
723923,Redington Limited,RL11222,Redington Ltd,Delisted,F ,500000.00,INE891D14WE7, ,Commercial Papers,-,-,-,-
723924,Reliance Jio Infocomm Limited,RJIL11222,Reliance Jio Infocomm Ltd,Delisted,F ,500000.00,INE110L14RM8, ,Commercial Papers,-,-,-,-
723925,Julius Baer Capital (India) Private Limited,JBCPL11222,Julius Baer Capital (India) Pvt Ltd,Delisted,F ,500000.00,INE824H14KB0, ,Commercial Papers,-,-,-,-
723926,Larsen & Toubro Limited,LTL301122,Larsen & Toubro Ltd,Delisted,F ,500000.00,INE018A14JD2, ,Commercial Papers,-,-,-,-
723927,HDFC Securities Limited,HSEC301122,HDFC Securities Ltd,Delisted,F ,500000.00,INE700G14DR5, ,Commercial Papers,-,-,-,-
723928,Infina Finance Private Limited,IFPL11222,Infina Finance Pvt Ltd,Delisted,F ,500000.00,INE879F14GK7, ,Commercial Papers,-,-,-,-
723929,Infina Finance Private Limited,IFPL1122022,Infina Finance Pvt Ltd,Delisted,F ,500000.00,INE879F14GI1, ,Commercial Papers,-,-,-,-
723930,Sharekhan BNP Paribas Financial Services Limited,SBPFSL112,Sharekhan BNP Paribas Financial Services Ltd,Delisted,F ,500000.00,INE550X14987, ,Commercial Papers,-,-,-,-
723931,Sharekhan Limited,SL301122,Sharekhan Ltd,Delisted,F ,500000.00,INE211H14468, ,Commercial Papers,-,-,-,-
723932,Reliance Jio Infocomm Limited,RJIL301122,Reliance Jio Infocomm Ltd,Delisted,F ,500000.00,INE110L14RK2, ,Commercial Papers,-,-,-,-
723933,The Ramco Cements Limited,TRCL21222,The Ramco Cements Ltd,Delisted,F ,500000.00,INE331A14MV5, ,Commercial Papers,-,-,-,-
723934,HDFC Securities Limited,HSL21222,HDFC Securities Ltd,Delisted,F ,500000.00,INE700G14DT1, ,Commercial Papers,-,-,-,-
723935,HDFC Securities Limited,HSL021222,HDFC Securities Ltd,Delisted,F ,500000.00,INE700G14DS3, ,Commercial Papers,-,-,-,-
723936,Reliance Jio Infocomm Limited,RJIL21222,Reliance Jio Infocomm Ltd,Delisted,F ,500000.00,INE110L14RN6, ,Commercial Papers,-,-,-,-
723937,Sharekhan BNP Paribas Financial Services Limited,SBPSL021222,Sharekhan BNP Paribas Financial Services Ltd,Delisted,F ,500000.00,INE550X14995, ,Commercial Papers,-,-,-,-
723938,Axis Securities Limited,ASL21222,Axis Securities Ltd,Delisted,F ,500000.00,INE110O14849, ,Commercial Papers,-,-,-,-
723939,Infina Finance Private Limited,IFPL21222,Infina Finance Pvt Ltd,Delisted,F ,500000.00,INE879F14GJ9, ,Commercial Papers,-,-,-,-
723940,Axis Finance Limited,AFL021222,AFL-28-2-23-CP,Delisted,F ,500000.00,INE891K14LU1, ,Commercial Papers,-,-,-,-
723941,Tata Power Co. Ltd,TPCL021222,TPCL-28-2-23-CP,Delisted,F ,500000.00,INE245A14HF0, ,Commercial Papers,-,-,-,-
723942,Sterlite Technologies Limited.,STL21222,Sterlite Technologies Ltd,Delisted,F ,500000.00,INE089C14CJ1, ,Commercial Papers,-,-,-,-
723943,Kotak Mahindra Investments Limited,KMIL21222,KMIL-9-12-22-CP,Delisted,F ,500000.00,INE975F14XT9, ,Commercial Papers,-,-,-,-
723944,KEC International Ltd.,KECIL51222,KEC International Ltd,Delisted,F ,500000.00,INE389H14IZ7, ,Commercial Papers,-,-,-,-
723945,Reliance Retail Ventures Limited,RRVL51222,Reliance Retail Ventures Ltd,Delisted,F ,500000.00,INE929O14891, ,Commercial Papers,-,-,-,-
723946,KEC International Ltd.,KIL21222,KEC International Ltd,Delisted,F ,500000.00,INE389H14IY0, ,Commercial Papers,-,-,-,-
723947,Julius Baer Capital (India) Private Limited,JBCL51222,Julius Baer Capital (India) Pvt Ltd,Delisted,F ,500000.00,INE824H14KC8, ,Commercial Papers,-,-,-,-
723948,Sharekhan Limited,SL021222,Sharekhan Ltd,Delisted,F ,500000.00,INE211H14476, ,Commercial Papers,-,-,-,-
723949,Can Fin Homes Ltd.,CFHL021222,Can Fin Homes Ltd,Delisted,F ,500000.00,INE477A14CA1, ,Commercial Papers,-,-,-,-
723950,CaratLane Trading Private Limited,CTPL51222,CaratLane Trading Pvt Ltd,Delisted,F ,500000.00,INE015Y14369, ,Commercial Papers,-,-,-,-
723951,Reliance Jio Infocomm Limited,RJIL051222,Reliance Jio Infocomm Ltd,Delisted,F ,500000.00,INE110L14RL0, ,Commercial Papers,-,-,-,-
723952,Nuvama Wealth Finance Limited,NWFL061222,Nuvama Wealth Finance Ltd,Delisted,F ,500000.00,INE918K14934, ,Commercial Papers,-,-,-,-
723953,Axis Securities Limited,ASL61222,Axis Securities Ltd,Delisted,F ,500000.00,INE110O14856, ,Commercial Papers,-,-,-,-
723954,ICICI Securities Limited,ISEC61222,ICICI Securities Ltd,Delisted,F ,500000.00,INE763G14NY8, ,Commercial Papers,-,-,-,-
723955,Mangalore Refinery & Petrochemicals,MRPL71222,Mangalore Refinery & Petrochemicals,Delisted,F ,500000.00,INE103A14439, ,Commercial Papers,-,-,-,-
723956,KEC International Ltd.,KEC71222,KEC International Ltd,Delisted,F ,500000.00,INE389H14JA8, ,Commercial Papers,-,-,-,-
723957,HDFC Bank Ltd.,HDFCB71222,HDFC Bank Ltd ,Delisted,F ,500000.00,INE040A14144, ,Commercial Papers,-,-,-,-
723958,Infina Finance Private Limited,IFPL71222,Infina Finance Pvt Ltd,Delisted,F ,500000.00,INE879F14GL5, ,Commercial Papers,-,-,-,-
723959,Motilal Oswal Financial Services Limited,MOFSL61222,Motilal Oswal Financial Services Ltd,Delisted,F ,500000.00,INE338I14DZ3, ,Commercial Papers,-,-,-,-
723960,Tata Power Co. Ltd,TPCL71222,Tata Power Co Ltd,Delisted,F ,500000.00,INE245A14HG8, ,Commercial Papers,-,-,-,-
723961,Motilal Oswal Finvest Limited,MOFL61222,Motilal Oswal Finvest Ltd,Delisted,F ,500000.00,INE01WN14686, ,Commercial Papers,-,-,-,-
723962,Indian Oil Corporation Ltd.,IOC61222,Indian Oil Corporation Ltd,Delisted,F ,500000.00,INE242A14XI8, ,Commercial Papers,-,-,-,-
723963,Reliance Retail Ventures Limited,RRVL71222,Reliance Retail Ventures Ltd,Delisted,F ,500000.00,INE929O14909, ,Commercial Papers,-,-,-,-
723964,Reliance Retail Ventures Limited,RRV71222,Reliance Retail Ventures Ltd,Delisted,F ,500000.00,INE929O14917, ,Commercial Papers,-,-,-,-
723965,Motilal Oswal Finvest Limited,MOFL071222,Motilal Oswal Finvest Ltd,Delisted,F ,500000.00,INE01WN14694, ,Commercial Papers,-,-,-,-
723966,GIC Housing Finance Ltd.,GICHF081222,GIC Housing Finance Ltd,Delisted,F ,500000.00,INE289B14IF4, ,Commercial Papers,-,-,-,-
723967,Bajaj Financial Securities Limited,BFSL71222,Bajaj Financial Securities Ltd,Delisted,F ,500000.00,INE01C314320, ,Commercial Papers,-,-,-,-
723968,Bajaj Finance Limited,BFL071222,Bajaj Finance Ltd,Delisted,F ,500000.00,INE296A14TZ6, ,Commercial Papers,-,-,-,-
723969,STANDARD CHARTERED CAPITAL LIMITED,SCCL081222,STANDARD CHARTERED CAPITAL Ltd,Delisted,F ,500000.00,INE403G14QH9, ,Commercial Papers,-,-,-,-
723970,STANDARD CHARTERED CAPITAL LIMITED,SCCL081222A,STANDARD CHARTERED CAPITAL Ltd,Delisted,F ,500000.00,INE403G14QI7, ,Commercial Papers,-,-,-,-
723971,Infina Finance Private Limited,IFPL081222,Infina Finance Pvt Ltd,Delisted,F ,500000.00,INE879F14GN1, ,Commercial Papers,-,-,-,-
723972,Infina Finance Private Limited,IFPL081222A,Infina Finance Pvt Ltd,Delisted,F ,500000.00,INE879F14GM3, ,Commercial Papers,-,-,-,-
723973,Nuvama Wealth and Investment Limited,NWIL071222,Nuvama Wealth and Investment Ltd,Delisted,F ,500000.00,INE523L14245, ,Commercial Papers,-,-,-,-
723974,HDFC Securities Limited,HSL91222,HDFC Securities Ltd,Delisted,F ,500000.00,INE700G14DU9, ,Commercial Papers,-,-,-,-
723975,HDFC Securities Limited,HSL091222,HDFC Securities Ltd,Delisted,F ,500000.00,INE700G14DV7, ,Commercial Papers,-,-,-,-
723976,Axis Securities Limited,ASL91222,Axis Securities Ltd,Delisted,F ,500000.00,INE110O14864, ,Commercial Papers,-,-,-,-
723977,Bajaj Finance Limited,BFL081222,Bajaj Finance Ltd,Delisted,F ,500000.00,INE296A14UA7, ,Commercial Papers,-,-,-,-
723978,Dalmia Cement (Bharat) Limited,DCBL91222,Dalmia Cement (Bharat) Ltd,Delisted,F ,500000.00,INE755K14EQ1, ,Commercial Papers,-,-,-,-
723979,ICICI Securities Limited,ISL91222,ICICI Securities Ltd,Delisted,F ,500000.00,INE763G14NZ5, ,Commercial Papers,-,-,-,-
723980,Nuvama Wealth Finance Limited,NWFL91222,Nuvama Wealth Finance Ltd,Delisted,F ,500000.00,INE918K14942, ,Commercial Papers,-,-,-,-
723981,Bajaj Finance Limited,BFL091222,Bajaj Finance Ltd,Delisted,F ,500000.00,INE296A14UB5, ,Commercial Papers,-,-,-,-
723982,Axis Securities Limited,ASL121222,Axis Securities Ltd,Delisted,F ,500000.00,INE110O14872, ,Commercial Papers,-,-,-,-
723983,Motilal Oswal Financial Services Limited,MOFSL91222,Motilal Oswal Financial Services Ltd,Delisted,F ,500000.00,INE338I14EA4, ,Commercial Papers,-,-,-,-
723984,Sharekhan Limited,SL121222,Sharekhan Ltd,Delisted,F ,500000.00,INE211H14484, ,Commercial Papers,-,-,-,-
723985,Sharekhan BNP Paribas Financial Services Limited,SBPFS121222,Sharekhan BNP Paribas Financial Services Ltd,Delisted,F ,500000.00,INE550X14AA1, ,Commercial Papers,-,-,-,-
723986,Infina Finance Private Limited,IFPL121222,Infina Finance Pvt Ltd,Delisted,F ,500000.00,INE879F14GO9, ,Commercial Papers,-,-,-,-
723987,Kotak Securities Limited,KSL121222,Kotak Securities Ltd,Delisted,F ,500000.00,INE028E14LD9, ,Commercial Papers,-,-,-,-
723988,Network 18 Media & Investments Limited,N18MI121222,Network 18 Media & Investments Ltd,Delisted,F ,500000.00,INE870H14PC0, ,Commercial Papers,-,-,-,-
723989,Network 18 Media & Investments Limited,N18M121222A,Network 18 Media & Investments Ltd,Delisted,F ,500000.00,INE870H14PD8, ,Commercial Papers,-,-,-,-
723990,HDFC Securities Limited,HDFCS121222,HDFC Securities Ltd,Delisted,F ,500000.00,INE700G14DW5, ,Commercial Papers,-,-,-,-
723991,HDFC Securities Limited,HDFC121222A,HDFC Securities Ltd,Delisted,F ,500000.00,INE700G14DX3, ,Commercial Papers,-,-,-,-
723992,CaratLane Trading Private Limited,CTPL121222,CaratLane Trading Pvt Ltd,Delisted,F ,500000.00,INE015Y14377, ,Commercial Papers,-,-,-,-
723993,Godrej Housing Finance Limited,GHFL121222,Godrej Housing Finance Ltd,Delisted,F ,500000.00,INE02JD14211, ,Commercial Papers,-,-,-,-
723994,Jamnagar Utilities & Power Private Limited,JUPPL121222,Jamnagar Utilities & Power Pvt Ltd,Delisted,F ,500000.00,INE936D14261, ,Commercial Papers,-,-,-,-
723995,Kotak Mahindra Investments Limited,KMIL121222,Kotak Mahindra Investments Ltd,Delisted,F ,500000.00,INE975F14XU7, ,Commercial Papers,-,-,-,-
723996,Kotak Mahindra Investments Limited,KML121222,Kotak Mahindra Investments Ltd,Delisted,F ,500000.00,INE975F14XV5, ,Commercial Papers,-,-,-,-
723997,Nuvama Wealth Finance Limited,NWFL131222,Nuvama Wealth Finance Ltd,Delisted,F ,500000.00,INE918K14967, ,Commercial Papers,-,-,-,-
723998,Kotak Mahindra Investments Limited,KMI121222,Kotak Mahindra Investments Ltd,Delisted,F ,500000.00,INE975F14XW3, ,Commercial Papers,-,-,-,-
723999,Network 18 Media & Investments Limited,NMIL131222,Network 18 Media & Investments Ltd,Delisted,F ,500000.00,INE870H14PF3, ,Commercial Papers,-,-,-,-
724000,Sterlite Technologies Limited.,STL131222,Sterlite Technologies Ltd,Delisted,F ,500000.00,INE089C14CK9, ,Commercial Papers,-,-,-,-
724001,HDFC Securities Limited,HDFCS141222,HDFC Securities Ltd,Delisted,F ,500000.00,INE700G14DY1, ,Commercial Papers,-,-,-,-
724002,Axis Securities Limited,ASL141222,Axis Securities Ltd,Delisted,F ,500000.00,INE110O14880, ,Commercial Papers,-,-,-,-
724003,Sharekhan Limited,SL131222,Sharekhan Ltd,Delisted,F ,500000.00,INE211H14492, ,Commercial Papers,-,-,-,-
724004,Infina Finance Private Limited,IFPL141222,Infina Finance Pvt Ltd,Delisted,F ,500000.00,INE879F14GP6, ,Commercial Papers,-,-,-,-
724005,Infina Finance Private Limited,IFPL141222A,Infina Finance Pvt Ltd,Delisted,F ,500000.00,INE879F14GQ4, ,Commercial Papers,-,-,-,-
724006,Godrej Housing Finance Limited,GHFL131222,Godrej Housing Finance Ltd,Delisted,F ,500000.00,INE02JD14229, ,Commercial Papers,-,-,-,-
724007,Godrej Housing Finance Limited,GHFL131222A,Godrej Housing Finance Ltd,Delisted,F ,500000.00,INE02JD14237, ,Commercial Papers,-,-,-,-
724008,Redington Limited,RL141222,Redington Ltd,Delisted,F ,500000.00,INE891D14WF4, ,Commercial Papers,-,-,-,-
724009,Redington Limited,RL14122022,Redington Ltd,Delisted,F ,500000.00,INE891D14WG2, ,Commercial Papers,-,-,-,-
724010,Redington Limited,RL221214,Redington Ltd,Delisted,F ,500000.00,INE891D14WH0, ,Commercial Papers,-,-,-,-
724011,ICICI HOME FINANCE COMPANY LIMITED,IHFCL141222,ICICI HOME FINANCE COMPANY Ltd,Delisted,F ,500000.00,INE071G14EJ6, ,Commercial Papers,-,-,-,-
724012,Reliance Retail Ventures Limited,RRVL141222,Reliance Retail Ventures Ltd,Delisted,F ,500000.00,INE929O14925, ,Commercial Papers,-,-,-,-
724013,birla Group Holdings Private Limited,BGHPL151222,birla Group Holdings Pvt Ltd,Delisted,F ,500000.00,INE09OL14BY9, ,Commercial Papers,-,-,-,-
724014,birla Group Holdings Private Limited,BGHP151222A,birla Group Holdings Pvt Ltd,Delisted,F ,500000.00,INE09OL14BX1, ,Commercial Papers,-,-,-,-
724015,birla Group Holdings Private Limited,BGHP151222B,birla Group Holdings Pvt Ltd,Delisted,F ,500000.00,INE09OL14BZ6, ,Commercial Papers,-,-,-,-
724016,J.K. CEMENT LTD,JKC151222,JK CEMENT LTD,Delisted,F ,500000.00,INE823G14835, ,Commercial Papers,-,-,-,-
724017,Motilal Oswal Financial Services Limited,MOFSL141222,Motilal Oswal Financial Services Ltd,Delisted,F ,500000.00,INE338I14EB2, ,Commercial Papers,-,-,-,-
724018,Sharekhan Limited,SL141222,Sharekhan Ltd,Delisted,F ,500000.00,INE211H14500, ,Commercial Papers,-,-,-,-
724019,Redington Limited,RL151222,Redington Ltd,Delisted,F ,500000.00,INE891D14WI8, ,Commercial Papers,-,-,-,-
724020,KEC International Ltd.,KECIL151222,KEC International Ltd,Delisted,F ,500000.00,INE389H14JB6, ,Commercial Papers,-,-,-,-
724021,Muthoot Capital Services Ltd.,MCSL151222,Muthoot Capital Services Ltd,Delisted,F ,500000.00,INE296G14107, ,Commercial Papers,-,-,-,-
724022,Network 18 Media & Investments Limited,N18L161222,Network 18 Media & Investments Ltd,Delisted,F ,500000.00,INE870H14PE6, ,Commercial Papers,-,-,-,-
724023,Axis Securities Limited,ASL161222,Axis Securities Ltd,Delisted,F ,500000.00,INE110O14898, ,Commercial Papers,-,-,-,-
724024,Infina Finance Private Limited,IFPL161222,Infina Finance Pvt Ltd,Delisted,F ,500000.00,INE879F14GR2, ,Commercial Papers,-,-,-,-
724025,BOBCARD LIMITED,BOBFS151222,BOB Financial Solutions Ltd,Delisted,F ,500000.00,INE027214332, ,Commercial Papers,-,-,-,-
724026,CaratLane Trading Private Limited,CTPL161222,CaratLane Trading Pvt Ltd,Delisted,F ,500000.00,INE015Y14385, ,Commercial Papers,-,-,-,-
724027,Chennai Petroleum Corporation Ltd.,CPCL151222,Chennai Petroleum Corporation Ltd,Delisted,F ,500000.00,INE178A14HK3, ,Commercial Papers,-,-,-,-
724028,Kotak Securities Limited,KSL161222,Kotak Securities Ltd,Delisted,F ,500000.00,INE028E14LE7, ,Commercial Papers,-,-,-,-
724029,KEC International Ltd.,KECI161222,KEC International Ltd,Delisted,F ,500000.00,INE389H14JC4, ,Commercial Papers,-,-,-,-
724030,Tata Power Co. Ltd,TPCL161222,Tata Power Co Ltd,Delisted,F ,500000.00,INE245A14HH6, ,Commercial Papers,-,-,-,-
724031,Redington Limited,RL161222,Redington Ltd,Delisted,F ,500000.00,INE891D14WJ6, ,Commercial Papers,-,-,-,-
724032,Larsen & Toubro Limited,LTL161222,Larsen & Toubro Ltd,Delisted,F ,500000.00,INE018A14JE0, ,Commercial Papers,-,-,-,-
724033,KEC International Ltd.,KECIL191222,KEC International Ltd,Delisted,F ,500000.00,INE389H14JD2, ,Commercial Papers,-,-,-,-
724034,Infina Finance Private Limited,IFPL1912222,Infina Finance Pvt Ltd,Delisted,F ,500000.00,INE879F14GS0, ,Commercial Papers,-,-,-,-
724035,Julius Baer Capital (India) Private Limited,JBCPL191222,Julius Baer Capital (India) Pvt Ltd,Delisted,F ,500000.00,INE824H14KD6, ,Commercial Papers,-,-,-,-
724036,SIKKA PORTS & TERMINALS LTD,SPTL191222,SIKKA PORTS & TERMINALS LTD,Delisted,F ,500000.00,INE941D14329, ,Commercial Papers,-,-,-,-
724037,TATA STEEL LIMITED,TSL191222,TATA STEEL Ltd,Delisted,F ,500000.00,INE081A14DR3, ,Commercial Papers,-,-,-,-
724038,Pilani Investment And Industries Corporation Limited,PIICL191222,Pilani Investment And Industries Corporation Ltd,Delisted,F ,500000.00,INE417C14439, ,Commercial Papers,-,-,-,-
724039,TRUST INVESTMENT ADVISORS PRIVATE LIMITED,TIAPL191222,TRUST INVESTMENT ADVISORS Pvt Ltd,Delisted,F ,500000.00,INE723X14DA8, ,Commercial Papers,-,-,-,-
724040,birla Group Holdings Private Limited,BGHL191222,birla Group Holdings Pvt Ltd,Delisted,F ,500000.00,INE09OL14CA7, ,Commercial Papers,-,-,-,-
724041,Kotak Mahindra Investments Limited,KMIL191222,Kotak Mahindra Investments Ltd,Delisted,F ,500000.00,INE975F14XX1, ,Commercial Papers,-,-,-,-
724042,Pilani Investment And Industries Corporation Limited,PICL201222,Pilani Investment And Industries Corporation Ltd,Delisted,F ,500000.00,INE417C14447, ,Commercial Papers,-,-,-,-
724043,L&T Metro Rail (Hyderabad) Limited,LMRL201222,L&T Metro Rail (Hyderabad) Ltd,Delisted,F ,500000.00,INE128M14282, ,Commercial Papers,-,-,-,-
724044,HDFC Securities Limited,HSL201222,HDFC Securities Ltd,Delisted,F ,500000.00,INE700G14DZ8, ,Commercial Papers,-,-,-,-
724045,birla Group Holdings Private Limited,BGHPL201222,birla Group Holdings Pvt Ltd,Delisted,F ,500000.00,INE09OL14CB5, ,Commercial Papers,-,-,-,-
724046,Infina Finance Private Limited,IFPL201222,Infina Finance Pvt Ltd,Delisted,F ,500000.00,INE879F14GT8, ,Commercial Papers,-,-,-,-
724047,STANDARD CHARTERED CAPITAL LIMITED,SCCL191222,STANDARD CHARTERED CAPITAL Ltd,Delisted,F ,500000.00,INE403G14QJ5, ,Commercial Papers,-,-,-,-
724048,KEC International Ltd.,KIL201222,KEC International Ltd,Delisted,F ,500000.00,INE389H14JE0, ,Commercial Papers,-,-,-,-
724049,ICICI Securities Limited,ICICIS20122,ICICI Securities Ltd,Delisted,F ,500000.00,INE763G14OA6, ,Commercial Papers,-,-,-,-
724050,SIKKA PORTS & TERMINALS LTD,SPTL211222,SIKKA PORTS & TERMINALS LTD,Delisted,F ,500000.00,INE941D14337, ,Commercial Papers,-,-,-,-
724051,Julius Baer Capital (India) Private Limited,JBCP211222,Julius Baer Capital (India) Pvt Ltd,Delisted,F ,500000.00,INE824H14KF1, ,Commercial Papers,-,-,-,-
724052,KEC International Ltd.,KECIL211222,KEC International Ltd,Delisted,F ,500000.00,INE389H14JG5, ,Commercial Papers,-,-,-,-
724053,Kotak Securities Limited,KSL211222,Kotak Securities Ltd,Delisted,F ,500000.00,INE028E14LF4, ,Commercial Papers,-,-,-,-
724054,Dalmia Cement (Bharat) Limited,DCBL211222,Dalmia Cement (Bharat) Ltd,Delisted,F ,500000.00,INE755K14ER9, ,Commercial Papers,-,-,-,-
724055,L&T Metro Rail (Hyderabad) Limited,LTMRL201222,L&T Metro Rail (Hyderabad) Ltd,Delisted,F ,500000.00,INE128M14290, ,Commercial Papers,-,-,-,-
724056,Mindspace Business Parks REIT,MBPR201222,Mindspace Business Parks REIT,Delisted,F ,500000.00,INE0CCU14013, ,Commercial Papers,-,-,-,-
724057,Pilani Investment And Industries Corporation Limited,PIICL211222,Pilani Investment And Industries Corporation Ltd,Delisted,F ,500000.00,INE417C14454, ,Commercial Papers,-,-,-,-
724058,Bajaj Financial Securities Limited,BFSL211222,Bajaj Financial Securities Ltd,Delisted,F ,500000.00,INE01C314338, ,Commercial Papers,-,-,-,-
724059,Indian Oil Corporation Ltd.,IOCL211222,Indian Oil Corporation Ltd,Delisted,F ,500000.00,INE242A14XJ6, ,Commercial Papers,-,-,-,-
724060,Time Technoplast Limited,TTL211222,Time Technoplast Ltd,Delisted,F ,500000.00,INE508G14CY0, ,Commercial Papers,-,-,-,-
724061,Adani Ports and Special Economic Zone Ltd,APSEZ211222,Adani Ports and Special Economic Zone Ltd,Delisted,F ,500000.00,INE742F14QV3, ,Commercial Papers,-,-,-,-
724062,JSW Energy Limited,JSWE221222,JSW Energy Ltd,Delisted,F ,500000.00,INE121E14243, ,Commercial Papers,-,-,-,-
724063,Julius Baer Capital (India) Private Limited,JBCI221222,Julius Baer Capital (India) Pvt Ltd,Delisted,F ,500000.00,INE824H14KE4, ,Commercial Papers,-,-,-,-
724064,Redington Limited,RL221222A,Redington Ltd,Delisted,F ,500000.00,INE891D14WK4, ,Commercial Papers,-,-,-,-
724065,Redington Limited,RL221222B,Redington Ltd,Delisted,F ,500000.00,INE891D14WL2, ,Commercial Papers,-,-,-,-
724066,KEC International Ltd.,KECIL221222,KEC International Ltd,Delisted,F ,500000.00,INE389H14JF7, ,Commercial Papers,-,-,-,-
724067,ICICI HOME FINANCE COMPANY LIMITED,IHFC221222,ICICI HOME FINANCE COMPANY Ltd,Delisted,F ,500000.00,INE071G14EK4, ,Commercial Papers,-,-,-,-
724068,HDFC Securities Limited,HSL221222,HDFC Securities Ltd,Delisted,F ,500000.00,INE700G14EA9, ,Commercial Papers,-,-,-,-
724069,Housing Development Finance Corp.Lt,HDFC231222,Housing Development Finance CorpLt,Delisted,F ,500000.00,INE001A14ZW4, ,Commercial Papers,-,-,-,-
724070,BOBCARD LIMITED,BOBF231222,BOB Financial Solutions Ltd,Delisted,F ,500000.00,INE027214340, ,Commercial Papers,-,-,-,-
724071,birla Group Holdings Private Limited,BGHPL231222,birla Group Holdings Pvt Ltd,Delisted,F ,500000.00,INE09OL14CC3, ,Commercial Papers,-,-,-,-
724072,Adani Enterprises Ltd.,AEL221222,Adani Enterprises Ltd,Delisted,F ,500000.00,INE423A14SE3, ,Commercial Papers,-,-,-,-
724073,KEC International Ltd.,KIL231222,KEC International Ltd,Delisted,F ,500000.00,INE389H14JH3, ,Commercial Papers,-,-,-,-
724074,HDFC Securities Limited,HSL231222,HDFC Securities Ltd,Delisted,F ,500000.00,INE700G14EB7, ,Commercial Papers,-,-,-,-
724075,ICICI Securities Limited,ISL231222,ICICI Securities Ltd,Delisted,F ,500000.00,INE763G14OC2, ,Commercial Papers,-,-,-,-
724076,Nuvama Wealth and Investment Limited,NWIL221222,Nuvama Wealth and Investment Ltd,Delisted,F ,500000.00,INE523L14252, ,Commercial Papers,-,-,-,-
724077,Hindustan Media Ventures Limited,HMVL221222,Hindustan Media Ventures Ltd,Delisted,F ,500000.00,INE871K14331, ,Commercial Papers,-,-,-,-
724078,J.K. CEMENT LTD,JKCL231222,JK CEMENT LTD,Delisted,F ,500000.00,INE823G14843, ,Commercial Papers,-,-,-,-
724079,Motilal Oswal Financial Services Limited,MOFSL231222,Motilal Oswal Financial Services Ltd,Delisted,F ,500000.00,INE338I14EC0, ,Commercial Papers,-,-,-,-
724080,Nuvama Wealth Finance Limited,NWFL261222,Nuvama Wealth Finance Ltd,Delisted,F ,500000.00,INE918K14975, ,Commercial Papers,-,-,-,-
724081,Axis Finance Limited,AFL261222,Axis Finance Ltd,Delisted,F ,500000.00,INE891K14LV9, ,Commercial Papers,-,-,-,-
724082,ICICI Securities Limited,ISL261222,ICICI Securities Ltd,Delisted,F ,500000.00,INE763G14OB4, ,Commercial Papers,-,-,-,-
724083,JSW Energy Limited,JEL261222,JSW Energy Ltd,Delisted,F ,500000.00,INE121E14250, ,Commercial Papers,-,-,-,-
724084,HDFC Securities Limited,HSL261222,HDFC Securities Ltd,Delisted,F ,500000.00,INE700G14EC5, ,Commercial Papers,-,-,-,-
724085,KEC International Ltd.,KIL261222,KEC International Ltd,Delisted,F ,500000.00,INE389H14JI1, ,Commercial Papers,-,-,-,-
724086,Motilal Oswal Financial Services Limited,MOFSL261222,Motilal Oswal Financial Services Ltd,Delisted,F ,500000.00,INE338I14EE6, ,Commercial Papers,-,-,-,-
724087,Motilal Oswal Financial Services Limited,MOFS261222,Motilal Oswal Financial Services Ltd,Delisted,F ,500000.00,INE338I14ED8, ,Commercial Papers,-,-,-,-
724088,Motilal Oswal Finvest Limited,MOFL261222,Motilal Oswal Finvest Ltd,Delisted,F ,500000.00,INE01WN14702, ,Commercial Papers,-,-,-,-
724089,Pilani Investment And Industries Corporation Limited,PIL271222,Pilani Investment And Industries Corporation Ltd,Delisted,F ,500000.00,INE417C14462, ,Commercial Papers,-,-,-,-
724090,SBICAP Securities Limited,SBISL271222,SBICAP Securities Ltd,Delisted,F ,500000.00,INE212K14080, ,Commercial Papers,-,-,-,-
724091,Housing Development Finance Corp.Lt,HDFCL271222,Housing Development Finance CorpLt,Delisted,F ,500000.00,INE001A14ZX2, ,Commercial Papers,-,-,-,-
724092,HT Media Ltd,HML261222,HT Media Ltd,Delisted,F ,500000.00,INE501G14CV1, ,Commercial Papers,-,-,-,-
724093,Redington Limited,RL271222,Redington Ltd,Delisted,F ,500000.00,INE891D14WM0, ,Commercial Papers,-,-,-,-
724094,Network 18 Media & Investments Limited,N18IL271222,Network 18 Media & Investments Ltd,Delisted,F ,500000.00,INE870H14PG1, ,Commercial Papers,-,-,-,-
724095,Network 18 Media & Investments Limited,NMIL271222,Network 18 Media & Investments Ltd,Delisted,F ,500000.00,INE870H14PI7, ,Commercial Papers,-,-,-,-
724096,Network 18 Media & Investments Limited,N18L271222,Network 18 Media & Investments Ltd,Delisted,F ,500000.00,INE870H14PH9, ,Commercial Papers,-,-,-,-
724097,Julius Baer Capital (India) Private Limited,JBCL271222,Julius Baer Capital (India) Pvt Ltd,Delisted,F ,500000.00,INE824H14KG9, ,Commercial Papers,-,-,-,-
724098,Julius Baer Capital (India) Private Limited,JBPL271222,Julius Baer Capital (India) Pvt Ltd,Delisted,F ,500000.00,INE824H14KH7, ,Commercial Papers,-,-,-,-
724099,Time Technoplast Limited,TTL281222,Time Technoplast Ltd,Delisted,F ,500000.00,INE508G14DA8, ,Commercial Papers,-,-,-,-
724100,Infina Finance Private Limited,IFPL281222,Infina Finance Pvt Ltd,Delisted,F ,500000.00,INE879F14GU6, ,Commercial Papers,-,-,-,-
724101,Redington Limited,RL281222,Redington Ltd,Delisted,F ,500000.00,INE891D14WN8, ,Commercial Papers,-,-,-,-
724102,HDFC Bank Ltd.,HDFCB281222,HDFC Bank Ltd ,Delisted,F ,500000.00,INE040A14151, ,Commercial Papers,-,-,-,-
724103,Hindustan Media Ventures Limited,HMVL271222,Hindustan Media Ventures Ltd,Delisted,F ,500000.00,INE871K14349, ,Commercial Papers,-,-,-,-
724104,Pilani Investment And Industries Corporation Limited,PIL291222,Pilani Investment And Industries Corporation Ltd,Delisted,F ,500000.00,INE417C14470, ,Commercial Papers,-,-,-,-
724105,Julius Baer Capital (India) Private Limited,JBC291222,Julius Baer Capital (India) Pvt Ltd,Delisted,F ,500000.00,INE824H14KI5, ,Commercial Papers,-,-,-,-
724106,IGH Holdings Private Limited,IHPL291222,IGH Holdings Pvt Ltd,Delisted,F ,500000.00,INE02FN14168, ,Commercial Papers,-,-,-,-
724107,HDFC Credila Financial Services Ltd,HCFSL301222,HDFC Credila Financial Services Ltd,Delisted,F ,500000.00,INE539K14AW5, ,Commercial Papers,-,-,-,-
724108,Pilani Investment And Industries Corporation Limited,PIL301222,Pilani Investment And Industries Corporation Ltd,Delisted,F ,500000.00,INE417C14488, ,Commercial Papers,-,-,-,-
724109,HT Media Ltd,HTML291222,HT Media Ltd,Delisted,F ,500000.00,INE501G14CX7, ,Commercial Papers,-,-,-,-
724110,Godrej Finance Limited,GFL301222,Godrej Finance Ltd,Delisted,F ,500000.00,INE02KN14036, ,Commercial Papers,-,-,-,-
724111,L&T Metro Rail (Hyderabad) Limited,LTMRL301222,L&T Metro Rail (Hyderabad) Ltd,Delisted,F ,500000.00,INE128M14308, ,Commercial Papers,-,-,-,-
724112,L&T Metro Rail (Hyderabad) Limited,LTMRH301222,L&T Metro Rail (Hyderabad) Ltd,Delisted,F ,500000.00,INE128M14316, ,Commercial Papers,-,-,-,-
724113,SEIL Energy India Limited,SEIL301222,SEIL-31-3-23-CP,Delisted,F ,500000.00,INE460M14370, ,Commercial Papers,-,-,-,-
724114,SEIL Energy India Limited,SEIL301222,SEIL Energy India Ltd,Delisted,F ,500000.00,INE460M14388, ,Commercial Papers,-,-,-,-
724115,HT Media Ltd,HTML301222,HT Media Ltd,Delisted,F ,500000.00,INE501G14CW9, ,Commercial Papers,-,-,-,-
724116,Chennai Petroleum Corporation Ltd.,CPCL301222,Chennai Petroleum Corporation Ltd,Delisted,F ,500000.00,INE178A14HL1, ,Commercial Papers,-,-,-,-
724117,HDFC Securities Limited,HSL030123,HDFC Securities Ltd,Delisted,F ,500000.00,INE700G14ED3, ,Commercial Papers,-,-,-,-
724118,Motilal Oswal Finvest Limited,MOFL020123,Motilal Oswal Finvest Ltd,Delisted,F ,500000.00,INE01WN14728, ,Commercial Papers,-,-,-,-
724119,Motilal Oswal Finvest Limited,MOF020123,Motilal Oswal Finvest Ltd,Delisted,F ,500000.00,INE01WN14710, ,Commercial Papers,-,-,-,-
724120,Motilal Oswal Financial Services Limited,MOLFSL2123,Motilal Oswal Financial Services Ltd,Delisted,F ,500000.00,INE338I14EF3, ,Commercial Papers,-,-,-,-
724121,Adani Enterprises Ltd.,AEL02012023,AEL-31-3-23-CP,Delisted,F ,500000.00,-, ,Commercial Papers,-,-,-,-
724122,Kotak Mahindra Prime Limited,KMPL2123A,KMPL-2-1-24-CP,Delisted,F ,500000.00,INE916D141W8, ,Commercial Papers,-,-,-,-
724123,Axis Securities Limited,ASL4123,Axis Securities Ltd,Delisted,F ,500000.00,INE110O14906, ,Commercial Papers,-,-,-,-
724124,Can Fin Homes Ltd.,CFHL3123,CFHL-30-3-23-CP,Delisted,F ,500000.00,INE477A14CB9, ,Commercial Papers,-,-,-,-
724125,HDFC Credila Financial Services Ltd,HCFSL4123,HDFC Credila Financial Services Ltd,Delisted,F ,500000.00,INE539K14AX3, ,Commercial Papers,-,-,-,-
724126,Kotak Mahindra Investments Limited,KMIL040123,Kotak Mahindra Investments Ltd,Delisted,F ,500000.00,INE975F14XY9, ,Commercial Papers,-,-,-,-
724127,Century Textiles & Industries Ltd.,CTIL040123,Century Textiles & Industries Ltd,Delisted,F ,500000.00,INE055A14JI3, ,Commercial Papers,-,-,-,-
724128,HDFC Bank Ltd.,HDFCB050123,HDFC Bank Ltd ,Delisted,F ,500000.00,INE040A14169, ,Commercial Papers,-,-,-,-
724129,Muthoot Capital Services Ltd.,MCSL040123,MCSL-31-01-23-CP,Delisted,F ,500000.00,INE296G14115, ,Commercial Papers,-,-,-,-
724130,Kotak Mahindra Investments Limited,KMI050123,KMIL-14-7-23-CP,Delisted,F ,500000.00,INE975F14XZ6, ,Commercial Papers,-,-,-,-
724131,Sharekhan Limited,SL050123,SL-13-6-23-CP,Delisted,F ,500000.00,INE211H14526, ,Commercial Papers,-,-,-,-
724132,Sharekhan Limited,SL050123A,SL-12-6-23-CP,Delisted,F ,500000.00,INE211H14518, ,Commercial Papers,-,-,-,-
724133,BOBCARD LIMITED,BFSL5123,BOB Financial Solutions Ltd,Delisted,F ,500000.00,INE027214357, ,Commercial Papers,-,-,-,-
724134,Kotak Mahindra Prime Limited,KMPL5123,Kotak Mahindra Prime Ltd,Delisted,F ,500000.00,INE916D141X6, ,Commercial Papers,-,-,-,-
724135,Kotak Mahindra Prime Limited,KMPL050123,Kotak Mahindra Prime Ltd,Delisted,F ,500000.00,INE916D141Y4, ,Commercial Papers,-,-,-,-
724136,National Bank for Agriculture and Rural Development,NABAR050123,National Bank for Agriculture and Rural Development,Delisted,F ,500000.00,INE261F14JI6, ,Commercial Papers,-,-,-,-
724137,Chennai Petroleum Corporation Ltd.,CPCL5123,Chennai Petroleum Corporation Ltd,Delisted,F ,500000.00,INE178A14HM9, ,Commercial Papers,-,-,-,-
724138,Redington Limited,RL050123,Redington Ltd,Delisted,F ,500000.00,INE891D14WO6, ,Commercial Papers,-,-,-,-
724139,The Ramco Cements Limited,TRCL050123,The Ramco Cements Ltd,Delisted,F ,500000.00,INE331A14MW3, ,Commercial Papers,-,-,-,-
724140,CaratLane Trading Private Limited,CTPL5123,CaratLane Trading Pvt Ltd,Delisted,F ,500000.00,INE015Y14393, ,Commercial Papers,-,-,-,-
724141,JSW Steel Coated Products Limited,JSW050123,JSW Steel Coated Products Ltd,Delisted,F ,500000.00,INE02NH14024, ,Commercial Papers,-,-,-,-
724142,The Ramco Cements Limited,TRCL5123,The Ramco Cements Ltd,Delisted,F ,500000.00,INE331A14MY9, ,Commercial Papers,-,-,-,-
724143,Kotak Securities Limited,KSL06012023,Kotak Securities Ltd,Delisted,F ,500000.00,INE028E14LG2, ,Commercial Papers,-,-,-,-
724144,ICICI Securities Limited,ISL060123,ICICI Securities Ltd,Delisted,F ,500000.00,INE763G14OD0, ,Commercial Papers,-,-,-,-
724145,ICICI Securities Limited,ISL06012023,ICICI Securities Ltd,Delisted,F ,500000.00,INE763G14OE8, ,Commercial Papers,-,-,-,-
724146,Reliance Retail Ventures Limited,RRVL27323,Reliance Retail Ventures Ltd,Delisted,F ,500000.00,INE929O14933, ,Commercial Papers,-,-,-,-
724147,Kotak Mahindra Investments Limited,KMIL6123,Kotak Mahindra Investments Ltd,Delisted,F ,500000.00,INE975F14YA7, ,Commercial Papers,-,-,-,-
724148,TATA STEEL LIMITED,TSL090123,TATA STEEL Ltd,Delisted,F ,500000.00,INE081A14DS1, ,Commercial Papers,-,-,-,-
724149,L&T Metro Rail (Hyderabad) Limited,LTMRH9123,L&T Metro Rail (Hyderabad) Ltd,Delisted,F ,500000.00,INE128M14324, ,Commercial Papers,-,-,-,-
724150,Tata Power Co. Ltd,TPCL060123,Tata Power Co Ltd,Delisted,F ,500000.00,INE245A14HI4, ,Commercial Papers,-,-,-,-
724151,Redington Limited,RL060123,Redington Ltd,Delisted,F ,500000.00,INE891D14WQ1, ,Commercial Papers,-,-,-,-
724152,The Ramco Cements Limited,TRCL060123,The Ramco Cements Ltd,Delisted,F ,500000.00,INE331A14MX1, ,Commercial Papers,-,-,-,-
724153,Redington Limited,RL60123,Redington Ltd,Delisted,F ,500000.00,INE891D14WP3, ,Commercial Papers,-,-,-,-
724154,The Ramco Cements Limited,TRCL6123,The Ramco Cements Ltd,Delisted,F ,500000.00,INE331A14MZ6, ,Commercial Papers,-,-,-,-
724155,Shree Cements Ltd.,SCL060123,SCL-28-2-23-CP,Delisted,F ,500000.00,INE070A14661, ,Commercial Papers,-,-,-,-
724156,ICICI HOME FINANCE COMPANY LIMITED,IHFCL6123,IHFCL-6-3-23-CP,Delisted,F ,500000.00,INE071G14EL2, ,Commercial Papers,-,-,-,-
724157,POONAWALLA FINCORP LIMITED,PFL090123,POONAWALLA FINCORP Ltd,Delisted,F ,500000.00,INE511C14UW9, ,Commercial Papers,-,-,-,-
724158,Bajaj Finance Limited,BFL090123,Bajaj Finance Ltd,Delisted,F ,500000.00,INE296A14UC3, ,Commercial Papers,-,-,-,-
724159,Tata Power Co. Ltd,TPCL10123,TPCL-10-3-23-CP,Delisted,F ,500000.00,INE245A14HJ2, ,Commercial Papers,-,-,-,-
724160,Adani Enterprises Ltd.,AEL020123,Adani Enterprises Ltd,Delisted,F ,500000.00,INE423A14SF0, ,Commercial Papers,-,-,-,-
724161,Julius Baer Capital (India) Private Limited,JBCPL11123,Julius Baer Capital (India) Pvt Ltd,Delisted,F ,500000.00,INE824H14KJ3, ,Commercial Papers,-,-,-,-
724162,HDFC Credila Financial Services Ltd,HDFCC11123,HDFC Credila Financial Services Ltd,Delisted,F ,500000.00,INE539K14AY1, ,Commercial Papers,-,-,-,-
724163,L&T Metro Rail (Hyderabad) Limited,LTMRL110123,L&T Metro Rail (Hyderabad) Ltd,Delisted,F ,500000.00,INE128M14332, ,Commercial Papers,-,-,-,-
724164,Bajaj Finance Limited,BFL10123,Bajaj Finance Ltd,Delisted,F ,500000.00,INE296A14UD1, ,Commercial Papers,-,-,-,-
724165,Hinduja Leyland Finance Limited,HLFL100123,Hinduja Leyland Finance Ltd,Delisted,F ,500000.00,INE146O14BB3, ,Commercial Papers,-,-,-,-
724166,Godrej Housing Finance Limited,GHFL10123,Godrej Housing Finance Ltd,Delisted,F ,500000.00,INE02JD14245, ,Commercial Papers,-,-,-,-
724167,ICICI Securities Limited,ISL110123,ICICI Securities Ltd,Delisted,F ,500000.00,INE763G14OF5, ,Commercial Papers,-,-,-,-
724168,ICICI Securities Limited,ISL11012023,ICICI Securities Ltd,Delisted,F ,500000.00,INE763G14OG3, ,Commercial Papers,-,-,-,-
724169,Adani Enterprises Ltd.,AEL100123,Adani Enterprises Ltd,Delisted,F ,500000.00,INE423A14SH6, ,Commercial Papers,-,-,-,-
724170,Shree Cements Ltd.,SCL100123,Shree Cements Ltd,Delisted,F ,500000.00,INE070A14679, ,Commercial Papers,-,-,-,-
724171,Bharat Heavy Electricals Ltd.,BHEL12123,Bharat Heavy Electricals Ltd,Delisted,F ,500000.00,INE257A14854, ,Commercial Papers,-,-,-,-
724172,Solar Industries India Limited,SIIL110123,Solar Industries India Ltd,Delisted,F ,500000.00,INE343H14154, ,Commercial Papers,-,-,-,-
724173,Shree Cements Ltd.,SCL120123,Shree Cements Ltd,Delisted,F ,500000.00,INE070A14687, ,Commercial Papers,-,-,-,-
724174,GIC Housing Finance Ltd.,GHFL120123,GIC Housing Finance Ltd,Delisted,F ,500000.00,INE289B14IG2, ,Commercial Papers,-,-,-,-
724175,ICICI Securities Limited,ISL12123,ICICI Securities Ltd,Delisted,F ,500000.00,INE763G14OH1, ,Commercial Papers,-,-,-,-
724176,NLC Tamilnadu Power Limited,NTPL120123,NLC Tamilnadu Power Ltd,Delisted,F ,500000.00,INE05C614295, ,Commercial Papers,-,-,-,-
724177,National Bank for Agriculture and Rural Development,NABAR130123,National Bank for Agriculture and Rural Development,Delisted,F ,500000.00,INE261F14JJ4, ,Commercial Papers,-,-,-,-
724178,HDFC Securities Limited,HSL100423,HDFC Securities Ltd,Delisted,F ,500000.00,INE700G14EE1, ,Commercial Papers,-,-,-,-
724179,Adani Ports and Special Economic Zone Ltd,APSEZ120123,Adani Ports and Special Economic Zone Ltd,Delisted,F ,500000.00,INE742F14QX9, ,Commercial Papers,-,-,-,-
724180,Adani Ports and Special Economic Zone Ltd,APSE120123,Adani Ports and Special Economic Zone Ltd,Delisted,F ,500000.00,INE742F14QW1, ,Commercial Papers,-,-,-,-
724181,Century Textiles & Industries Ltd.,CTIL12123,Century Textiles & Industries Ltd,Delisted,F ,500000.00,INE055A14JJ1, ,Commercial Papers,-,-,-,-
724182,Bajaj Financial Securities Limited,BFSL130123,Bajaj Financial Securities Ltd,Delisted,F ,500000.00,INE01C314346, ,Commercial Papers,-,-,-,-
724183,Bharat Heavy Electricals Ltd.,BHEL160123,Bharat Heavy Electricals Ltd,Delisted,F ,500000.00,INE257A14862, ,Commercial Papers,-,-,-,-
724184,HDFC Credila Financial Services Ltd,HDFC160123,HDFC Credila Financial Services Ltd,Delisted,F ,500000.00,INE539K14AZ8, ,Commercial Papers,-,-,-,-
724185,Tata Power Co. Ltd,TPCL160123,TPCL-20-3-23-CP,Delisted,F ,500000.00,INE245A14HK0, ,Commercial Papers,-,-,-,-
724186,HDFC Securities Limited,HDFCS160123,HDFCSL-17-4-23-CP,Delisted,F ,500000.00,INE700G14EF8, ,Commercial Papers,-,-,-,-
724187,Bajaj Financial Securities Limited,BFSL160123,BFSL-17-4-23-CP,Delisted,F ,500000.00,INE01C314353, ,Commercial Papers,-,-,-,-
724188,Sharekhan Limited,SL160123,SL-16-1-24-CP,Delisted,F ,500000.00,INE211H14534, ,Commercial Papers,-,-,-,-
724189,Tata Housing Development Company Limited,THDCL160123,THDCL-28-2-23-CP,Delisted,F ,500000.00,INE582L14GR0, ,Commercial Papers,-,-,-,-
724190,CaratLane Trading Private Limited,CLTPL13123,CLTPL-12-4-23-CP,Delisted,F ,500000.00,INE015Y14401, ,Commercial Papers,-,-,-,-
724191,Shriram Housing Finance Limited,SHFL160123,Shriram Housing Finance Ltd,Delisted,F ,500000.00,INE432R14188, ,Commercial Papers,-,-,-,-
724192,ICICI Securities Primary Dealership Limited,ISPDL170123,ICICI Securities Primary Dealership Ltd,Delisted,F ,500000.00,INE849D14HA4, ,Commercial Papers,-,-,-,-
724193,ARKA FINCAP LIMITED,AFL170123,ARKA FINCAP Ltd,Delisted,F ,500000.00,INE03W114351, ,Commercial Papers,-,-,-,-
724194,L&T Metro Rail (Hyderabad) Limited,LTMRHL17123,L&T Metro Rail (Hyderabad) Ltd,Delisted,F ,500000.00,INE128M14340, ,Commercial Papers,-,-,-,-
724195,HDFC Securities Limited,HSL180123,HDFC Securities Ltd,Delisted,F ,500000.00,INE700G14EG6, ,Commercial Papers,-,-,-,-
724196,ICICI Securities Limited,ISL180123,ICICI Securities Ltd,Delisted,F ,500000.00,INE763G14OI9, ,Commercial Papers,-,-,-,-
724197,Sharekhan Limited,SL180123,Sharekhan Ltd,Delisted,F ,500000.00,INE211H14559, ,Commercial Papers,-,-,-,-
724198,Sharekhan Limited,SL18012023,Sharekhan Ltd,Delisted,F ,500000.00,INE211H14542, ,Commercial Papers,-,-,-,-
724199,Adani Enterprises Ltd.,AEL180123,Adani Enterprises Ltd,Delisted,F ,500000.00,INE423A14SJ2, ,Commercial Papers,-,-,-,-
724200,Sharekhan Limited,SL190123,Sharekhan Ltd,Delisted,F ,500000.00,INE211H14567, ,Commercial Papers,-,-,-,-
724201,GIC Housing Finance Ltd.,GHFL190123,GIC Housing Finance Ltd,Delisted,F ,500000.00,INE289B14IH0, ,Commercial Papers,-,-,-,-
724202,TATA STEEL LIMITED,TSL190123,TATA STEEL Ltd,Delisted,F ,500000.00,INE081A14DT9, ,Commercial Papers,-,-,-,-
724203,Julius Baer Capital (India) Private Limited,JBCPL190123,Julius Baer Capital (India) Pvt Ltd,Delisted,F ,500000.00,INE824H14KK1, ,Commercial Papers,-,-,-,-
724204,Century Textiles & Industries Ltd.,CTIL190123,Century Textiles & Industries Ltd,Delisted,F ,500000.00,INE055A14JK9, ,Commercial Papers,-,-,-,-
724205,Adani Enterprises Ltd.,AEL190123,Adani Enterprises Ltd,Delisted,F ,500000.00,INE423A14SK0, ,Commercial Papers,-,-,-,-
724206,National Bank for Agriculture and Rural Development,NBARD20123,National Bank for Agriculture and Rural Development,Delisted,F ,500000.00,INE261F14JK2, ,Commercial Papers,-,-,-,-
724207,Tata Power Co. Ltd,TPCL20123,Tata Power Co Ltd,Delisted,F ,500000.00,INE245A14HL8, ,Commercial Papers,-,-,-,-
724208,Redington Limited,RD19123,Redington Ltd,Delisted,F ,500000.00,INE891D14WR9, ,Commercial Papers,-,-,-,-
724209,ICICI HOME FINANCE COMPANY LIMITED,ISEC19123,ICICI HOME FINANCE COMPANY Ltd,Delisted,F ,500000.00,INE071G14EM0, ,Commercial Papers,-,-,-,-
724210,HDFC Securities Limited,HSL20123,HDFC Securities Ltd,Delisted,F ,500000.00,INE700G14EH4, ,Commercial Papers,-,-,-,-
724211,Reliance Jio Infocomm Limited,RJIL20123,Reliance Jio Infocomm Ltd,Delisted,F ,500000.00,INE110L14RO4, ,Commercial Papers,-,-,-,-
724212,birla Group Holdings Private Limited,BGHPL20123,birla Group Holdings Pvt Ltd,Delisted,F ,500000.00,INE09OL14CD1, ,Commercial Papers,-,-,-,-
724213,Shree Cements Ltd.,SCL20123,Shree Cements Ltd,Delisted,F ,500000.00,INE070A14695, ,Commercial Papers,-,-,-,-
724214,J.K. CEMENT LTD,JKCL20123,JK CEMENT LTD,Delisted,F ,500000.00,INE823G14850, ,Commercial Papers,-,-,-,-
724215,Julius Baer Capital (India) Private Limited,JBCPL20123,Julius Baer Capital (India) Pvt Ltd,Delisted,F ,500000.00,INE824H14KL9, ,Commercial Papers,-,-,-,-
724216,Bajaj Finance Limited,BFL20123,Bajaj Finance Ltd,Delisted,F ,500000.00,INE296A14UE9, ,Commercial Papers,-,-,-,-
724217,Adani Enterprises Ltd.,AEL20123,Adani Enterprises Ltd,Delisted,F ,500000.00,INE423A14SL8, ,Commercial Papers,-,-,-,-
724218,Hinduja Leyland Finance Limited,HLFL20123,Hinduja Leyland Finance Ltd,Delisted,F ,500000.00,INE146O14BC1, ,Commercial Papers,-,-,-,-
724219,STANDARD CHARTERED CAPITAL LIMITED,SCCL20123,STANDARD CHARTERED CAPITAL Ltd,Delisted,F ,500000.00,INE403G14QK3, ,Commercial Papers,-,-,-,-
724220,National Bank for Agriculture and Rural Development,NABARD23123,National Bank for Agriculture and Rural Development,Delisted,F ,500000.00,INE261F14JL0, ,Commercial Papers,-,-,-,-
724221,Reliance Jio Infocomm Limited,RJIL230123,Reliance Jio Infocomm Ltd,Delisted,F ,500000.00,INE110L14RP1, ,Commercial Papers,-,-,-,-
724222,Reliance Retail Ventures Limited,RRVL230123,Reliance Retail Ventures Ltd,Delisted,F ,500000.00,INE929O14941, ,Commercial Papers,-,-,-,-
724223,Adani Enterprises Ltd.,AEL230123,Adani Enterprises Ltd,Suspended,F ,500000.00,INE423A14SM6, ,Commercial Papers,-,-,-,-
724224,Axis Securities Limited,ASL240123,Axis Securities Ltd,Delisted,F ,500000.00,INE110O14914, ,Commercial Papers,-,-,-,-
724225,Kotak Mahindra Prime Limited,KMPL240123,Kotak Mahindra Prime Ltd,Delisted,F ,500000.00,INE916D141Z1, ,Commercial Papers,-,-,-,-
724226,BOBCARD LIMITED,BFSL240123,BOB Financial Solutions Ltd,Delisted,F ,500000.00,INE027214365, ,Commercial Papers,-,-,-,-
724227,Reliance Jio Infocomm Limited,RJIL24123,Reliance Jio Infocomm Ltd,Delisted,F ,500000.00,INE110L14RQ9, ,Commercial Papers,-,-,-,-
724228,TATA INTERNATIONAL LIMITED,TIL230123,TATA INTERNATIONAL Ltd,Delisted,F ,500000.00,INE751F14434, ,Commercial Papers,-,-,-,-
724229,Adani Enterprises Ltd.,AEL240123,Adani Enterprises Ltd,Delisted,F ,500000.00,INE423A14SP9, ,Commercial Papers,-,-,-,-
724230,Adani Enterprises Ltd.,AEL24123,Adani Enterprises Ltd,Delisted,F ,500000.00,INE423A14SO2, ,Commercial Papers,-,-,-,-
724231,Adani Enterprises Ltd.,AEL24012023,Adani Enterprises Ltd,Delisted,F ,500000.00,INE423A14SN4, ,Commercial Papers,-,-,-,-
724232,KEC International Ltd.,KIL24123,KEC International Ltd,Delisted,F ,500000.00,INE389H14JJ9, ,Commercial Papers,-,-,-,-
724233,Kotak Securities Limited,KSL250123,Kotak Securities Ltd,Delisted,F ,500000.00,INE028E14LH0, ,Commercial Papers,-,-,-,-
724234,birla Group Holdings Private Limited,BGHPL250123,birla Group Holdings Pvt Ltd,Delisted,F ,500000.00,INE09OL14CE9, ,Commercial Papers,-,-,-,-
724235,ECL Finance Limited,ECLFL240123,ECL Finance Ltd,Delisted,F ,500000.00,INE804I14VS1, ,Commercial Papers,-,-,-,-
724236,Tata Power Co. Ltd,TPCL250123,Tata Power Co Ltd,Delisted,F ,500000.00,INE245A14HM6, ,Commercial Papers,-,-,-,-
724237,Redington Limited,RL250123,Redington Ltd,Delisted,F ,500000.00,INE891D14WS7, ,Commercial Papers,-,-,-,-
724238,Redington Limited,RL25123,Redington Ltd,Delisted,F ,500000.00,INE891D14WT5, ,Commercial Papers,-,-,-,-
724239,ECL Finance Limited,EFL250123,ECL Finance Ltd,Delisted,F ,500000.00,INE804I14VT9, ,Commercial Papers,-,-,-,-
724240,Julius Baer Capital (India) Private Limited,JBCL25123,Julius Baer Capital (India) Pvt Ltd,Delisted,F ,500000.00,INE824H14KM7, ,Commercial Papers,-,-,-,-
724241,Julius Baer Capital (India) Private Limited,JBCL250123,Julius Baer Capital (India) Pvt Ltd,Delisted,F ,500000.00,INE824H14KN5, ,Commercial Papers,-,-,-,-
724242,NLC Tamilnadu Power Limited,NLCTPL25123,NLC Tamilnadu Power Ltd,Delisted,F ,500000.00,INE05C614303, ,Commercial Papers,-,-,-,-
724243,birla Group Holdings Private Limited,BGHPL270123,birla Group Holdings Pvt Ltd,Delisted,F ,500000.00,INE09OL14CF6, ,Commercial Papers,-,-,-,-
724244,360 ONE Prime Limited,IWPL250123,IIFL Wealth Prime Ltd,Delisted,F ,500000.00,INE248U14MN6, ,Commercial Papers,-,-,-,-
724245,CaratLane Trading Private Limited,CTPL270123,CaratLane Trading Pvt Ltd,Delisted,F ,500000.00,INE015Y14419, ,Commercial Papers,-,-,-,-
724246,Infina Finance Private Limited,IFPL270123,Infina Finance Pvt Ltd,Delisted,F ,500000.00,INE879F14GV4, ,Commercial Papers,-,-,-,-
724247,PVR INOX LIMITED,PVRIN250123,PVRL-25-1-24-CP,Delisted,F ,500000.00,INE191H14454, ,Commercial Papers,-,-,-,-
724248,ICICI Securities Limited,ISL270123,ICICI Securities Ltd,Delisted,F ,500000.00,INE763G14ON9, ,Commercial Papers,-,-,-,-
724249,HDFC Bank Ltd.,HDFCB27123,HDFC Bank Ltd ,Delisted,F ,500000.00,INE040A14177, ,Commercial Papers,-,-,-,-
724250,ICICI Securities Limited,ICICI270123,ICICI Securities Ltd,Delisted,F ,500000.00,INE763G14OL3, ,Commercial Papers,-,-,-,-
724251,ICICI Securities Limited,ICIC270123,ICICI Securities Ltd,Delisted,F ,500000.00,INE763G14OJ7, ,Commercial Papers,-,-,-,-
724252,ICICI Securities Limited,ICIC270123A,ICICI Securities Ltd,Delisted,F ,500000.00,INE763G14OK5, ,Commercial Papers,-,-,-,-
724253,ICICI Securities Limited,ICIC270123B,ICICI Securities Ltd,Delisted,F ,500000.00,INE763G14OM1, ,Commercial Papers,-,-,-,-
724254,Network 18 Media & Investments Limited,NMIL270123,Network 18 Media & Investments Ltd,Delisted,F ,500000.00,INE870H14PJ5, ,Commercial Papers,-,-,-,-
724255,Network 18 Media & Investments Limited,NMIL27123,Network 18 Media & Investments Ltd,Delisted,F ,500000.00,INE870H14PK3, ,Commercial Papers,-,-,-,-
724256,Bombay Burmah Trading Corpn. Ltd.,BBTCL27123,Bombay Burmah Trading Corpn Ltd,Delisted,F ,500000.00,INE050A14705, ,Commercial Papers,-,-,-,-
724257,Adani Enterprises Ltd.,AEL270123,AEL-27-4-23-CP,Delisted,F ,500000.00,INE423A14SR5, ,Commercial Papers,-,-,-,-
724258,Julius Baer Capital (India) Private Limited,JBC30123,JBC-28-4-23-CP,Delisted,F ,500000.00,INE824H14KO3, ,Commercial Papers,-,-,-,-
724259,Can Fin Homes Ltd.,CHL27123,CHL-7.46%-28-4-23-CP,Delisted,F ,500000.00,INE477A14CC7, ,Commercial Papers,-,-,-,-
724260,HDFC Securities Limited,HSL30123,HSL-28-4-23-CP,Delisted,F ,500000.00,INE700G14EI2, ,Commercial Papers,-,-,-,-
724261,TV18 Broadcast Ltd.,TV1827123,TV18-7.30%-25-4-23-CP,Delisted,F ,500000.00,INE886H14HZ4, ,Commercial Papers,-,-,-,-
724262,HDFC Bank Ltd.,HDFCB30123,HDFC Bank Ltd ,Delisted,F ,500000.00,INE040A14185, ,Commercial Papers,-,-,-,-
724263,Bombay Burmah Trading Corpn. Ltd.,BBTCL30123,Bombay Burmah Trading Corpn Ltd,Delisted,F ,500000.00,INE050A14713, ,Commercial Papers,-,-,-,-
724264,360 ONE WAM LIMITED,360OWL30123,360 ONE WAM Ltd,Delisted,F ,500000.00,INE466L14BO4, ,Commercial Papers,-,-,-,-
724265,birla Group Holdings Private Limited,BGHPL31123,birla Group Holdings Pvt Ltd,Delisted,F ,500000.00,INE09OL14CG4, ,Commercial Papers,-,-,-,-
724266,HDFC Securities Limited,HSL310123,HDFC Securities Ltd,Delisted,F ,500000.00,INE700G14EJ0, ,Commercial Papers,-,-,-,-
724267,BOBCARD LIMITED,BFSL310123,BOB Financial Solutions Ltd,Delisted,F ,500000.00,INE027214373, ,Commercial Papers,-,-,-,-
724268,Nuvama Wealth and Investment Limited,NWAIL310123,Nuvama Wealth and Investment Ltd,Delisted,F ,500000.00,INE523L14294, ,Commercial Papers,-,-,-,-
724269,National Bank for Agriculture and Rural Development,NBARD310123,National Bank for Agriculture and Rural Development,Delisted,F ,500000.00,INE261F14JM8, ,Commercial Papers,-,-,-,-
724270,ARKA FINCAP LIMITED,AFL310123,ARKA FINCAP Ltd,Delisted,F ,500000.00,INE03W114369, ,Commercial Papers,-,-,-,-
724271,Motilal Oswal Finvest Limited,MOFL310123,Motilal Oswal Finvest Ltd,Delisted,F ,500000.00,INE01WN14736, ,Commercial Papers,-,-,-,-
724272,ICICI Securities Limited,ISL010223,ICICI Securities Ltd,Delisted,F ,500000.00,INE763G14OO7, ,Commercial Papers,-,-,-,-
724273,Motilal Oswal Finvest Limited,MOFL10223,Motilal Oswal Finvest Ltd,Delisted,F ,500000.00,INE01WN14744, ,Commercial Papers,-,-,-,-
724274,Bombay Burmah Trading Corpn. Ltd.,BBTCL10223,Bombay Burmah Trading Corpn Ltd,Delisted,F ,500000.00,INE050A14721, ,Commercial Papers,-,-,-,-
724275,Julius Baer Capital (India) Private Limited,JBCPL020223,Julius Baer Capital (India) Pvt Ltd,Delisted,F ,500000.00,INE824H14KP0, ,Commercial Papers,-,-,-,-
724276,Kotak Mahindra Prime Limited,KMPL020223,Kotak Mahindra Prime Ltd,Delisted,F ,500000.00,INE916D142A2, ,Commercial Papers,-,-,-,-
724277,Sterlite Technologies Limited.,STL20223,Sterlite Technologies Ltd,Delisted,F ,500000.00,INE089C14CL7, ,Commercial Papers,-,-,-,-
724278,birla Group Holdings Private Limited,BGHPL30223,birla Group Holdings Pvt Ltd,Delisted,F ,500000.00,INE09OL14CH2, ,Commercial Papers,-,-,-,-
724279,ICICI Securities Limited,ISL030223,ICICI Securities Ltd,Delisted,F ,500000.00,INE763G14OP4, ,Commercial Papers,-,-,-,-
724280,HDFC Bank Ltd.,HDFCB3223,HDFC Bank Ltd ,Delisted,F ,500000.00,INE040A14193, ,Commercial Papers,-,-,-,-
724281,Axis Securities Limited,ASL030223,Axis Securities Ltd,Delisted,F ,500000.00,INE110O14922, ,Commercial Papers,-,-,-,-
724282,Muthoot Microfin Limited,MML030223,Muthoot Microfin Ltd,Delisted,F ,500000.00,INE046W14087, ,Commercial Papers,-,-,-,-
724283,360 ONE WAM LIMITED,390OWL3223,360 ONE WAM Ltd,Delisted,F ,500000.00,INE466L14BP1, ,Commercial Papers,-,-,-,-
724284,360 ONE Prime Limited,IWPL3223,IIFL Wealth Prime Ltd,Delisted,F ,500000.00,INE248U14MR7, ,Commercial Papers,-,-,-,-
724285,Network 18 Media & Investments Limited,N18MIL6223,Network 18 Media & Investments Ltd,Delisted,F ,500000.00,INE870H14PL1, ,Commercial Papers,-,-,-,-
724286,Axis Finance Limited,AFL060223,Axis Finance Ltd,Delisted,F ,500000.00,INE891K14LW7, ,Commercial Papers,-,-,-,-
724287,TV18 Broadcast Ltd.,TVBL060223,TV18 Broadcast Ltd,Delisted,F ,500000.00,INE886H14IB3, ,Commercial Papers,-,-,-,-
724288,ICICI Securities Limited,ISL60223,ICICI Securities Ltd,Delisted,F ,500000.00,INE763G14OQ2, ,Commercial Papers,-,-,-,-
724289,HDFC Securities Limited,HSL060223,HDFC Securities Ltd,Delisted,F ,500000.00,INE700G14EK8, ,Commercial Papers,-,-,-,-
724290,SIKKA PORTS & TERMINALS LTD,SPTL060223,SIKKA PORTS & TERMINALS LTD,Delisted,F ,500000.00,INE941D14345, ,Commercial Papers,-,-,-,-
724291,TV18 Broadcast Ltd.,TVBL070223,TV18 Broadcast Ltd,Delisted,F ,500000.00,INE886H14IA5, ,Commercial Papers,-,-,-,-
724292,HDFC Bank Ltd.,HDFCB070223,HDFC Bank Ltd ,Delisted,F ,500000.00,INE040A14201, ,Commercial Papers,-,-,-,-
724293,360 ONE Prime Limited,360PL060223,IIFL Wealth Prime Ltd,Delisted,F ,500000.00,INE248U14MS5, ,Commercial Papers,-,-,-,-
724294,Muthoot Capital Services Ltd.,MCSL060223,Muthoot Capital Services Ltd,Delisted,F ,500000.00,INE296G14123, ,Commercial Papers,-,-,-,-
724295,ICICI Securities Limited,ISEC8223,ICICI Securities Ltd,Delisted,F ,500000.00,INE763G14OR0, ,Commercial Papers,-,-,-,-
724296,Network 18 Media & Investments Limited,NMIL080223,Network 18 Media & Investments Ltd,Delisted,F ,500000.00,INE870H14PM9, ,Commercial Papers,-,-,-,-
724297,The Ramco Cements Limited,TRCL070223,The Ramco Cements Ltd,Delisted,F ,500000.00,INE331A14NA7, ,Commercial Papers,-,-,-,-
724298,birla Group Holdings Private Limited,BGHPL080223,birla Group Holdings Pvt Ltd,Delisted,F ,500000.00,INE09OL14CI0, ,Commercial Papers,-,-,-,-
724299,Axis Finance Limited,AFL090223,Axis Finance Ltd,Delisted,F ,500000.00,INE891K14LX5, ,Commercial Papers,-,-,-,-
724300,Reliance Retail Ventures Limited,RRVL090223,Reliance Retail Ventures Ltd,Delisted,F ,500000.00,INE929O14958, ,Commercial Papers,-,-,-,-
724301,Bombay Burmah Trading Corpn. Ltd.,BBTCL080223,Bombay Burmah Trading Corpn Ltd,Delisted,F ,500000.00,INE050A14739, ,Commercial Papers,-,-,-,-
724302,ONGC Petro additions Limited.,ONGCPAL9223,ONGC Petro additions Ltd,Delisted,F ,500000.00,INE163N14287, ,Commercial Papers,-,-,-,-
724303,Motilal Oswal Financial Services Limited,MOFSL9223,Motilal Oswal Financial Services Ltd,Delisted,F ,500000.00,INE338I14EI7, ,Commercial Papers,-,-,-,-
724304,Motilal Oswal Financial Services Limited,MOFSL09223,Motilal Oswal Financial Services Ltd,Delisted,F ,500000.00,INE338I14EH9, ,Commercial Papers,-,-,-,-
724305,L&T Metro Rail (Hyderabad) Limited,LMRL100223,L&T Metro Rail (Hyderabad) Ltd,Delisted,F ,500000.00,INE128M14357, ,Commercial Papers,-,-,-,-
724306,Larsen & Toubro Limited,LTL10223,Larsen & Toubro Ltd,Delisted,F ,500000.00,INE018A14JF7, ,Commercial Papers,-,-,-,-
724307,Tata Power Co. Ltd,TPCL10223,Tata Power Co Ltd,Delisted,F ,500000.00,INE245A14HN4, ,Commercial Papers,-,-,-,-
724308,Julius Baer Capital (India) Private Limited,JBCPL10223,Julius Baer Capital (India) Pvt Ltd,Delisted,F ,500000.00,INE824H14KQ8, ,Commercial Papers,-,-,-,-
724309,Nuvama Wealth Finance Limited,NWFL090223,Nuvama Wealth Finance Ltd,Delisted,F ,500000.00,INE918K14959, ,Commercial Papers,-,-,-,-
724310,360 ONE WAM LIMITED,360OWL10223,360 ONE WAM Ltd,Delisted,F ,500000.00,INE466L14BQ9, ,Commercial Papers,-,-,-,-
724311,360 ONE Prime Limited,360PL10223,IIFL Wealth Prime Ltd,Delisted,F ,500000.00,INE248U14MT3, ,Commercial Papers,-,-,-,-
724312,SIKKA PORTS & TERMINALS LTD,SPTL130223,SIKKA PORTS & TERMINALS LTD,Delisted,F ,500000.00,INE941D14352, ,Commercial Papers,-,-,-,-
724313,HDFC Bank Ltd.,HDFCB13223,HDFC Bank Ltd ,Delisted,F ,500000.00,INE040A14219, ,Commercial Papers,-,-,-,-
724314,HDFC Securities Limited,HDFCSL13223,HDFC Securities Ltd,Delisted,F ,500000.00,INE700G14EL6, ,Commercial Papers,-,-,-,-
724315,STANDARD CHARTERED CAPITAL LIMITED,SCCL130223,STANDARD CHARTERED CAPITAL Ltd,Delisted,F ,500000.00,INE403G14QL1, ,Commercial Papers,-,-,-,-
724316,Motilal Oswal Financial Services Limited,MOFSL13223,Motilal Oswal Financial Services Ltd,Delisted,F ,500000.00,INE338I14EJ5, ,Commercial Papers,-,-,-,-
724317,Kotak Securities Limited,KSL140223,Kotak Securities Ltd,Delisted,F ,500000.00,INE028E14LI8, ,Commercial Papers,-,-,-,-
724318,Pilani Investment And Industries Corporation Limited,PIICL14223,Pilani Investment And Industries Corporation Ltd,Delisted,F ,500000.00,INE417C14496, ,Commercial Papers,-,-,-,-
724319,Motilal Oswal Finvest Limited,MOFL13223,Motilal Oswal Finvest Ltd,Delisted,F ,500000.00,INE01WN14751, ,Commercial Papers,-,-,-,-
724320,Motilal Oswal Financial Services Limited,MOFSL14223,Motilal Oswal Financial Services Ltd,Delisted,F ,500000.00,INE338I14EG1, ,Commercial Papers,-,-,-,-
724321,Sharekhan BNP Paribas Financial Services Limited,SBPFL15223,Sharekhan BNP Paribas Financial Services Ltd,Delisted,F ,500000.00,INE550X14AB9, ,Commercial Papers,-,-,-,-
724322,ICICI Securities Limited,ISL150223,ICICI Securities Ltd,Delisted,F ,500000.00,INE763G14OS8, ,Commercial Papers,-,-,-,-
724323,TV18 Broadcast Ltd.,TV1815223,TV18 Broadcast Ltd,Delisted,F ,500000.00,INE886H14IC1, ,Commercial Papers,-,-,-,-
724324,JSW Energy Limited,JEL15223,JSW Energy Ltd,Delisted,F ,500000.00,INE121E14268, ,Commercial Papers,-,-,-,-
724325,birla Group Holdings Private Limited,BGHPL150223,birla Group Holdings Pvt Ltd,Delisted,F ,500000.00,INE09OL14CJ8, ,Commercial Papers,-,-,-,-
724326,birla Group Holdings Private Limited,BGHP150223,birla Group Holdings Pvt Ltd,Delisted,F ,500000.00,INE09OL14CK6, ,Commercial Papers,-,-,-,-
724327,Sharekhan Limited,SL150223,Sharekhan Ltd,Delisted,F ,500000.00,INE211H14575, ,Commercial Papers,-,-,-,-
724328,BOBCARD LIMITED,BOBFS15223,BOB Financial Solutions Ltd,Delisted,F ,500000.00,INE027214381, ,Commercial Papers,-,-,-,-
724329,Reliance Jio Infocomm Limited,RJIL16223,Reliance Jio Infocomm Ltd,Delisted,F ,500000.00,INE110L14RR7, ,Commercial Papers,-,-,-,-
724330,birla Group Holdings Private Limited,BGHPL16223,BGHPL-18-5-23-CP,Delisted,F ,500000.00,INE09OL14CL4, ,Commercial Papers,-,-,-,-
724331,Reliance Retail Ventures Limited,RRVL15223,RRVL-17-5-23-CP,Delisted,F ,500000.00,INE929O14966, ,Commercial Papers,-,-,-,-
724332,Redington Limited,RL160223,RL-21-3-23-CP,Delisted,F ,500000.00,INE891D14WV1, ,Commercial Papers,-,-,-,-
724333,Redington Limited,RL16223,RL-20-3-23-CP,Delisted,F ,500000.00,INE891D14WU3, ,Commercial Papers,-,-,-,-
724334,L&T Metro Rail (Hyderabad) Limited,LMRL170223,L&T Metro Rail (Hyderabad) Ltd,Delisted,F ,500000.00,INE128M14365, ,Commercial Papers,-,-,-,-
724335,Reliance Jio Infocomm Limited,RJIL17223,Reliance Jio Infocomm Ltd,Delisted,F ,500000.00,INE110L14RS5, ,Commercial Papers,-,-,-,-
724336,Kotak Mahindra Prime Limited,KMPL17223,Kotak Mahindra Prime Ltd,Delisted,F ,500000.00,INE916D142B0, ,Commercial Papers,-,-,-,-
724337,HDFC Securities Limited,HDFCSL17223,HDFC Securities Ltd,Delisted,F ,500000.00,INE700G14EM4, ,Commercial Papers,-,-,-,-
724338,Network 18 Media & Investments Limited,N18MI17223,Network 18 Media & Investments Ltd,Delisted,F ,500000.00,INE870H14PN7, ,Commercial Papers,-,-,-,-
724339,NLC Tamilnadu Power Limited,NTPL17223,NLC Tamilnadu Power Ltd,Delisted,F ,500000.00,INE05C614311, ,Commercial Papers,-,-,-,-
724340,birla Group Holdings Private Limited,BGHPL20223,birla Group Holdings Pvt Ltd,Delisted,F ,500000.00,INE09OL14CM2, ,Commercial Papers,-,-,-,-
724341,Kotak Securities Limited,KSL20223,Kotak Securities Ltd,Delisted,F ,500000.00,INE028E14LJ6, ,Commercial Papers,-,-,-,-
724342,Axis Securities Limited,ASL20223,Axis Securities Ltd,Delisted,F ,500000.00,INE110O14930, ,Commercial Papers,-,-,-,-
724343,Tata Power Co. Ltd,TPCL20223,Tata Power Co Ltd,Delisted,F ,500000.00,INE245A14HP9, ,Commercial Papers,-,-,-,-
724344,Tata Power Co. Ltd,TPCL17223,Tata Power Co Ltd,Delisted,F ,500000.00,INE245A14HO2, ,Commercial Papers,-,-,-,-
724345,Kotak Mahindra Investments Limited,KMIL17223,Kotak Mahindra Investments Ltd,Delisted,F ,500000.00,INE975F14YB5, ,Commercial Papers,-,-,-,-
724346,TATA STEEL LIMITED,TSL20223,TATA STEEL Ltd,Delisted,F ,500000.00,INE081A14DU7, ,Commercial Papers,-,-,-,-
724347,HDFC Bank Ltd.,HDFCB200223,HDFC Bank Ltd ,Delisted,F ,500000.00,INE040A14227, ,Commercial Papers,-,-,-,-
724348,STANDARD CHARTERED CAPITAL LIMITED,SCCL200223,STANDARD CHARTERED CAPITAL Ltd,Delisted,F ,500000.00,INE403G14QN7, ,Commercial Papers,-,-,-,-
724349,Julius Baer Capital (India) Private Limited,JBCL200223,Julius Baer Capital (India) Pvt Ltd,Delisted,F ,500000.00,INE824H14KR6, ,Commercial Papers,-,-,-,-
724350,Julius Baer Capital (India) Private Limited,JBCPL200223,Julius Baer Capital (India) Pvt Ltd,Delisted,F ,500000.00,INE824H14KS4, ,Commercial Papers,-,-,-,-
724351,Bajaj Finance Limited,BFL200223,Bajaj Finance Ltd,Delisted,F ,500000.00,INE296A14UF6, ,Commercial Papers,-,-,-,-
724352,360 ONE WAM LIMITED,OWL200223,360 ONE WAM Ltd,Delisted,F ,500000.00,INE466L14BR7, ,Commercial Papers,-,-,-,-
724353,GIC Housing Finance Ltd.,GICHF210223,GIC Housing Finance Ltd,Delisted,F ,500000.00,INE289B14II8, ,Commercial Papers,-,-,-,-
724354,Julius Baer Capital (India) Private Limited,JBCPL210223,Julius Baer Capital (India) Pvt Ltd,Delisted,F ,500000.00,INE824H14KT2, ,Commercial Papers,-,-,-,-
724355,Tata Power Co. Ltd,TPCL210223,Tata Power Co Ltd,Delisted,F ,500000.00,INE245A14HQ7, ,Commercial Papers,-,-,-,-
724356,Jamnagar Utilities & Power Private Limited,JUPPL200223,Jamnagar Utilities & Power Pvt Ltd,Delisted,F ,500000.00,INE936D14279, ,Commercial Papers,-,-,-,-
724357,Infina Finance Private Limited,IFPL220223,Infina Finance Pvt Ltd,Delisted,F ,500000.00,INE879F14GW2, ,Commercial Papers,-,-,-,-
724358,ICICI Securities Limited,ISL210223,ICICI Securities Ltd,Delisted,F ,500000.00,INE763G14OT6, ,Commercial Papers,-,-,-,-
724360,Redington Limited,RL230223,Redington Ltd,Delisted,F ,500000.00,INE891D14WW9, ,Commercial Papers,-,-,-,-
724361,birla Group Holdings Private Limited,BGHPL230223,birla Group Holdings Pvt Ltd,Delisted,F ,500000.00,INE09OL14CN0, ,Commercial Papers,-,-,-,-
724362,Sterlite Technologies Limited.,STL230223,Sterlite Technologies Ltd,Delisted,F ,500000.00,INE089C14CM5, ,Commercial Papers,-,-,-,-
724363,Tata Housing Development Company Limited,THDC23223,Tata Housing Development Company Ltd,Delisted,F ,500000.00,INE582L14GS8, ,Commercial Papers,-,-,-,-
724364,Nuvama Wealth Management Limited,NWML230223,Nuvama Wealth Management Ltd,Delisted,F ,500000.00,INE531F14CZ1, ,Commercial Papers,-,-,-,-
724365,Kotak Mahindra Prime Limited,KMPL230223,Kotak Mahindra Prime Ltd,Delisted,F ,500000.00,INE916D142C8, ,Commercial Papers,-,-,-,-
724366,National Bank for Agriculture and Rural Development,NABAR230223,National Bank for Agriculture and Rural Development,Delisted,F ,500000.00,INE261F14JP1, ,Commercial Papers,-,-,-,-
724367,Bajaj Finance Limited,BFL230223,Bajaj Finance Ltd,Delisted,F ,500000.00,INE296A14UG4, ,Commercial Papers,-,-,-,-
724368,Pilani Investment And Industries Corporation Limited,PIICL23223,Pilani Investment And Industries Corporation Ltd,Delisted,F ,500000.00,INE417C14504, ,Commercial Papers,-,-,-,-
724369,Reliance Retail Ventures Limited,RRVL240223,Reliance Retail Ventures Ltd,Delisted,F ,500000.00,INE929O14974, ,Commercial Papers,-,-,-,-
724370,Reliance Jio Infocomm Limited,RJIL240223,Reliance Jio Infocomm Ltd,Delisted,F ,500000.00,INE110L14RT3, ,Commercial Papers,-,-,-,-
724371,Network 18 Media & Investments Limited,NMIL240223,Network 18 Media & Investments Ltd,Delisted,F ,500000.00,INE870H14PP2, ,Commercial Papers,-,-,-,-
724372,Motilal Oswal Financial Services Limited,MOFSL23223,Motilal Oswal Financial Services Ltd,Delisted,F ,500000.00,INE338I14EK3, ,Commercial Papers,-,-,-,-
724373,Network 18 Media & Investments Limited,NMIL24223,Network 18 Media & Investments Ltd,Delisted,F ,500000.00,INE870H14PO5, ,Commercial Papers,-,-,-,-
724374,Tata Power Co. Ltd,TPCL24223,Tata Power Co Ltd,Delisted,F ,500000.00,INE245A14HR5, ,Commercial Papers,-,-,-,-
724375,MUTHOOT FINANCE LIMITED,MFL24223,MUTHOOT FINANCE Ltd,Delisted,F ,500000.00,INE414G14SN0, ,Commercial Papers,-,-,-,-
724376,MUTHOOT FINANCE LIMITED,MFL24223A,MUTHOOT FINANCE Ltd,Delisted,F ,500000.00,INE414G14SO8, ,Commercial Papers,-,-,-,-
724377,birla Group Holdings Private Limited,BGHPL24223,birla Group Holdings Pvt Ltd,Delisted,F ,500000.00,INE09OL14CO8, ,Commercial Papers,-,-,-,-
724378,ICICI Securities Limited,ISL270223,ICICI Securities Ltd,Delisted,F ,500000.00,INE763G14OV2, ,Commercial Papers,-,-,-,-
724379,ICICI Securities Limited,ICI240223,ICICI Securities Ltd,Delisted,F ,500000.00,INE763G14OU4, ,Commercial Papers,-,-,-,-
724380,Network 18 Media & Investments Limited,N18M27223,Network 18 Media & Investments Ltd,Delisted,F ,500000.00,INE870H14PQ0, ,Commercial Papers,-,-,-,-
724381,SEIL Energy India Limited,SEIL27223,Sembcorp Energy India Ltd,Delisted,F ,500000.00,INE460M14396, ,Commercial Papers,-,-,-,-
724382,SEIL Energy India Limited,SEIL270223,Sembcorp Energy India Ltd,Delisted,F ,500000.00,INE460M14404, ,Commercial Papers,-,-,-,-
724383,Infina Finance Private Limited,IFPL27223,Infina Finance Pvt Ltd,Delisted,F ,500000.00,INE879F14GX0, ,Commercial Papers,-,-,-,-
724384,Time Technoplast Limited,TTL24223,Time Technoplast Ltd,Delisted,F ,500000.00,INE508G14DD2, ,Commercial Papers,-,-,-,-
724385,Julius Baer Capital (India) Private Limited,JBCPL27223,Julius Baer Capital (India) Pvt Ltd,Delisted,F ,500000.00,INE824H14KU0, ,Commercial Papers,-,-,-,-
724386,SIKKA PORTS & TERMINALS LTD,SPTL27223,SIKKA PORTS & TERMINALS LTD,Delisted,F ,500000.00,INE941D14360, ,Commercial Papers,-,-,-,-
724387,birla Group Holdings Private Limited,BGHPL270223,birla Group Holdings Pvt Ltd,Delisted,F ,500000.00,INE09OL14CP5, ,Commercial Papers,-,-,-,-
724388,Motilal Oswal Financial Services Limited,MOFSL270223,Motilal Oswal Financial Services Ltd,Delisted,F ,500000.00,INE338I14EL1, ,Commercial Papers,-,-,-,-
724389,Network 18 Media & Investments Limited,NMIL280223,Network 18 Media & Investments Ltd,Delisted,F ,500000.00,INE870H14PR8, ,Commercial Papers,-,-,-,-
724390,Axis Finance Limited,AFL280223,Axis Finance Ltd,Delisted,F ,500000.00,INE891K14LY3, ,Commercial Papers,-,-,-,-
724391,Bajaj Financial Securities Limited,BFSL280223,Bajaj Financial Securities Ltd,Delisted,F ,500000.00,INE01C314361, ,Commercial Papers,-,-,-,-
724392,Nuvama Wealth Finance Limited,NWFL280223,Nuvama Wealth Finance Ltd,Delisted,F ,500000.00,INE918K14983, ,Commercial Papers,-,-,-,-
724393,HDFC Securities Limited,HDFCSL28223,HDFC Securities Ltd,Delisted,F ,500000.00,INE700G14EN2, ,Commercial Papers,-,-,-,-
724394,360 ONE Prime Limited,360OPL27223,360 ONE Prime Ltd,Delisted,F ,500000.00,INE248U14MX5, ,Commercial Papers,-,-,-,-
724395,Bajaj Finance Limited,BFL270223,Bajaj Finance Ltd,Delisted,F ,500000.00,INE296A14UH2, ,Commercial Papers,-,-,-,-
724396,Tata Power Co. Ltd,TPCL28223,Tata Power Co Ltd,Delisted,F ,500000.00,INE245A14HS3, ,Commercial Papers,-,-,-,-
724397,birla Group Holdings Private Limited,BGHPL28223,birla Group Holdings Pvt Ltd,Delisted,F ,500000.00,INE09OL14CQ3, ,Commercial Papers,-,-,-,-
724398,Nuvama Wealth and Investment Limited,NWIL280223,Nuvama Wealth and Investment Ltd,Delisted,F ,500000.00,INE523L14328, ,Commercial Papers,-,-,-,-
724399,ICICI Securities Limited,ISL010323,ICICI Securities Ltd,Delisted,F ,500000.00,INE763G14OX8, ,Commercial Papers,-,-,-,-
724400,ICICI Securities Limited,ISL10323,ICICI Securities Ltd,Delisted,F ,500000.00,INE763G14OW0, ,Commercial Papers,-,-,-,-
724401,Reliance Retail Ventures Limited,RRVL280223,Reliance Retail Ventures Ltd,Delisted,F ,500000.00,INE929O14982, ,Commercial Papers,-,-,-,-
724402,Bajaj Finance Limited,BFL28223,Bajaj Finance Ltd,Delisted,F ,500000.00,INE296A14UI0, ,Commercial Papers,-,-,-,-
724403,Julius Baer Capital (India) Private Limited,JBCPL010323,Julius Baer Capital (India) Pvt Ltd,Delisted,F ,500000.00,INE824H14KV8, ,Commercial Papers,-,-,-,-
724404,Tata Power Co. Ltd,TPCL010323,Tata Power Co Ltd,Delisted,F ,500000.00,INE245A14HT1, ,Commercial Papers,-,-,-,-
724405,360 ONE Prime Limited,360OP010323,360 ONE Prime Ltd,Delisted,F ,500000.00,INE248U14NA1, ,Commercial Papers,-,-,-,-
724406,Bajaj Finance Limited,BFL010323,Bajaj Finance Ltd,Delisted,F ,500000.00,INE296A14UJ8, ,Commercial Papers,-,-,-,-
724407,The Ramco Cements Limited,TRCL010323,The Ramco Cements Ltd,Delisted,F ,500000.00,INE331A14NC3, ,Commercial Papers,-,-,-,-
724408,The Ramco Cements Limited,TRCL0103223,The Ramco Cements Ltd,Delisted,F ,500000.00,INE331A14NB5, ,Commercial Papers,-,-,-,-
724409,Motilal Oswal Financial Services Limited,MOFSL01323,Motilal Oswal Financial Services Ltd,Delisted,F ,500000.00,INE338I14EM9, ,Commercial Papers,-,-,-,-
724410,Nuvama Wealth Finance Limited,NWFL01323,Nuvama Wealth Finance Ltd,Delisted,F ,500000.00,INE918K14991, ,Commercial Papers,-,-,-,-
724411,Motilal Oswal Financial Services Limited,MOFSL020323,Motilal Oswal Financial Services Ltd,Delisted,F ,500000.00,INE338I14EO5, ,Commercial Papers,-,-,-,-
724412,360 ONE WAM LIMITED,360OWL2323,360 ONE WAM Ltd,Delisted,F ,500000.00,INE466L14BT3, ,Commercial Papers,-,-,-,-
724413,360 ONE WAM LIMITED,360OWL20323,360 ONE WAM Ltd,Delisted,F ,500000.00,INE466L14BU1, ,Commercial Papers,-,-,-,-
724414,CaratLane Trading Private Limited,CTPL030323,CaratLane Trading Pvt Ltd,Delisted,F ,500000.00,INE015Y14427, ,Commercial Papers,-,-,-,-
724415,Bajaj Finance Limited,BFL020323,Bajaj Finance Ltd,Delisted,F ,500000.00,INE296A14UK6, ,Commercial Papers,-,-,-,-
724416,Kotak Securities Limited,KSL030323,Kotak Securities Ltd,Delisted,F ,500000.00,INE028E14LK4, ,Commercial Papers,-,-,-,-
724417,HDFC Securities Limited,HSL02323,HDFC Securities Ltd,Delisted,F ,500000.00,INE700G14EO0, ,Commercial Papers,-,-,-,-
724419,UGRO CAPITAL LIMITED,UCL020323,UCL-30-6-23-CP,Delisted,F ,500000.00,INE583D14188, ,Commercial Papers,-,-,-,-
724420,Sterlite Technologies Limited.,STL030323,STL-29-5-23-CP,Delisted,F ,500000.00,INE089C14CN3, ,Commercial Papers,-,-,-,-
724421,Axis Finance Limited,AFL030323,Axis Finance Ltd,Delisted,F ,500000.00,INE891K14LZ0, ,Commercial Papers,-,-,-,-
724422,Julius Baer Capital (India) Private Limited,JBCPL030323,Julius Baer Capital (India) Pvt Ltd,Delisted,F ,500000.00,INE824H14KW6, ,Commercial Papers,-,-,-,-
724423,Julius Baer Capital (India) Private Limited,JBCPL060323,Julius Baer Capital (India) Pvt Ltd,Delisted,F ,500000.00,INE824H14KX4, ,Commercial Papers,-,-,-,-
724424,UGRO CAPITAL LIMITED,UCL030323,UGRO CAPITAL Ltd,Delisted,F ,500000.00,INE583D14196, ,Commercial Papers,-,-,-,-
724425,ONGC Petro additions Limited.,OPAL030323,ONGC Petro additions Ltd,Delisted,F ,500000.00,INE163N14295, ,Commercial Papers,-,-,-,-
724426,TV18 Broadcast Ltd.,TBL060323,TV18 Broadcast Ltd,Delisted,F ,500000.00,INE886H14IF4, ,Commercial Papers,-,-,-,-
724427,TV18 Broadcast Ltd.,TVBL060323,TV18 Broadcast Ltd,Delisted,F ,500000.00,INE886H14ID9, ,Commercial Papers,-,-,-,-
724428,ICICI Securities Limited,ISL060323,ICICI Securities Ltd,Delisted,F ,500000.00,INE763G14OZ3, ,Commercial Papers,-,-,-,-
724429,Bajaj Finance Limited,BFL030323,Bajaj Finance Ltd,Delisted,F ,500000.00,INE296A14UL4, ,Commercial Papers,-,-,-,-
724430,Axis Securities Limited,ASL060322,Axis Securities Ltd,Delisted,F ,500000.00,INE110O14948, ,Commercial Papers,-,-,-,-
724431,Sterlite Technologies Limited.,STL06032023,Sterlite Technologies Ltd,Delisted,F ,500000.00,INE089C14CO1, ,Commercial Papers,-,-,-,-
724432,Sharekhan BNP Paribas Financial Services Limited,SBP030323,SBNPPFSL-02-06-23-CP,Delisted,F ,500000.00,INE550X14AC7, ,Commercial Papers,-,-,-,-
724433,360 ONE Prime Limited,360PL060323,360 ONE Prime Ltd,Delisted,F ,500000.00,INE248U14ND5, ,Commercial Papers,-,-,-,-
724434,HDFC Credila Financial Services Ltd,HCFSL060323,HDFC Credila Financial Services Ltd,Delisted,F ,500000.00,INE539K14BA9, ,Commercial Papers,-,-,-,-
724435,SIKKA PORTS & TERMINALS LTD,SPTL060323,SIKKA PORTS & TERMINALS LTD,Delisted,F ,500000.00,INE941D14378, ,Commercial Papers,-,-,-,-
724436,Network 18 Media & Investments Limited,NMIL060323,Network 18 Media & Investments Ltd,Delisted,F ,500000.00,INE870H14PS6, ,Commercial Papers,-,-,-,-
724437,Bajaj Finance Limited,BFL060323,Bajaj Finance Ltd,Delisted,F ,500000.00,INE296A14UM2, ,Commercial Papers,-,-,-,-
724438,STANDARD CHARTERED CAPITAL LIMITED,SCCL080323,STANDARD CHARTERED CAPITAL Ltd,Delisted,F ,500000.00,INE403G14QO5, ,Commercial Papers,-,-,-,-
724439,Larsen & Toubro Limited,LTL080323,Larsen & Toubro Ltd,Delisted,F ,500000.00,INE018A14JG5, ,Commercial Papers,-,-,-,-
724440,Motilal Oswal Finvest Limited,MOFL060323,Motilal Oswal Finvest Ltd,Delisted,F ,500000.00,INE01WN14769, ,Commercial Papers,-,-,-,-
724441,Motilal Oswal Finvest Limited,MOFL060323A,Motilal Oswal Finvest Ltd,Delisted,F ,500000.00,INE01WN14777, ,Commercial Papers,-,-,-,-
724442,Reliance Retail Ventures Limited,RRVL060323,Reliance Retail Ventures Ltd,Delisted,F ,500000.00,INE929O14AA6, ,Commercial Papers,-,-,-,-
724443,Reliance Retail Ventures Limited,RRVL060323B,Reliance Retail Ventures Ltd,Delisted,F ,500000.00,INE929O14990, ,Commercial Papers,-,-,-,-
724444,Reliance Retail Ventures Limited,RRVL080323,Reliance Retail Ventures Ltd,Delisted,F ,500000.00,INE929O14AB4, ,Commercial Papers,-,-,-,-
724445,ICICI Securities Limited,ISL080323,ICICI Securities Ltd,Delisted,F ,500000.00,INE763G14OY6, ,Commercial Papers,-,-,-,-
724446,ICICI Securities Limited,ISL080323A,ICICI Securities Ltd,Suspended,F ,500000.00,INE763G14PA3, ,Commercial Papers,-,-,-,-
724447,Motilal Oswal Finvest Limited,MOFL080323,Motilal Oswal Finvest Ltd,Delisted,F ,500000.00,INE01WN14785, ,Commercial Papers,-,-,-,-
724448,Bajaj Finance Limited,BFL080323,Bajaj Finance Ltd,Delisted,F ,500000.00,INE296A14UN0, ,Commercial Papers,-,-,-,-
724449,Time Technoplast Limited,TTL10323,Time Technoplast Ltd,Suspended,F ,500000.00,INE508G14DG5, ,Commercial Papers,-,-,-,-
724450,Julius Baer Capital (India) Private Limited,JBCPL090323,Julius Baer Capital (India) Pvt Ltd,Delisted,F ,500000.00,INE824H14KY2, ,Commercial Papers,-,-,-,-
724451,Tata Power Co. Ltd,TPCL10323,Tata Power Co Ltd,Delisted,F ,500000.00,INE245A14HU9, ,Commercial Papers,-,-,-,-
724452,Larsen & Toubro Limited,L&T10323,Larsen & Toubro Ltd,Delisted,F ,500000.00,INE018A14JH3, ,Commercial Papers,-,-,-,-
724453,TRUST INVESTMENT ADVISORS PRIVATE LIMITED,TIAPL090323,TRUST INVESTMENT ADVISORS Pvt Ltd,Delisted,F ,500000.00,INE723X14DP6, ,Commercial Papers,-,-,-,-
724454,STANDARD CHARTERED CAPITAL LIMITED,SCCL9323,STANDARD CHARTERED CAPITAL Ltd,Delisted,F ,500000.00,INE403G14QP2, ,Commercial Papers,-,-,-,-
724455,TV18 Broadcast Ltd.,TV1810323,TV18 Broadcast Ltd,Delisted,F ,500000.00,INE886H14IG2, ,Commercial Papers,-,-,-,-
724456,Redington Limited,RL090323,Redington Ltd,Delisted,F ,500000.00,INE891D14WX7, ,Commercial Papers,-,-,-,-
724457,L&T Metro Rail (Hyderabad) Limited,LTMRHL10323,L&T Metro Rail (Hyderabad) Ltd,Delisted,F ,500000.00,INE128M14381, ,Commercial Papers,-,-,-,-
724458,Motilal Oswal Financial Services Limited,MOFSL9323,Motilal Oswal Financial Services Ltd,Delisted,F ,500000.00,INE338I14EN7, ,Commercial Papers,-,-,-,-
724459,Network 18 Media & Investments Limited,NMIL10323,Network 18 Media & Investments Ltd,Delisted,F ,500000.00,INE870H14PW8, ,Commercial Papers,-,-,-,-
724460,Bajaj Finance Limited,BFL090323,Bajaj Finance Ltd,Delisted,F ,500000.00,INE296A14UO8, ,Commercial Papers,-,-,-,-
724461,Network 18 Media & Investments Limited,NMIL100323,Network 18 Media & Investments Ltd,Delisted,F ,500000.00,INE870H14PT4, ,Commercial Papers,-,-,-,-
724462,ICICI Securities Limited,ISL100323,ICICI Securities Ltd,Delisted,F ,500000.00,INE763G14PB1, ,Commercial Papers,-,-,-,-
724463,ICICI Securities Limited,ISL10022023,ICICI Securities Ltd,Delisted,F ,500000.00,INE763G14PC9, ,Commercial Papers,-,-,-,-
724464,ICICI Securities Limited,ISL1022023,ICICI Securities Ltd,Delisted,F ,500000.00,INE763G14PE5, ,Commercial Papers,-,-,-,-
724465,ICICI Securities Limited,ISL130323,ICICI Securities Ltd,Delisted,F ,500000.00,INE763G14PD7, ,Commercial Papers,-,-,-,-
724466,Axis Securities Limited,ASL130323,Axis Securities Ltd,Delisted,F ,500000.00,INE110O14955, ,Commercial Papers,-,-,-,-
724467,Axis Finance Limited,AFL130323,Axis Finance Ltd,Suspended,F ,500000.00,INE891K14MA1, ,Commercial Papers,-,-,-,-
724468,Julius Baer Capital (India) Private Limited,JBC130323,Julius Baer Capital (India) Pvt Ltd,Delisted,F ,500000.00,INE824H14LB8, ,Commercial Papers,-,-,-,-
724469,Network 18 Media & Investments Limited,NMIL130323,Network 18 Media & Investments Ltd,Delisted,F ,500000.00,INE870H14PU2, ,Commercial Papers,-,-,-,-
724470,TV18 Broadcast Ltd.,TVBL130323,TV18 Broadcast Ltd,Delisted,F ,500000.00,INE886H14IE7, ,Commercial Papers,-,-,-,-
724471,UGRO CAPITAL LIMITED,UCL10323,UGRO CAPITAL Ltd,Delisted,F ,500000.00,INE583D14204, ,Commercial Papers,-,-,-,-
724472,Larsen & Toubro Limited,LTL130323,Larsen & Toubro Ltd,Delisted,F ,500000.00,INE018A14JJ9, ,Commercial Papers,-,-,-,-
724473,Larsen & Toubro Limited,LTL13032023,Larsen & Toubro Ltd,Delisted,F ,500000.00,INE018A14JI1, ,Commercial Papers,-,-,-,-
724474,CaratLane Trading Private Limited,CTPL10323,CaratLane Trading Pvt Ltd,Delisted,F ,500000.00,INE015Y14435, ,Commercial Papers,-,-,-,-
724475,Kotak Securities Limited,KSL13323,Kotak Securities Ltd,Delisted,F ,500000.00,INE028E14LL2, ,Commercial Papers,-,-,-,-
724476,Bajaj Financial Securities Limited,BFSL13323,Bajaj Financial Securities Ltd,Delisted,F ,500000.00,INE01C314387, ,Commercial Papers,-,-,-,-
724477,Motilal Oswal Finvest Limited,MOFL130323,Motilal Oswal Finvest Ltd,Delisted,F ,500000.00,INE01WN14793, ,Commercial Papers,-,-,-,-
724478,Motilal Oswal Finvest Limited,MOFL130323A,Motilal Oswal Finvest Ltd,Delisted,F ,500000.00,INE01WN14801, ,Commercial Papers,-,-,-,-
724479,HDFC Securities Limited,HSL130323,HDFC Securities Ltd,Delisted,F ,500000.00,INE700G14EP7, ,Commercial Papers,-,-,-,-
724480,L&T Metro Rail (Hyderabad) Limited,LTMRL030323,L&T Metro Rail (Hyderabad) Ltd,Delisted,F ,500000.00,INE128M14373, ,Commercial Papers,-,-,-,-
724481,ICICI HOME FINANCE COMPANY LIMITED,IHFCL14323,ICICI HOME FINANCE COMPANY Ltd,Delisted,F ,500000.00,INE071G14EN8, ,Commercial Papers,-,-,-,-
724482,Tata Power Co. Ltd,TPCL14323,Tata Power Co Ltd,Delisted,F ,500000.00,INE245A14HV7, ,Commercial Papers,-,-,-,-
724483,L&T Metro Rail (Hyderabad) Limited,LTMRH13323,L&T Metro Rail (Hyderabad) Ltd,Delisted,F ,500000.00,INE128M14399, ,Commercial Papers,-,-,-,-
724484,Motilal Oswal Financial Services Limited,MOFSL13323,Motilal Oswal Financial Services Ltd,Delisted,F ,500000.00,INE338I14EP2, ,Commercial Papers,-,-,-,-
724485,Nuvama Wealth and Investment Limited,NWIL13323,Nuvama Wealth and Investment Ltd,Delisted,F ,500000.00,INE523L14344, ,Commercial Papers,-,-,-,-
724486,Nuvama Wealth and Investment Limited,NWIL130323,Nuvama Wealth and Investment Ltd,Delisted,F ,500000.00,INE523L14351, ,Commercial Papers,-,-,-,-
724487,Nuvama Wealth and Investment Limited,NWI13323,Nuvama Wealth and Investment Ltd,Delisted,F ,500000.00,INE523L14286, ,Commercial Papers,-,-,-,-
724488,Reliance Retail Ventures Limited,RRVL13323,Reliance Retail Ventures Ltd,Delisted,F ,500000.00,INE929O14AC2, ,Commercial Papers,-,-,-,-
724489,Bajaj Financial Securities Limited,BFSL14323,Bajaj Financial Securities Ltd,Delisted,F ,500000.00,INE01C314379, ,Commercial Papers,-,-,-,-
724490,Network 18 Media & Investments Limited,N1814323,Network 18 Media & Investments Ltd,Delisted,F ,500000.00,INE870H14PV0, ,Commercial Papers,-,-,-,-
724491,Julius Baer Capital (India) Private Limited,JBPL14323,Julius Baer Capital (India) Pvt Ltd,Delisted,F ,500000.00,INE824H14LA0, ,Commercial Papers,-,-,-,-
724492,birla Group Holdings Private Limited,BGHPL14323,birla Group Holdings Pvt Ltd,Suspended,F ,500000.00,INE09OL14CR1, ,Commercial Papers,-,-,-,-
724493,Julius Baer Capital (India) Private Limited,JBCPL15323,Julius Baer Capital (India) Pvt Ltd,Delisted,F ,500000.00,INE824H14LC6, ,Commercial Papers,-,-,-,-
724494,Motilal Oswal Finvest Limited,MOFL140323,Motilal Oswal Finvest Ltd,Delisted,F ,500000.00,INE01WN14835, ,Commercial Papers,-,-,-,-
724495,Motilal Oswal Finvest Limited,MOFL14323,Motilal Oswal Finvest Ltd,Delisted,F ,500000.00,INE01WN14827, ,Commercial Papers,-,-,-,-
724496,Motilal Oswal Finvest Limited,MOFL1432023,Motilal Oswal Finvest Ltd,Delisted,F ,500000.00,INE01WN14819, ,Commercial Papers,-,-,-,-
724497,birla Group Holdings Private Limited,BGDL15323,birla Group Holdings Pvt Ltd,Delisted,F ,500000.00,INE09OL14CT7, ,Commercial Papers,-,-,-,-
724498,birla Group Holdings Private Limited,BGHPL15323,birla Group Holdings Pvt Ltd,Suspended,F ,500000.00,INE09OL14CS9, ,Commercial Papers,-,-,-,-
724499,HDFC Securities Limited,HDFCSL15323,HDFC Securities Ltd,Delisted,F ,500000.00,INE700G14EQ5, ,Commercial Papers,-,-,-,-
724500,Nuvama Wealth Management Limited,NWML15323,Nuvama Wealth Management Ltd,Delisted,F ,500000.00,INE531F14DD6, ,Commercial Papers,-,-,-,-
724501,Nuvama Wealth Management Limited,NWML15323A,Nuvama Wealth Management Ltd,Delisted,F ,500000.00,INE531F14DE4, ,Commercial Papers,-,-,-,-
724502,Nuvama Wealth Management Limited,NWML15323B,Nuvama Wealth Management Ltd,Delisted,F ,500000.00,INE531F14DF1, ,Commercial Papers,-,-,-,-
724503,Axis Securities Limited,ASL15323,Axis Securities Ltd,Delisted,F ,500000.00,INE110O14963, ,Commercial Papers,-,-,-,-
724504,Motilal Oswal Finvest Limited,MOFL150323,Motilal Oswal Finvest Ltd,Delisted,F ,500000.00,INE01WN14843, ,Commercial Papers,-,-,-,-
724505,birla Group Holdings Private Limited,BGHPL160323,birla Group Holdings Pvt Ltd,Delisted,F ,500000.00,INE09OL14CV3, ,Commercial Papers,-,-,-,-
724506,Time Technoplast Limited,TTL16323,Time Technoplast Ltd,Delisted,F ,500000.00,INE508G14DI1, ,Commercial Papers,-,-,-,-
724507,Julius Baer Capital (India) Private Limited,JBC160323,Julius Baer Capital (India) Pvt Ltd,Delisted,F ,500000.00,INE824H14KZ9, ,Commercial Papers,-,-,-,-
724508,Redington Limited,RL160323,Redington Ltd,Delisted,F ,500000.00,INE891D14WY5, ,Commercial Papers,-,-,-,-
724509,Kotak Securities Limited,KSL16323,Kotak Securities Ltd,Delisted,F ,500000.00,INE028E14LM0, ,Commercial Papers,-,-,-,-
724510,CaratLane Trading Private Limited,CTPL16323,CaratLane Trading Pvt Ltd,Delisted,F ,500000.00,INE015Y14443, ,Commercial Papers,-,-,-,-
724511,TV18 Broadcast Ltd.,TV1815323,TV18 Broadcast Ltd,Delisted,F ,500000.00,INE886H14IH0, ,Commercial Papers,-,-,-,-
724512,ARKA FINCAP LIMITED,AFL15323,ARKA FINCAP Ltd,Delisted,F ,500000.00,INE03W114377, ,Commercial Papers,-,-,-,-
724513,Network 18 Media & Investments Limited,NMIL16323,Network 18 Media & Investments Ltd,Delisted,F ,500000.00,INE870H14PY4, ,Commercial Papers,-,-,-,-
724514,MUTHOOT FINANCE LIMITED,MFL17323,MUTHOOT FINANCE Ltd,Suspended,F ,500000.00,INE414G14SR1, ,Commercial Papers,-,-,-,-
724515,Motilal Oswal Financial Services Limited,MOFSL16323,Motilal Oswal Financial Services Ltd,Suspended,F ,500000.00,INE338I14EQ0, ,Commercial Papers,-,-,-,-
724516,Kirloskar Ferrous Industries Ltd.,KFIL16323,Kirloskar Ferrous Industries Ltd,Delisted,F ,500000.00,INE884B14481, ,Commercial Papers,-,-,-,-
724517,Bharat Heavy Electricals Ltd.,BHFL17323,Bharat Heavy Electricals Ltd,Delisted,F ,500000.00,INE257A14870, ,Commercial Papers,-,-,-,-
724518,Network 18 Media & Investments Limited,N18MIL17323,Network 18 Media & Investments Ltd,Delisted,F ,500000.00,INE870H14PX6, ,Commercial Papers,-,-,-,-
724519,National Bank for Agriculture and Rural Development,NBRD17323,National Bank for Agriculture and Rural Development,Delisted,F ,500000.00,INE261F14JS5, ,Commercial Papers,-,-,-,-
724520,Kotak Mahindra Investments Limited,KMIL17323,Kotak Mahindra Investments Ltd,Suspended,F ,500000.00,INE975F14YC3, ,Commercial Papers,-,-,-,-
724521,MUTHOOT FINANCE LIMITED,MFL170323,MUTHOOT FINANCE Ltd,Suspended,F ,500000.00,INE414G14SS9, ,Commercial Papers,-,-,-,-
724522,KEC International Ltd.,KIL170323,KEC International Ltd,Delisted,F ,500000.00,INE389H14JK7, ,Commercial Papers,-,-,-,-
724523,ICICI Securities Limited,ISECL17323,ICICI Securities Ltd,Delisted,F ,500000.00,INE763G14PF2, ,Commercial Papers,-,-,-,-
724524,ICICI Securities Limited,ISECL17323A,ICICI Securities Ltd,Suspended,F ,500000.00,INE763G14PI6, ,Commercial Papers,-,-,-,-
724525,Redington Limited,RL170323,Redington Ltd,Delisted,F ,500000.00,INE891D14WZ2, ,Commercial Papers,-,-,-,-
724526,MUTHOOT FINANCE LIMITED,MFL20323,MUTHOOT FINANCE Ltd,Suspended,F ,500000.00,INE414G14SP5, ,Commercial Papers,-,-,-,-
724527,MUTHOOT FINANCE LIMITED,MFL200323,MUTHOOT FINANCE Ltd,Suspended,F ,500000.00,INE414G14SQ3, ,Commercial Papers,-,-,-,-
724528,L&T Metro Rail (Hyderabad) Limited,LMRL20323,L&T Metro Rail (Hyderabad) Ltd,Delisted,F ,500000.00,INE128M14407, ,Commercial Papers,-,-,-,-
724529,birla Group Holdings Private Limited,BGHPL20323,birla Group Holdings Pvt Ltd,Delisted,F ,500000.00,INE09OL14CU5, ,Commercial Papers,-,-,-,-
724530,Time Technoplast Limited,TTL20323,Time Technoplast Ltd,Suspended,F ,500000.00,INE508G14DJ9, ,Commercial Papers,-,-,-,-
724531,Julius Baer Capital (India) Private Limited,JBCPL20323,Julius Baer Capital (India) Pvt Ltd,Delisted,F ,500000.00,INE824H14LD4, ,Commercial Papers,-,-,-,-
724532,Redington Limited,RL20323,Redington Ltd,Delisted,F ,500000.00,INE891D14XA3, ,Commercial Papers,-,-,-,-
724533,IGH Holdings Private Limited,IGHHPL20323,IGH Holdings Pvt Ltd,Suspended,F ,500000.00,INE02FN14176, ,Commercial Papers,-,-,-,-
724534,Pilani Investment And Industries Corporation Limited,PIICL21323,Pilani Investment And Industries Corporation Ltd,Suspended,F ,500000.00,INE417C14512, ,Commercial Papers,-,-,-,-
724535,ICICI Securities Limited,ISL20323,ICICI Securities Ltd,Delisted,F ,500000.00,INE763G14PG0, ,Commercial Papers,-,-,-,-
724536,ICICI Securities Limited,ISL200323,ICICI Securities Ltd,Suspended,F ,500000.00,INE763G14PH8, ,Commercial Papers,-,-,-,-
724537,Time Technoplast Limited,TTL210323,Time Technoplast Ltd,Delisted,F ,500000.00,INE508G14DK7, ,Commercial Papers,-,-,-,-
724538,Bajaj Finance Limited,BFL20323,Bajaj Finance Ltd,Suspended,F ,500000.00,INE296A14UP5, ,Commercial Papers,-,-,-,-
724539,ICICI HOME FINANCE COMPANY LIMITED,IHFCL21323,ICICI HOME FINANCE COMPANY Ltd,Delisted,F ,500000.00,INE071G14EO6, ,Commercial Papers,-,-,-,-
724540,Motilal Oswal Financial Services Limited,MOFSL200323,Motilal Oswal Financial Services Ltd,Suspended,F ,500000.00,INE338I14ER8, ,Commercial Papers,-,-,-,-
724541,KEC International Ltd.,KIL210323,KEC International Ltd,Delisted,F ,500000.00,INE389H14JL5, ,Commercial Papers,-,-,-,-
724542,Axis Finance Limited,AFL210323,Axis Finance Ltd,Delisted,F ,500000.00,INE891K14MB9, ,Commercial Papers,-,-,-,-
724543,Kotak Securities Limited,KSL210323,Kotak Securities Ltd,Delisted,F ,500000.00,INE028E14LN8, ,Commercial Papers,-,-,-,-
724544,STANDARD CHARTERED CAPITAL LIMITED,SCCL200323,STANDARD CHARTERED CAPITAL Ltd,Delisted,F ,500000.00,INE403G14QQ0, ,Commercial Papers,-,-,-,-
724545,HDFC Bank Ltd.,HDFCB21323,HDFC Bank Ltd ,Suspended,F ,500000.00,INE040A14250, ,Commercial Papers,-,-,-,-
724546,360 ONE Prime Limited,360PL210323,360 ONE Prime Ltd,Delisted,F ,500000.00,INE248U14NI4, ,Commercial Papers,-,-,-,-
724547,360 ONE WAM LIMITED,360OML21323,360 ONE WAM Ltd,Delisted,F ,500000.00,INE466L14BW7, ,Commercial Papers,-,-,-,-
724548,HDFC Bank Ltd.,HDFCB210323,HDFC Bank Ltd ,Suspended,F ,500000.00,INE040A14243, ,Commercial Papers,-,-,-,-
724549,Axis Securities Limited,ASL230323,Axis Securities Ltd,Delisted,F ,500000.00,INE110O14971, ,Commercial Papers,-,-,-,-
724550,L&T Metro Rail (Hyderabad) Limited,LTMRL23323,L&T Metro Rail (Hyderabad) Ltd,Delisted,F ,500000.00,INE128M14415, ,Commercial Papers,-,-,-,-
724551,HDFC Securities Limited,HSL230323,HDFC Securities Ltd,Delisted,F ,500000.00,INE700G14ER3, ,Commercial Papers,-,-,-,-
724552,Julius Baer Capital (India) Private Limited,JBCPL23323,Julius Baer Capital (India) Pvt Ltd,Delisted,F ,500000.00,INE824H14LE2, ,Commercial Papers,-,-,-,-
724553,Redington Limited,RL23323,Redington Ltd,Delisted,F ,500000.00,INE891D14XB1, ,Commercial Papers,-,-,-,-
724554,Redington Limited,RL230323,Redington Ltd,Delisted,F ,500000.00,INE891D14XC9, ,Commercial Papers,-,-,-,-
724555,ICICI HOME FINANCE COMPANY LIMITED,IHFCL23323,ICICI HOME FINANCE COMPANY Ltd,Delisted,F ,500000.00,INE071G14EP3, ,Commercial Papers,-,-,-,-
724556,Pilani Investment And Industries Corporation Limited,PIICL23323,Pilani Investment And Industries Corporation Ltd,Suspended,F ,500000.00,INE417C14520, ,Commercial Papers,-,-,-,-
724557,birla Group Holdings Private Limited,BGHPL240323,birla Group Holdings Pvt Ltd,Delisted,F ,500000.00,INE09OL14CW1, ,Commercial Papers,-,-,-,-
724558,Julius Baer Capital (India) Private Limited,JBCPL240323,Julius Baer Capital (India) Pvt Ltd,Delisted,F ,500000.00,INE824H14LF9, ,Commercial Papers,-,-,-,-
724559,HDFC Bank Ltd.,HDFCB24323,HDFC Bank Ltd ,Suspended,F ,500000.00,INE040A14268, ,Commercial Papers,-,-,-,-
724560,National Bank for Agriculture and Rural Development,NBARD24323,National Bank for Agriculture and Rural Development,Delisted,F ,500000.00,INE261F14JT3, ,Commercial Papers,-,-,-,-
724561,Godrej Finance Limited,GFL24323,Godrej Finance Ltd,Suspended,F ,500000.00,INE02KN14044, ,Commercial Papers,-,-,-,-
724562,HDFC Bank Ltd.,HDFCB27323,HDFC Bank Ltd ,Delisted,F ,500000.00,INE040A14235, ,Commercial Papers,-,-,-,-
724563,Julius Baer Capital (India) Private Limited,JBCPL27323,Julius Baer Capital (India) Pvt Ltd,Delisted,F ,500000.00,INE824H14LG7, ,Commercial Papers,-,-,-,-
724564,Infina Finance Private Limited,IFPL28323,Infina Finance Pvt Ltd,Delisted,F ,500000.00,INE879F14GY8, ,Commercial Papers,-,-,-,-
724565,Network 18 Media & Investments Limited,NMIL28323,NMIL-27-6-23-CP,Delisted,F ,500000.00,INE870H14PZ1, ,Commercial Papers,-,-,-,-
724566,Hinduja Leyland Finance Limited,HLFL27323,HLFL-23-6-23-CP,Delisted,F ,500000.00,INE146O14BD9, ,Commercial Papers,-,-,-,-
724567,ONGC Petro additions Limited.,ONGCPA28323,ONGC Petro additions Ltd,Suspended,F ,500000.00,INE163N14303, ,Commercial Papers,-,-,-,-
724568,POONAWALLA FINCORP LIMITED,PFL28323,POONAWALLA FINCORP Ltd,Delisted,F ,500000.00,INE511C14UX7, ,Commercial Papers,-,-,-,-
724569,JM Financial Properties and Holdings Limited,JMFPH29323,JM Financial Properties and Holdings Ltd,Delisted,F ,500000.00,INE525R14882, ,Commercial Papers,-,-,-,-
724570,SEIL Energy India Limited,SEIL290323,Sembcorp Energy India Ltd,Delisted,F ,500000.00,INE460M14438, ,Commercial Papers,-,-,-,-
724571,Motilal Oswal Finvest Limited,MOFL280323,Motilal Oswal Finvest Ltd,Delisted,F ,500000.00,INE01WN14850, ,Commercial Papers,-,-,-,-
724572,L&T Metro Rail (Hyderabad) Limited,LMRL29323,L&T Metro Rail (Hyderabad) Ltd,Delisted,F ,500000.00,INE128M14423, ,Commercial Papers,-,-,-,-
724573,Aarti Industries Ltd,AIL29323,Aarti Industries Ltd,Delisted,F ,500000.00,INE769A14783, ,Commercial Papers,-,-,-,-
724574,Infina Finance Private Limited,IFPL31323,Infina Finance Pvt Ltd,Delisted,F ,500000.00,INE879F14GZ5, ,Commercial Papers,-,-,-,-
724575,ARKA FINCAP LIMITED,AFL290323,ARKA FINCAP Ltd,Delisted,F ,500000.00,INE03W114385, ,Commercial Papers,-,-,-,-
724576,SEIL Energy India Limited,SEIL31323,SEIL Energy India Ltd,Delisted,F ,500000.00,INE460M14420, ,Commercial Papers,-,-,-,-
724577,SEIL Energy India Limited,SEIL310323,SEIL Energy India Ltd,Delisted,F ,500000.00,INE460M14412, ,Commercial Papers,-,-,-,-
724578,ARKA FINCAP LIMITED,AFL310323,ARKA FINCAP Ltd,Delisted,F ,500000.00,INE03W114393, ,Commercial Papers,-,-,-,-
724579,UGRO CAPITAL LIMITED,UCL31323,UGRO CAPITAL Ltd,Delisted,F ,500000.00,INE583D14212, ,Commercial Papers,-,-,-,-
724580,HDFC Securities Limited,HSL030423,HDFC Securities Ltd,Delisted,F ,500000.00,INE700G14ES1, ,Commercial Papers,-,-,-,-
724581,Adani Enterprises Ltd.,AEL050423,Adani Enterprises Ltd,Delisted,F ,500000.00,INE423A14SS3, ,Commercial Papers,-,-,-,-
724582,Tata Power Co. Ltd,TPCL060423,Tata Power Co Ltd,Delisted,F ,500000.00,INE245A14HW5, ,Commercial Papers,-,-,-,-
724583,STANDARD CHARTERED CAPITAL LIMITED,SCCL050423,STANDARD CHARTERED CAPITAL Ltd,Delisted,F ,500000.00,INE403G14QR8, ,Commercial Papers,-,-,-,-
724584,ICICI HOME FINANCE COMPANY LIMITED,IHFCL060423,ICICI HOME FINANCE COMPANY Ltd,Delisted,F ,500000.00,INE071G14EQ1, ,Commercial Papers,-,-,-,-
724585,BOBCARD LIMITED,BFSL050423,BOB Financial Solutions Ltd,Delisted,F ,500000.00,INE027214399, ,Commercial Papers,-,-,-,-
724586,Century Textiles & Industries Ltd.,CTIL060423,Century Textiles & Industries Ltd,Delisted,F ,500000.00,INE055A14JL7, ,Commercial Papers,-,-,-,-
724587,Larsen & Toubro Limited,LTL060423,Larsen & Toubro Ltd,Delisted,F ,500000.00,INE018A14JK7, ,Commercial Papers,-,-,-,-
724588,Larsen & Toubro Limited,LTL06423,Larsen & Toubro Ltd,Delisted,F ,500000.00,INE018A14JL5, ,Commercial Papers,-,-,-,-
724589,National Bank for Agriculture and Rural Development,NBARD06423,National Bank for Agriculture and Rural Development,Delisted,F ,500000.00,INE261F14JU1, ,Commercial Papers,-,-,-,-
724590,ICICI Securities Limited,ISL060423,ICICI Securities Ltd,Delisted,F ,500000.00,INE763G14PK2, ,Commercial Papers,-,-,-,-
724591,ICICI Securities Limited,ISL6423,ICICI Securities Ltd,Delisted,F ,500000.00,INE763G14PJ4, ,Commercial Papers,-,-,-,-
724592,Reliance Retail Ventures Limited,RRVL060423,Reliance Retail Ventures Ltd,Delisted,F ,500000.00,INE929O14AD0, ,Commercial Papers,-,-,-,-
724593,Reliance Retail Ventures Limited,RRVL06423,Reliance Retail Ventures Ltd,Delisted,F ,500000.00,INE929O14AE8, ,Commercial Papers,-,-,-,-
724594,Can Fin Homes Ltd.,CFHL060423,Can Fin Homes Ltd,Delisted,F ,500000.00,INE477A14CD5, ,Commercial Papers,-,-,-,-
724595,Julius Baer Capital (India) Private Limited,JBC10423,Julius Baer Capital (India) Pvt Ltd,Delisted,F ,500000.00,INE824H14LH5, ,Commercial Papers,-,-,-,-
724596,Muthoot Capital Services Ltd.,MCSL060423,Muthoot Capital Services Ltd,Delisted,F ,500000.00,INE296G14131, ,Commercial Papers,-,-,-,-
724597,Century Textiles & Industries Ltd.,CTIL100423,Century Textiles & Industries Ltd,Delisted,F ,500000.00,INE055A14JM5, ,Commercial Papers,-,-,-,-
724598,The Ramco Cements Limited,TRCL10423,The Ramco Cements Ltd,Delisted,F ,500000.00,INE331A14ND1, ,Commercial Papers,-,-,-,-
724599,The Ramco Cements Limited,TRCL100423,The Ramco Cements Ltd,Delisted,F ,500000.00,INE331A14NE9, ,Commercial Papers,-,-,-,-
724600,Shree Cements Ltd.,SCL100423,Shree Cements Ltd,Delisted,F ,500000.00,INE070A14703, ,Commercial Papers,-,-,-,-
724601,Sterlite Technologies Limited.,STL100423,Sterlite Technologies Ltd,Delisted,F ,500000.00,INE089C14CP8, ,Commercial Papers,-,-,-,-
724602,Shree Cements Ltd.,SCL110423,Shree Cements Ltd,Delisted,F ,500000.00,INE070A14711, ,Commercial Papers,-,-,-,-
724603,Kotak Mahindra Investments Limited,KMIL100423,Kotak Mahindra Investments Ltd,Suspended,F ,500000.00,INE975F14YD1, ,Commercial Papers,-,-,-,-
724604,GIC Housing Finance Ltd.,GHFL110423,GIC Housing Finance Ltd,Delisted,F ,500000.00,INE289B14IJ6, ,Commercial Papers,-,-,-,-
724605,Reliance Industries Ltd,RIL110423,Reliance Industries Ltd,Delisted,F ,500000.00,INE002A14JQ8, ,Commercial Papers,-,-,-,-
724606,Reliance Industries Ltd,RIL110423A,Reliance Industries Ltd,Delisted,F ,500000.00,INE002A14JR6, ,Commercial Papers,-,-,-,-
724607,Sharekhan Limited,SL12423,Sharekhan Ltd,Delisted,F ,500000.00,INE211H14583, ,Commercial Papers,-,-,-,-
724608,birla Group Holdings Private Limited,BGHPL110423,birla Group Holdings Pvt Ltd,Delisted,F ,500000.00,INE09OL14CX9, ,Commercial Papers,-,-,-,-
724609,L&T Metro Rail (Hyderabad) Limited,LTMTHL11423,L&T Metro Rail (Hyderabad) Ltd,Delisted,F ,500000.00,INE128M14431, ,Commercial Papers,-,-,-,-
724610,L&T Metro Rail (Hyderabad) Limited,LTMRH11423,L&T Metro Rail (Hyderabad) Ltd,Delisted,F ,500000.00,INE128M14449, ,Commercial Papers,-,-,-,-
724611,BOBCARD LIMITED,BOBFSL11423,BOB Financial Solutions Ltd,Delisted,F ,500000.00,INE027214407, ,Commercial Papers,-,-,-,-
724612,Manappuram Finance Limited,MFL110423,Manappuram Finance Ltd,Delisted,F ,500000.00,INE522D14NV1, ,Commercial Papers,-,-,-,-
724613,Sharekhan Limited,SL120423,Sharekhan Ltd,Delisted,F ,500000.00,INE211H14591, ,Commercial Papers,-,-,-,-
724614,TATA STEEL LIMITED,TSL120423,TATA STEEL Ltd,Delisted,F ,500000.00,INE081A14DV5, ,Commercial Papers,-,-,-,-
724615,MUTHOOT FINANCE LIMITED,MFL120423,MUTHOOT FINANCE Ltd,Suspended,F ,500000.00,INE414G14ST7, ,Commercial Papers,-,-,-,-
724616,Larsen & Toubro Limited,LTL12423,Larsen & Toubro Ltd,Delisted,F ,500000.00,INE018A14JM3, ,Commercial Papers,-,-,-,-
724617,CaratLane Trading Private Limited,CTPL12423,CaratLane Trading Pvt Ltd,Delisted,F ,500000.00,INE015Y14450, ,Commercial Papers,-,-,-,-
724618,MUTHOOT FINANCE LIMITED,MFL120423A,MUTHOOT FINANCE Ltd,Suspended,F ,500000.00,INE414G14SU5, ,Commercial Papers,-,-,-,-
724619,Reliance Industries Ltd,RIL120423,Reliance Industries Ltd,Delisted,F ,500000.00,INE002A14JS4, ,Commercial Papers,-,-,-,-
724620,STANDARD CHARTERED CAPITAL LIMITED,SCCL120423,STANDARD CHARTERED CAPITAL Ltd,Suspended,F ,500000.00,INE403G14QS6, ,Commercial Papers,-,-,-,-
724621,POONAWALLA FINCORP LIMITED,PFL120423,POONAWALLA FINCORP Ltd,Delisted,F ,500000.00,INE511C14UY5, ,Commercial Papers,-,-,-,-
724622,Reliance Industries Ltd,RIL130423,Reliance Industries Ltd,Delisted,F ,500000.00,INE002A14JT2, ,Commercial Papers,-,-,-,-
724623,NLC Tamilnadu Power Limited,NTPL13423,NLC Tamilnadu Power Ltd,Delisted,F ,500000.00,INE05C614329, ,Commercial Papers,-,-,-,-
724624,Sterlite Technologies Limited.,STL130423,Sterlite Technologies Ltd,Delisted,F ,500000.00,INE089C14CQ6, ,Commercial Papers,-,-,-,-
724625,ICICI Securities Primary Dealership Limited,ISPDL130423,ICICI Securities Primary Dealership Ltd,Delisted,F ,500000.00,INE849D14HB2, ,Commercial Papers,-,-,-,-
724626,Tata Power Co. Ltd,TPCL130423,Tata Power Co Ltd,Delisted,F ,500000.00,INE245A14HX3, ,Commercial Papers,-,-,-,-
724627,Shree Cements Ltd.,SCL130423,Shree Cements Ltd,Delisted,F ,500000.00,INE070A14729, ,Commercial Papers,-,-,-,-
724628,National Bank for Agriculture and Rural Development,NBRD13423,National Bank for Agriculture and Rural Development,Delisted,F ,500000.00,INE261F14JW7, ,Commercial Papers,-,-,-,-
724629,National Bank for Agriculture and Rural Development,NBRD130423,National Bank for Agriculture and Rural Development,Delisted,F ,500000.00,INE261F14JV9, ,Commercial Papers,-,-,-,-
724630,Bajaj Financial Securities Limited,BFSL130423,Bajaj Financial Securities Ltd,Delisted,F ,500000.00,INE01C314395, ,Commercial Papers,-,-,-,-
724631,IIFL Samasta Finance Limited,IIFLS130423,IIFL Samasta Finance Ltd,Delisted,F ,500000.00,INE413U14182, ,Commercial Papers,-,-,-,-
724632,Century Textiles & Industries Ltd.,CTIL13423,Century Textiles & Industries Ltd,Delisted,F ,500000.00,INE055A14JN3, ,Commercial Papers,-,-,-,-
724633,SEIL Energy India Limited,SEIL13423,SEIL Energy India Ltd,Delisted,F ,500000.00,INE460M14446, ,Commercial Papers,-,-,-,-
724634,Bajaj Finance Limited,BFL13423,BFL-13-7-23-CP,Delisted,F ,500000.00,INE296A14UQ3, ,Commercial Papers,-,-,-,-
724635,Sterlite Technologies Limited.,STL170423,STL-13-10-23-CP,Delisted,F ,500000.00,INE089C14CR4, ,Commercial Papers,-,-,-,-
724636,Reliance Industries Ltd,RIL170423,Reliance Industries Ltd,Delisted,F ,500000.00,INE002A14JU0, ,Commercial Papers,-,-,-,-
724637,Infina Finance Private Limited,IFPL170423,Infina Finance Pvt Ltd,Delisted,F ,500000.00,INE879F14HA6, ,Commercial Papers,-,-,-,-
724638,Reliance Industries Ltd,RIL17423,Reliance Industries Ltd,Delisted,F ,500000.00,INE002A14JV8, ,Commercial Papers,-,-,-,-
724639,ICICI Securities Limited,ISEC17423,ICICI Securities Ltd,Delisted,F ,500000.00,INE763G14PL0, ,Commercial Papers,-,-,-,-
724640,National Bank for Agriculture and Rural Development,NABAR180423,National Bank for Agriculture and Rural Development,Delisted,F ,500000.00,INE261F14JX5, ,Commercial Papers,-,-,-,-
724641,Reliance Retail Ventures Limited,RRVL17423,Reliance Retail Ventures Ltd,Delisted,F ,500000.00,INE929O14AF5, ,Commercial Papers,-,-,-,-
724642,Bajaj Finance Limited,BFL170423,Bajaj Finance Ltd,Delisted,F ,500000.00,INE296A14UR1, ,Commercial Papers,-,-,-,-
724643,Infina Finance Private Limited,IFPL18423,Infina Finance Pvt Ltd,Delisted,F ,500000.00,INE879F14HB4, ,Commercial Papers,-,-,-,-
724644,Grasim Industries Ltd,GIL170423,Grasim Industries Ltd,Delisted,F ,500000.00,INE047A14800, ,Commercial Papers,-,-,-,-
724645,ECL Finance Limited,ECLFL18423,ECL Finance Ltd,Suspended,F ,500000.00,INE804I14VW3, ,Commercial Papers,-,-,-,-
724646,Century Textiles & Industries Ltd.,CTIL190423,Century Textiles & Industries Ltd,Delisted,F ,500000.00,INE055A14JO1, ,Commercial Papers,-,-,-,-
724647,birla Group Holdings Private Limited,BGHPL19423,birla Group Holdings Pvt Ltd,Delisted,F ,500000.00,INE09OL14CY7, ,Commercial Papers,-,-,-,-
724648,JSW Energy Limited,JSWEL180423,JSW Energy Ltd,Delisted,F ,500000.00,INE121E14276, ,Commercial Papers,-,-,-,-
724649,Time Technoplast Limited,TTL19423,Time Technoplast Ltd,Delisted,F ,500000.00,INE508G14DR2, ,Commercial Papers,-,-,-,-
724650,Tata Power Co. Ltd,TPCL19423,Tata Power Co Ltd,Delisted,F ,500000.00,INE245A14HY1, ,Commercial Papers,-,-,-,-
724651,ARKA FINCAP LIMITED,AFL180423,AFL-28-3-24-CP,Suspended,F ,500000.00,INE03W114401, ,Commercial Papers,-,-,-,-
724652,GIC Housing Finance Ltd.,GICHF190423,GICHFL-16-6-23-CP,Delisted,F ,500000.00,INE289B14IK4, ,Commercial Papers,-,-,-,-
724653,HDFC Bank Ltd.,HDFCB190423,HDFC Bank Ltd ,Suspended,F ,500000.00,INE040A14276, ,Commercial Papers,-,-,-,-
724654,Reliance Industries Ltd,RIL19423,Reliance Industries Ltd,Delisted,F ,500000.00,INE002A14JX4, ,Commercial Papers,-,-,-,-
724655,Reliance Industries Ltd,RIL190423,Reliance Industries Ltd,Delisted,F ,500000.00,INE002A14JW6, ,Commercial Papers,-,-,-,-
724656,J.K. CEMENT LTD,JKCL19423,JK CEMENT LTD,Delisted,F ,500000.00,INE823G14876, ,Commercial Papers,-,-,-,-
724657,Infina Finance Private Limited,IFPL20423,Infina Finance Pvt Ltd,Delisted,F ,500000.00,INE879F14HC2, ,Commercial Papers,-,-,-,-
724658,TATA STEEL LIMITED,TSL20423,TATA STEEL Ltd,Delisted,F ,500000.00,INE081A14DW3, ,Commercial Papers,-,-,-,-
724659,UGRO CAPITAL LIMITED,UGL19423,UGRO CAPITAL Ltd,Suspended,F ,500000.00,INE583D14220, ,Commercial Papers,-,-,-,-
724660,ŠKODA AUTO Volkswagen India Private Limited,SAVIPL20423,ŠKODA AUTO Volkswagen India Pvt Ltd,Delisted,F ,500000.00,INE04TA14295, ,Commercial Papers,-,-,-,-
724661,Larsen & Toubro Limited,L&T20423,Larsen & Toubro Ltd,Delisted,F ,500000.00,INE018A14JN1, ,Commercial Papers,-,-,-,-
724662,birla Group Holdings Private Limited,BGHPL210423,birla Group Holdings Pvt Ltd,Delisted,F ,500000.00,INE09OL14DA5, ,Commercial Papers,-,-,-,-
724663,birla Group Holdings Private Limited,BGHP210423,birla Group Holdings Pvt Ltd,Delisted,F ,500000.00,INE09OL14CZ4, ,Commercial Papers,-,-,-,-
724664,Julius Baer Capital (India) Private Limited,JBCPL21423,Julius Baer Capital (India) Pvt Ltd,Delisted,F ,500000.00,INE824H14LI3, ,Commercial Papers,-,-,-,-
724665,Fedbank Financial Services Limited,FFSL20423,Fedbank Financial Services Ltd,Delisted,F ,500000.00,INE007N14DK6, ,Commercial Papers,-,-,-,-
724666,Aditya Birla Fashion and Retail Limited,ABFRL21423,Aditya Birla Fashion and Retail Ltd,Delisted,F ,500000.00,INE647O14EP4, ,Commercial Papers,-,-,-,-
724667,KEC International Ltd.,KIL21423,KEC International Ltd,Delisted,F ,500000.00,INE389H14JN1, ,Commercial Papers,-,-,-,-
724668,KEC International Ltd.,KIL210423,KEC International Ltd,Delisted,F ,500000.00,INE389H14JM3, ,Commercial Papers,-,-,-,-
724669,Chaitanya India Fin Credit Private Limited,CIFPPL20423,Chaitanya India Fin Credit Pvt Ltd,Delisted,F ,500000.00,INE140R14138, ,Commercial Papers,-,-,-,-
724670,Tata Power Co. Ltd,TPCL210423,Tata Power Co Ltd,Delisted,F ,500000.00,INE245A14HZ8, ,Commercial Papers,-,-,-,-
724671,The Ramco Cements Limited,TRCL20423,The Ramco Cements Ltd,Delisted,F ,500000.00,INE331A14NF6, ,Commercial Papers,-,-,-,-
724672,SBICAP Securities Limited,SCSL20423,SBICAP Securities Ltd,Delisted,F ,500000.00,INE212K14098, ,Commercial Papers,-,-,-,-
724673,Time Technoplast Limited,TTL210423,Time Technoplast Ltd,Delisted,F ,500000.00,INE508G14DS0, ,Commercial Papers,-,-,-,-
724674,J.K. CEMENT LTD,JKCL240423,JK CEMENT LTD,Delisted,F ,500000.00,INE823G14868, ,Commercial Papers,-,-,-,-
724675,Kotak Mahindra Prime Limited,KMPL240423,Kotak Mahindra Prime Ltd,Suspended,F ,500000.00,INE916D142D6, ,Commercial Papers,-,-,-,-
724676,Larsen & Toubro Limited,L&T24423,Larsen & Toubro Ltd,Delisted,F ,500000.00,INE018A14JO9, ,Commercial Papers,-,-,-,-
724677,Larsen & Toubro Limited,L&T240423,Larsen & Toubro Ltd,Delisted,F ,500000.00,INE018A14JP6, ,Commercial Papers,-,-,-,-
724678,NLC Tamilnadu Power Limited,NLCTP24423,NLC Tamilnadu Power Ltd,Delisted,F ,500000.00,INE05C614337, ,Commercial Papers,-,-,-,-
724679,ICICI Securities Primary Dealership Limited,ISPDL240423,ICICI Securities Primary Dealership Ltd,Delisted,F ,500000.00,INE849D14HC0, ,Commercial Papers,-,-,-,-
724680,ICICI Securities Primary Dealership Limited,ISPD240423A,ICICI Securities Primary Dealership Ltd,Delisted,F ,500000.00,INE849D14HD8, ,Commercial Papers,-,-,-,-
724681,Krazybee Services Private Limited,KSPL21423,KSPL-18-10-2023-CP,Delisted,F ,500000.00,INE07HK14102, ,Commercial Papers,-,-,-,-
724682,STANDARD CHARTERED CAPITAL LIMITED,SCCL21423,SCCL-21-7-23-CP,Delisted,F ,500000.00,INE403G14QT4, ,Commercial Papers,-,-,-,-
724683,Tata Power Co. Ltd,TPCL24423,TPCL-13-6-23-CP,Delisted,F ,500000.00,INE245A14IA9, ,Commercial Papers,-,-,-,-
724684,PVR INOX LIMITED,PVRIN21423,PVR-19-4-24-CP,Suspended,F ,500000.00,INE191H14462, ,Commercial Papers,-,-,-,-
724685,TRUST INVESTMENT ADVISORS PRIVATE LIMITED,TIAPL24423,TRUST INVESTMENT ADVISORS Pvt Ltd,Delisted,F ,500000.00,INE723X14DZ5, ,Commercial Papers,-,-,-,-
724686,Can Fin Homes Ltd.,CFHL24423,Can Fin Homes Ltd,Delisted,F ,500000.00,INE477A14CE3, ,Commercial Papers,-,-,-,-
724687,Bajaj Finance Limited,BFL240423,Bajaj Finance Ltd,Delisted,F ,500000.00,INE296A14US9, ,Commercial Papers,-,-,-,-
724688,HDFC Bank Ltd.,HDFCB240423,HDFC Bank Ltd ,Suspended,F ,500000.00,INE040A14284, ,Commercial Papers,-,-,-,-
724689,Network 18 Media & Investments Limited,NMIL25423,Network 18 Media & Investments Ltd,Delisted,F ,500000.00,INE870H14QA2, ,Commercial Papers,-,-,-,-
724690,TV18 Broadcast Ltd.,T1BL250423,TV18 Broadcast Ltd,Delisted,F ,500000.00,INE886H14II8, ,Commercial Papers,-,-,-,-
724691,Asirvad Microfinance Limited,AML240423,Asirvad Microfinance Ltd,Delisted,F ,500000.00,INE516Q14248, ,Commercial Papers,-,-,-,-
724692,ICICI Securities Limited,ISL260423,ICICI Securities Ltd,Delisted,F ,500000.00,INE763G14PM8, ,Commercial Papers,-,-,-,-
724693,IGH Holdings Private Limited,IGH26423,IGH Holdings Pvt Ltd,Suspended,F ,500000.00,INE02FN14184, ,Commercial Papers,-,-,-,-
724694,Reliance Jio Infocomm Limited,RJIL250423,RJIL-03-07-2023-CP,Delisted,F ,500000.00,INE110L14RU1, ,Commercial Papers,-,-,-,-
724695,HDFC Bank Ltd.,HDFCB26423,HDFC Bank Ltd ,Suspended,F ,500000.00,INE040A14292, ,Commercial Papers,-,-,-,-
724696,HT Media Ltd,HML25042023,HML-27-07-2023-CP,Delisted,F ,500000.00,INE501G14DA3, ,Commercial Papers,-,-,-,-
724697,JSW Energy Limited,JEL26423,JEL-25-7-23-CP,Delisted,F ,500000.00,INE121E14284, ,Commercial Papers,-,-,-,-
724698,TATA STEEL LIMITED,TSL26042023,TATA STEEL Ltd,Delisted,F ,500000.00,INE081A14DX1, ,Commercial Papers,-,-,-,-
724699,Tata Power Co. Ltd,TPCL26423,Tata Power Co Ltd,Delisted,F ,500000.00,INE245A14IB7, ,Commercial Papers,-,-,-,-
724700,Godrej Finance Limited,GFL270423,Godrej Finance Ltd,Delisted,F ,500000.00,INE02KN14051, ,Commercial Papers,-,-,-,-
724701,Julius Baer Capital (India) Private Limited,JBCPL27423,Julius Baer Capital (India) Pvt Ltd,Delisted,F ,500000.00,INE824H14LJ1, ,Commercial Papers,-,-,-,-
724702,KEC International Ltd.,KEC27423,KEC International Ltd,Delisted,F ,500000.00,INE389H14JO9, ,Commercial Papers,-,-,-,-
724703,STANDARD CHARTERED CAPITAL LIMITED,SCCL27423,STANDARD CHARTERED CAPITAL Ltd,Delisted,F ,500000.00,INE403G14QU2, ,Commercial Papers,-,-,-,-
724704,HDFC Securities Limited,HDFCSL27423,HDFC Securities Ltd,Delisted,F ,500000.00,INE700G14ET9, ,Commercial Papers,-,-,-,-
724705,Bombay Burmah Trading Corpn. Ltd.,BBTCL27423,Bombay Burmah Trading Corpn Ltd,Delisted,F ,500000.00,INE050A14762, ,Commercial Papers,-,-,-,-
724706,Aditya Birla Fashion and Retail Limited,ABFRL270423,Aditya Birla Fashion and Retail Ltd,Delisted,F ,500000.00,INE647O14EQ2, ,Commercial Papers,-,-,-,-
724707,Reliance Jio Infocomm Limited,RJIL270423,Reliance Jio Infocomm Ltd,Delisted,F ,500000.00,INE110L14RV9, ,Commercial Papers,-,-,-,-
724708,Kotak Mahindra Prime Limited,KMPL270423,Kotak Mahindra Prime Ltd,Delisted,F ,500000.00,INE916D142E4, ,Commercial Papers,-,-,-,-
724709,Fedbank Financial Services Limited,FFSL27423,Fedbank Financial Services Ltd,Suspended,F ,500000.00,INE007N14DL4, ,Commercial Papers,-,-,-,-
724710,Fedbank Financial Services Limited,FFSL270423,Fedbank Financial Services Ltd,Delisted,F ,500000.00,INE007N14DN0, ,Commercial Papers,-,-,-,-
724711,Fedbank Financial Services Limited,FFL27423,Fedbank Financial Services Ltd,Suspended,F ,500000.00,INE007N14DM2, ,Commercial Papers,-,-,-,-
724712,Tata Power Co. Ltd,TPCL280423,Tata Power Co Ltd,Delisted,F ,500000.00,INE245A14IC5, ,Commercial Papers,-,-,-,-
724713,birla Group Holdings Private Limited,BGHPL28423,birla Group Holdings Pvt Ltd,Suspended,F ,500000.00,INE09OL14DB3, ,Commercial Papers,-,-,-,-
724714,Network 18 Media & Investments Limited,N18MIL28423,Network 18 Media & Investments Ltd,Delisted,F ,500000.00,INE870H14QB0, ,Commercial Papers,-,-,-,-
724715,HDFC Bank Ltd.,HDFCB28423,HDFC Bank Ltd ,Suspended,F ,500000.00,INE040A14300, ,Commercial Papers,-,-,-,-
724716,Century Textiles & Industries Ltd.,CTIL28423,Century Textiles & Industries Ltd,Delisted,F ,500000.00,INE055A14JP8, ,Commercial Papers,-,-,-,-
724717,ICICI Securities Limited,ISEC27423,ICICI Securities Ltd,Delisted,F ,500000.00,INE763G14PN6, ,Commercial Papers,-,-,-,-
724718,Julius Baer Capital (India) Private Limited,JBCPL28423,Julius Baer Capital (India) Pvt Ltd,Delisted,F ,500000.00,INE824H14LK9, ,Commercial Papers,-,-,-,-
724719,Axis Finance Limited,AFL280423,Axis Finance Ltd,Delisted,F ,500000.00,INE891K14MC7, ,Commercial Papers,-,-,-,-
724720,HDFC Securities Limited,HDFCS28423,HDFC Securities Ltd,Delisted,F ,500000.00,INE700G14EU7, ,Commercial Papers,-,-,-,-
724721,SEIL Energy India Limited,SEIL28423,SEIL Energy India Ltd,Delisted,F ,500000.00,INE460M14453, ,Commercial Papers,-,-,-,-
724722,SIKKA PORTS & TERMINALS LTD,SPTL28423,SIKKA PORTS & TERMINALS LTD,Delisted,F ,500000.00,INE941D14386, ,Commercial Papers,-,-,-,-
724723,Kotak Mahindra Investments Limited,KMIL27423,Kotak Mahindra Investments Ltd,Delisted,F ,500000.00,INE975F14YE9, ,Commercial Papers,-,-,-,-
724724,POONAWALLA FINCORP LIMITED,PFL2523,PFL-27-7-23-CP,Delisted,F ,500000.00,INE511C14UZ2, ,Commercial Papers,-,-,-,-
724725,Aditya Birla Finance Limited,ABFL2523,ABFL-28-7-23-CP,Delisted,F ,500000.00,INE860H140L5, ,Commercial Papers,-,-,-,-
724726,Hinduja Leyland Finance Limited,HLFL2523,HLFL-27-6-23-CP,Delisted,F ,500000.00,INE146O14BE7, ,Commercial Papers,-,-,-,-
724727,Hinduja Leyland Finance Limited,HLFL020524,HLFL-31-8-23-CP,Delisted,F ,500000.00,INE146O14BF4, ,Commercial Papers,-,-,-,-
724729,Navi Finserv Limited,NFL020523,Navi Finserv Ltd,Delisted,F ,500000.00,INE342T14599, ,Commercial Papers,-,-,-,-
724730,HDFC Securities Limited,HSL02523,HDFC Securities Ltd,Delisted,F ,500000.00,INE700G14EV5, ,Commercial Papers,-,-,-,-
724731,birla Group Holdings Private Limited,BGHPL2523,birla Group Holdings Pvt Ltd,Suspended,F ,500000.00,INE09OL14DC1, ,Commercial Papers,-,-,-,-
724732,Pilani Investment And Industries Corporation Limited,PIICL3523,Pilani Investment And Industries Corporation Ltd,Delisted,F ,500000.00,INE417C14538, ,Commercial Papers,-,-,-,-
724733,ECL Finance Limited,ECLF020523,ECL Finance Ltd,Delisted,F ,500000.00,INE804I14VX1, ,Commercial Papers,-,-,-,-
724734,Infina Finance Private Limited,IFPL3523,Infina Finance Pvt Ltd,Suspended,F ,500000.00,INE879F14HD0, ,Commercial Papers,-,-,-,-
724735,Motilal Oswal Finvest Limited,MOFL3523,Motilal Oswal Finvest Ltd,Delisted,F ,500000.00,INE01WN14868, ,Commercial Papers,-,-,-,-
724736,birla Group Holdings Private Limited,BGHL4523,birla Group Holdings Pvt Ltd,Suspended,F ,500000.00,INE09OL14DD9, ,Commercial Papers,-,-,-,-
724737,Century Textiles & Industries Ltd.,CTIL4523,Century Textiles & Industries Ltd,Delisted,F ,500000.00,INE055A14JQ6, ,Commercial Papers,-,-,-,-
724738,TATA STEEL LIMITED,TSL4523,TATA STEEL Ltd,Delisted,F ,500000.00,INE081A14DY9, ,Commercial Papers,-,-,-,-
724739,ICICI Securities Limited,ISL4523,ICICI Securities Ltd,Delisted,F ,500000.00,INE763G14PO4, ,Commercial Papers,-,-,-,-
724740,HDFC Securities Limited,HDFCS040523,HDFC Securities Ltd,Delisted,F ,500000.00,INE700G14EW3, ,Commercial Papers,-,-,-,-
724741,The Ramco Cements Limited,TRCL4523,The Ramco Cements Ltd,Delisted,F ,500000.00,INE331A14NG4, ,Commercial Papers,-,-,-,-
724742,HDFC Securities Limited,HSL8523,HDFC Securities Ltd,Delisted,F ,500000.00,INE700G14EX1, ,Commercial Papers,-,-,-,-
724743,ICICI Securities Limited,ISL8523,ICICI Securities Ltd,Delisted,F ,500000.00,INE763G14PP1, ,Commercial Papers,-,-,-,-
724744,TV18 Broadcast Ltd.,TV18BL8523,TV18 Broadcast Ltd,Delisted,F ,500000.00,INE886H14IK4, ,Commercial Papers,-,-,-,-
724745,SIKKA PORTS & TERMINALS LTD,SPTL8523,SIKKA PORTS & TERMINALS LTD,Delisted,F ,500000.00,INE941D14394, ,Commercial Papers,-,-,-,-
724746,Aditya Birla Fashion and Retail Limited,ABFRL080523,Aditya Birla Fashion and Retail Ltd,Delisted,F ,500000.00,INE647O14ER0, ,Commercial Papers,-,-,-,-
724747,birla Group Holdings Private Limited,BGHPL090523,birla Group Holdings Pvt Ltd,Suspended,F ,500000.00,INE09OL14DE7, ,Commercial Papers,-,-,-,-
724748,birla Group Holdings Private Limited,BGHP090523,birla Group Holdings Pvt Ltd,Delisted,F ,500000.00,INE09OL14DF4, ,Commercial Papers,-,-,-,-
724749,The Ramco Cements Limited,TRCL8523,The Ramco Cements Ltd,Delisted,F ,500000.00,INE331A14NH2, ,Commercial Papers,-,-,-,-
724750,HDFC Securities Limited,HDFCSL9523,HDFC Securities Ltd,Delisted,F ,500000.00,INE700G14EY9, ,Commercial Papers,-,-,-,-
724751,Sharekhan BNP Paribas Financial Services Limited,SBP9523,Sharekhan BNP Paribas Financial Services Ltd,Delisted,F ,500000.00,INE550X14AD5, ,Commercial Papers,-,-,-,-
724752,TV18 Broadcast Ltd.,TVB9523,TV18 Broadcast Ltd,Delisted,F ,500000.00,INE886H14IJ6, ,Commercial Papers,-,-,-,-
724753,Reliance Industries Ltd,RIL090523,Reliance Industries Ltd,Delisted,F ,500000.00,INE002A14JY2, ,Commercial Papers,-,-,-,-
724754,Network 18 Media & Investments Limited,NMI9523,Network 18 Media & Investments Ltd,Delisted,F ,500000.00,INE870H14QC8, ,Commercial Papers,-,-,-,-
724755,Nuvama Wealth and Investment Limited,NWIL090523,Nuvama Wealth and Investment Ltd,Suspended,F ,500000.00,INE523L14401, ,Commercial Papers,-,-,-,-
724756,Nuvama Wealth and Investment Limited,NWIL90523,Nuvama Wealth and Investment Ltd,Suspended,F ,500000.00,INE523L14419, ,Commercial Papers,-,-,-,-
724757,ICICI Securities Limited,ISL090523,ICICI Securities Ltd,Delisted,F ,500000.00,INE763G14PQ9, ,Commercial Papers,-,-,-,-
724758,Motilal Oswal Finvest Limited,MOL9523,Motilal Oswal Finvest Ltd,Delisted,F ,500000.00,INE01WN14876, ,Commercial Papers,-,-,-,-
724759,Nuvama Wealth and Investment Limited,NWIL10523,Nuvama Wealth and Investment Ltd,Delisted,F ,500000.00,INE523L14427, ,Commercial Papers,-,-,-,-
724760,Tata Power Co. Ltd,TPCL090523,Tata Power Co Ltd,Delisted,F ,500000.00,INE245A14ID3, ,Commercial Papers,-,-,-,-
724761,ONGC Petro additions Limited.,OPAL9523,ONGC Petro additions Ltd,Delisted,F ,500000.00,INE163N14311, ,Commercial Papers,-,-,-,-
724762,Julius Baer Capital (India) Private Limited,JBCPL90523,Julius Baer Capital (India) Pvt Ltd,Delisted,F ,500000.00,INE824H14LL7, ,Commercial Papers,-,-,-,-
724763,Reliance Retail Ventures Limited,RRVL10523,Reliance Retail Ventures Ltd,Delisted,F ,500000.00,INE929O14AG3, ,Commercial Papers,-,-,-,-
724764,A.K.Capital Services Ltd.,AKCSL090523,AKCapital Services Ltd,Delisted,F ,500000.00,INE701G14114, ,Commercial Papers,-,-,-,-
724765,ICICI Securities Limited,ISECL10523,ICICI Securities Ltd,Delisted,F ,500000.00,INE763G14PR7, ,Commercial Papers,-,-,-,-
724766,InCred Financial Services Limited,IFSL9523,InCred Financial Services Ltd,Delisted,F ,500000.00,INE321N14042, ,Commercial Papers,-,-,-,-
724767,Nuvama Wealth Finance Limited,NWFL10523,Nuvama Wealth Finance Ltd,Delisted,F ,500000.00,INE918K14AB5, ,Commercial Papers,-,-,-,-
724768,Nuvama Wealth Finance Limited,NWFL9523,Nuvama Wealth Finance Ltd,Delisted,F ,500000.00,INE918K14AD1, ,Commercial Papers,-,-,-,-
724769,Nuvama Wealth Finance Limited,NWFL09523,Nuvama Wealth Finance Ltd,Delisted,F ,500000.00,INE918K14AC3, ,Commercial Papers,-,-,-,-
724770,Sharekhan Limited,SL100523,Sharekhan Ltd,Delisted,F ,500000.00,INE211H14609, ,Commercial Papers,-,-,-,-
724771,Kotak Securities Limited,KSL9523,Kotak Securities Ltd,Delisted,F ,500000.00,INE028E14LO6, ,Commercial Papers,-,-,-,-
724772,Aditya Birla Finance Limited,ABFL10523,Aditya Birla Finance Ltd,Delisted,F ,500000.00,INE860H140M3, ,Commercial Papers,-,-,-,-
724773,TATA STEEL LIMITED,TSL10523,TATA STEEL Ltd,Delisted,F ,500000.00,INE081A14DZ6, ,Commercial Papers,-,-,-,-
724774,Reliance Industries Ltd,RIL11523,Reliance Industries Ltd,Delisted,F ,500000.00,INE002A14KB8, ,Commercial Papers,-,-,-,-
724775,L&T Metro Rail (Hyderabad) Limited,LTMRL11523,L&T Metro Rail (Hyderabad) Ltd,Delisted,F ,500000.00,INE128M14456, ,Commercial Papers,-,-,-,-
724776,HDFC Securities Limited,HSL11523,HDFC Securities Ltd,Delisted,F ,500000.00,INE700G14EZ6, ,Commercial Papers,-,-,-,-
724777,Reliance Industries Ltd,RIL110523,Reliance Industries Ltd,Delisted,F ,500000.00,INE002A14KA0, ,Commercial Papers,-,-,-,-
724778,L&T Metro Rail (Hyderabad) Limited,LTMRL110523,L&T Metro Rail (Hyderabad) Ltd,Delisted,F ,500000.00,INE128M14464, ,Commercial Papers,-,-,-,-
724779,Nuvama Wealth and Investment Limited,NWIL11523,Nuvama Wealth and Investment Ltd,Delisted,F ,500000.00,INE523L14468, ,Commercial Papers,-,-,-,-
724780,HDFC Securities Limited,HSL12523,HDFC Securities Ltd,Delisted,F ,500000.00,INE700G14FA6, ,Commercial Papers,-,-,-,-
724781,STANDARD CHARTERED CAPITAL LIMITED,SCCL110523,STANDARD CHARTERED CAPITAL Ltd,Delisted,F ,500000.00,INE403G14QV0, ,Commercial Papers,-,-,-,-
724782,STANDARD CHARTERED CAPITAL LIMITED,SCCL110523A,STANDARD CHARTERED CAPITAL Ltd,Delisted,F ,500000.00,INE403G14QW8, ,Commercial Papers,-,-,-,-
724783,Julius Baer Capital (India) Private Limited,JBC120523,Julius Baer Capital (India) Pvt Ltd,Delisted,F ,500000.00,INE824H14LM5, ,Commercial Papers,-,-,-,-
724784,Sharekhan Limited,SL12523,Sharekhan Ltd,Delisted,F ,500000.00,INE211H14617, ,Commercial Papers,-,-,-,-
724785,Navi Finserv Limited,NFL11523,Navi Finserv Ltd,Delisted,F ,500000.00,INE342T14607, ,Commercial Papers,-,-,-,-
724786,Nuvama Wealth and Investment Limited,NWIL12523,Nuvama Wealth and Investment Ltd,Delisted,F ,500000.00,INE523L14450, ,Commercial Papers,-,-,-,-
724787,Nuvama Wealth and Investment Limited,NWIL120523,Nuvama Wealth and Investment Ltd,Delisted,F ,500000.00,INE523L14443, ,Commercial Papers,-,-,-,-
724788,Reliance Industries Ltd,RIL120523,Reliance Industries Ltd,Delisted,F ,500000.00,INE002A14JZ9, ,Commercial Papers,-,-,-,-
724789,Reliance Industries Ltd,RIL120523A,Reliance Industries Ltd,Delisted,F ,500000.00,INE002A14KC6, ,Commercial Papers,-,-,-,-
724790,Tata Power Co. Ltd,TPCL12523,Tata Power Co Ltd,Delisted,F ,500000.00,INE245A14IE1, ,Commercial Papers,-,-,-,-
724791,Reliance Retail Ventures Limited,RRVL12523,Reliance Retail Ventures Ltd,Delisted,F ,500000.00,INE929O14AH1, ,Commercial Papers,-,-,-,-
724792,Network 18 Media & Investments Limited,NMIL150523,Network 18 Media & Investments Ltd,Delisted,F ,500000.00,INE870H14QD6, ,Commercial Papers,-,-,-,-
724793,Motilal Oswal Finvest Limited,MOFL12523,Motilal Oswal Finvest Ltd,Delisted,F ,500000.00,INE01WN14884, ,Commercial Papers,-,-,-,-
724794,Krazybee Services Private Limited,KSPL120523,Krazybee Services Pvt Ltd,Delisted,F ,500000.00,INE07HK14110, ,Commercial Papers,-,-,-,-
724795,NLC Tamilnadu Power Limited,NTPL12523,NLC Tamilnadu Power Ltd,Delisted,F ,500000.00,INE05C614345, ,Commercial Papers,-,-,-,-
724796,Bajaj Finance Limited,BFL12523,Bajaj Finance Ltd,Delisted,F ,500000.00,INE296A14UT7, ,Commercial Papers,-,-,-,-
724797,360 ONE Prime Limited,360OPL12523,360 ONE Prime Ltd,Delisted,F ,500000.00,INE248U14NK0, ,Commercial Papers,-,-,-,-
724798,Motilal Oswal Financial Services Limited,MOFSL15523,Motilal Oswal Financial Services Ltd,Delisted,F ,500000.00,INE338I14ES6, ,Commercial Papers,-,-,-,-
724799,Motilal Oswal Financial Services Limited,MOFSL150523,Motilal Oswal Financial Services Ltd,Delisted,F ,500000.00,INE338I14EV0, ,Commercial Papers,-,-,-,-
724800,ICICI Securities Limited,ISL160523,ICICI Securities Ltd,Delisted,F ,500000.00,INE763G14PS5, ,Commercial Papers,-,-,-,-
724801,Bajaj Finance Limited,BFL150523,Bajaj Finance Ltd,Delisted,F ,500000.00,INE296A14UU5, ,Commercial Papers,-,-,-,-
724802,L&T Metro Rail (Hyderabad) Limited,LTMRH150523,L&T Metro Rail (Hyderabad) Ltd,Delisted,F ,500000.00,INE128M14472, ,Commercial Papers,-,-,-,-
724803,Kotak Securities Limited,KSL160523,Kotak Securities Ltd,Delisted,F ,500000.00,INE028E14LP3, ,Commercial Papers,-,-,-,-
724804,Navi Finserv Limited,NFL15523,Navi Finserv Ltd,Delisted,F ,500000.00,INE342T14615, ,Commercial Papers,-,-,-,-
724805,SIKKA PORTS & TERMINALS LTD,SPTL150523,SIKKA PORTS & TERMINALS LTD,Delisted,F ,500000.00,INE941D14402, ,Commercial Papers,-,-,-,-
724806,Hinduja Leyland Finance Limited,HLFL150523,Hinduja Leyland Finance Ltd,Delisted,F ,500000.00,INE146O14BG2, ,Commercial Papers,-,-,-,-
724807,GIC Housing Finance Ltd.,GHFL16523,GIC Housing Finance Ltd,Delisted,F ,500000.00,INE289B14IL2, ,Commercial Papers,-,-,-,-
724808,Julius Baer Capital (India) Private Limited,JBCPL160523,Julius Baer Capital (India) Pvt Ltd,Delisted,F ,500000.00,INE824H14LN3, ,Commercial Papers,-,-,-,-
724809,MUTHOOT FINANCE LIMITED,MFL16523,MUTHOOT FINANCE Ltd,Suspended,F ,500000.00,INE414G14SV3, ,Commercial Papers,-,-,-,-
724810,MUTHOOT FINANCE LIMITED,MFL160523,MUTHOOT FINANCE Ltd,Suspended,F ,500000.00,INE414G14SW1, ,Commercial Papers,-,-,-,-
724811,Aditya Birla Housing Finance Limited,ABHFL16523,Aditya Birla Housing Finance Ltd,Delisted,F ,500000.00,INE831R14CS5, ,Commercial Papers,-,-,-,-
724812,Motilal Oswal Financial Services Limited,MOFSL16523,Motilal Oswal Financial Services Ltd,Delisted,F ,500000.00,INE338I14EU2, ,Commercial Papers,-,-,-,-
724813,Motilal Oswal Financial Services Limited,MOFS16523,Motilal Oswal Financial Services Ltd,Delisted,F ,500000.00,INE338I14ET4, ,Commercial Papers,-,-,-,-
724814,Reliance Retail Ventures Limited,RRVL17523,Reliance Retail Ventures Ltd,Delisted,F ,500000.00,INE929O14AI9, ,Commercial Papers,-,-,-,-
724815,Godrej Finance Limited,GFL170523,Godrej Finance Ltd,Delisted,F ,500000.00,INE02KN14069, ,Commercial Papers,-,-,-,-
724816,POONAWALLA FINCORP LIMITED,PFL17523,POONAWALLA FINCORP Ltd,Delisted,F ,500000.00,INE511C14VB1, ,Commercial Papers,-,-,-,-
724817,POONAWALLA FINCORP LIMITED,PFL17523A,POONAWALLA FINCORP Ltd,Delisted,F ,500000.00,INE511C14VA3, ,Commercial Papers,-,-,-,-
724818,birla Group Holdings Private Limited,BGHPL170523,birla Group Holdings Pvt Ltd,Delisted,F ,500000.00,INE09OL14DG2, ,Commercial Papers,-,-,-,-
724819,birla Group Holdings Private Limited,BGHPL180523,birla Group Holdings Pvt Ltd,Delisted,F ,500000.00,INE09OL14DH0, ,Commercial Papers,-,-,-,-
724820,Godrej Finance Limited,GFL180523,Godrej Finance Ltd,Delisted,F ,500000.00,INE02KN14077, ,Commercial Papers,-,-,-,-
724821,Shriram Housing Finance Limited,SHFL17523,Shriram Housing Finance Ltd,Delisted,F ,500000.00,INE432R14196, ,Commercial Papers,-,-,-,-
724822,Axis Securities Limited,ASL18523,Axis Securities Ltd,Delisted,F ,500000.00,INE110O14989, ,Commercial Papers,-,-,-,-
724823,STANDARD CHARTERED CAPITAL LIMITED,SCCL18523,STANDARD CHARTERED CAPITAL Ltd,Delisted,F ,500000.00,INE403G14QY4, ,Commercial Papers,-,-,-,-
724824,Aditya Birla Fashion and Retail Limited,ABFRL18523,Aditya Birla Fashion and Retail Ltd,Delisted,F ,500000.00,INE647O14ES8, ,Commercial Papers,-,-,-,-
724825,STANDARD CHARTERED CAPITAL LIMITED,SCCL180523,STANDARD CHARTERED CAPITAL Ltd,Delisted,F ,500000.00,INE403G14QX6, ,Commercial Papers,-,-,-,-
724826,Can Fin Homes Ltd.,CFHL180523,Can Fin Homes Ltd,Delisted,F ,500000.00,INE477A14CF0, ,Commercial Papers,-,-,-,-
724827,ICICI HOME FINANCE COMPANY LIMITED,IHFCL19523,ICICI HOME FINANCE COMPANY Ltd,Delisted,F ,500000.00,INE071G14ER9, ,Commercial Papers,-,-,-,-
724828,ICICI Securities Limited,ISL19523,ICICI Securities Ltd,Delisted,F ,500000.00,INE763G14PT3, ,Commercial Papers,-,-,-,-
724829,Axis Securities Limited,ASL19523,Axis Securities Ltd,Delisted,F ,500000.00,INE110O14997, ,Commercial Papers,-,-,-,-
724830,Julius Baer Capital (India) Private Limited,JBCPL19523,Julius Baer Capital (India) Pvt Ltd,Delisted,F ,500000.00,INE824H14LP8, ,Commercial Papers,-,-,-,-
724831,Julius Baer Capital (India) Private Limited,JBCPL18523,Julius Baer Capital (India) Pvt Ltd,Delisted,F ,500000.00,INE824H14LO1, ,Commercial Papers,-,-,-,-
724832,Kotak Mahindra Prime Limited,KMPL19523,Kotak Mahindra Prime Ltd,Delisted,F ,500000.00,INE916D142F1, ,Commercial Papers,-,-,-,-
724833,L&T Metro Rail (Hyderabad) Limited,LTML19523,L&T Metro Rail (Hyderabad) Ltd,Delisted,F ,500000.00,INE128M14480, ,Commercial Papers,-,-,-,-
724834,HDFC Securities Limited,HSL19523,HDFC Securities Ltd,Delisted,F ,500000.00,INE700G14FB4, ,Commercial Papers,-,-,-,-
724835,Network 18 Media & Investments Limited,NMIL190523,Network 18 Media & Investments Ltd,Delisted,F ,500000.00,INE870H14QE4, ,Commercial Papers,-,-,-,-
724836,Tata Power Co. Ltd,TPCL190523,Tata Power Co Ltd,Delisted,F ,500000.00,INE245A14IF8, ,Commercial Papers,-,-,-,-
724837,J.K. CEMENT LTD,JKCL190523,JK CEMENT LTD,Delisted,F ,500000.00,INE823G14884, ,Commercial Papers,-,-,-,-
724838,Sterlite Technologies Limited.,STL220523,Sterlite Technologies Ltd,Delisted,F ,500000.00,INE089C14CS2, ,Commercial Papers,-,-,-,-
724839,TATA STEEL LIMITED,TSL220523,TATA STEEL Ltd,Delisted,F ,500000.00,INE081A14EA7, ,Commercial Papers,-,-,-,-
724840,Aditya Birla Finance Limited,ABFL19523,Aditya Birla Finance Ltd,Delisted,F ,500000.00,INE860H140N1, ,Commercial Papers,-,-,-,-
724841,Mahindra Rural Housing Finance Limited,MRHFL22523,Mahindra Rural Housing Finance Ltd,Delisted,F ,500000.00,INE950O14BP8, ,Commercial Papers,-,-,-,-
724842,birla Group Holdings Private Limited,BGHPL22523,birla Group Holdings Pvt Ltd,Delisted,F ,500000.00,INE09OL14DI8, ,Commercial Papers,-,-,-,-
724843,Axis Securities Limited,ASL22523,Axis Securities Ltd,Delisted,F ,500000.00,INE110O14AA3, ,Commercial Papers,-,-,-,-
724844,Reliance Retail Ventures Limited,RRVL22523,Reliance Retail Ventures Ltd,Delisted,F ,500000.00,INE929O14AJ7, ,Commercial Papers,-,-,-,-
724845,HDFC Securities Limited,HSL220523,HDFC Securities Ltd,Delisted,F ,500000.00,INE700G14FC2, ,Commercial Papers,-,-,-,-
724846,L&T Metro Rail (Hyderabad) Limited,LTMRL22523,L&T Metro Rail (Hyderabad) Ltd,Delisted,F ,500000.00,INE128M14498, ,Commercial Papers,-,-,-,-
724847,Dalmia Cement (Bharat) Limited,DCBL19523,Dalmia Cement (Bharat) Ltd,Delisted,F ,500000.00,INE755K14ES7, ,Commercial Papers,-,-,-,-
724848,Kotak Securities Limited,KSL22523,Kotak Securities Ltd,Delisted,F ,500000.00,INE028E14LQ1, ,Commercial Papers,-,-,-,-
724849,Can Fin Homes Ltd.,CFHL22523,Can Fin Homes Ltd,Delisted,F ,500000.00,INE477A14CG8, ,Commercial Papers,-,-,-,-
724850,ICICI HOME FINANCE COMPANY LIMITED,IHFL23523,ICICI HOME FINANCE COMPANY Ltd,Delisted,F ,500000.00,INE071G14ES7, ,Commercial Papers,-,-,-,-
724851,Bajaj Finance Limited,BFL22523,Bajaj Finance Ltd,Delisted,F ,500000.00,INE296A14UV3, ,Commercial Papers,-,-,-,-
724852,HDFC Bank Ltd.,HDFCB23523,HDFC Bank Ltd ,Suspended,F ,500000.00,INE040A14318, ,Commercial Papers,-,-,-,-
724853,Jamnagar Utilities & Power Private Limited,JUPPL220523,Jamnagar Utilities & Power Pvt Ltd,Delisted,F ,500000.00,INE936D14287, ,Commercial Papers,-,-,-,-
724854,HDFC Securities Limited,HSL23523,HDFC Securities Ltd,Delisted,F ,500000.00,INE700G14FD0, ,Commercial Papers,-,-,-,-
724855,Dalmia Cement (Bharat) Limited,DCBL230523,Dalmia Cement (Bharat) Ltd,Delisted,F ,500000.00,INE755K14ET5, ,Commercial Papers,-,-,-,-
724856,Axis Finance Limited,AFL230523,Axis Finance Ltd,Delisted,F ,500000.00,INE891K14MD5, ,Commercial Papers,-,-,-,-
724857,Tata Power Co. Ltd,TPCL240523,Tata Power Co Ltd,Delisted,F ,500000.00,INE245A14IG6, ,Commercial Papers,-,-,-,-
724858,Bajaj Finance Limited,BFL230523,Bajaj Finance Ltd,Delisted,F ,500000.00,INE296A14UX9, ,Commercial Papers,-,-,-,-
724859,Axis Securities Limited,ASL24523,Axis Securities Ltd,Delisted,F ,500000.00,INE110O14AB1, ,Commercial Papers,-,-,-,-
724860,ONGC Petro additions Limited.,OPAL24523,ONGC Petro additions Ltd,Delisted,F ,500000.00,INE163N14329, ,Commercial Papers,-,-,-,-
724861,POONAWALLA FINCORP LIMITED,PFL23523,POONAWALLA FINCORP Ltd,Delisted,F ,500000.00,INE511C14VC9, ,Commercial Papers,-,-,-,-
724862,Northern Arc Capital Ltd.,NACL23523,Northern Arc Capital Ltd,Delisted,F ,500000.00,INE850M14B07, ,Commercial Papers,-,-,-,-
724863,Tata Housing Development Company Limited,THDL23523,Tata Housing Development Company Ltd,Delisted,F ,500000.00,INE582L14GT6, ,Commercial Papers,-,-,-,-
724864,Network 18 Media & Investments Limited,NMIL25523,Network 18 Media & Investments Ltd,Delisted,F ,500000.00,INE870H14QH7, ,Commercial Papers,-,-,-,-
724865,ICICI Securities Limited,ISL25523,ICICI Securities Ltd,Delisted,F ,500000.00,INE763G14PU1, ,Commercial Papers,-,-,-,-
724866,Bajaj Finance Limited,BFL24523,Bajaj Finance Ltd,Delisted,F ,500000.00,INE296A14UW1, ,Commercial Papers,-,-,-,-
724867,Tata Power Co. Ltd,TPCL26523,Tata Power Co Ltd,Delisted,F ,500000.00,INE245A14IH4, ,Commercial Papers,-,-,-,-
724868,Network 18 Media & Investments Limited,N18MIL26523,Network 18 Media & Investments Ltd,Delisted,F ,500000.00,INE870H14QF1, ,Commercial Papers,-,-,-,-
724869,Krazybee Services Private Limited,KSPL25523,Krazybee Services Pvt Ltd,Delisted,F ,500000.00,INE07HK14128, ,Commercial Papers,-,-,-,-
724870,Godrej Finance Limited,GFL26523,Godrej Finance Ltd,Delisted,F ,500000.00,INE02KN14085, ,Commercial Papers,-,-,-,-
724871,HDFC Bank Ltd.,HDFCB26523,HDFC Bank Ltd ,Suspended,F ,500000.00,INE040A14326, ,Commercial Papers,-,-,-,-
724872,Julius Baer Capital (India) Private Limited,JBCIPL26523,Julius Baer Capital (India) Pvt Ltd,Delisted,F ,500000.00,INE824H14LQ6, ,Commercial Papers,-,-,-,-
724873,Reliance Retail Ventures Limited,RRVL26523,Reliance Retail Ventures Ltd,Delisted,F ,500000.00,INE929O14AK5, ,Commercial Papers,-,-,-,-
724874,Reliance Industries Ltd,RIL260523,Reliance Industries Ltd,Delisted,F ,500000.00,INE002A14KD4, ,Commercial Papers,-,-,-,-
724875,POONAWALLA FINCORP LIMITED,PFL26523,POONAWALLA FINCORP Ltd,Delisted,F ,500000.00,INE511C14VD7, ,Commercial Papers,-,-,-,-
724876,Can Fin Homes Ltd.,CFHL26523,Can Fin Homes Ltd,Delisted,F ,500000.00,INE477A14CH6, ,Commercial Papers,-,-,-,-
724877,HT Media Ltd,HTML260523,HT Media Ltd,Delisted,F ,500000.00,INE501G14DB1, ,Commercial Papers,-,-,-,-
724878,Sterlite Technologies Limited.,STL290523,Sterlite Technologies Ltd,Delisted,F ,500000.00,INE089C14CT0, ,Commercial Papers,-,-,-,-
724879,BOBCARD LIMITED,BFSL29523,BOB Financial Solutions Ltd,Delisted,F ,500000.00,INE027214415, ,Commercial Papers,-,-,-,-
724880,Network 18 Media & Investments Limited,N18MIL29523,Network 18 Media & Investments Ltd,Delisted,F ,500000.00,INE870H14QG9, ,Commercial Papers,-,-,-,-
724881,birla Group Holdings Private Limited,BGHPL29523,birla Group Holdings Pvt Ltd,Delisted,F ,500000.00,INE09OL14DJ6, ,Commercial Papers,-,-,-,-
724882,ŠKODA AUTO Volkswagen India Private Limited,SAVIPL26523,ŠKODA AUTO Volkswagen India Pvt Ltd,Delisted,F ,500000.00,INE04TA14303, ,Commercial Papers,-,-,-,-
724883,STANDARD CHARTERED CAPITAL LIMITED,SCCL29523,STANDARD CHARTERED CAPITAL Ltd,Delisted,F ,500000.00,INE403G14QZ1, ,Commercial Papers,-,-,-,-
724884,L&T Metro Rail (Hyderabad) Limited,LTRHL29523,L&T Metro Rail (Hyderabad) Ltd,Delisted,F ,500000.00,INE128M14506, ,Commercial Papers,-,-,-,-
724885,Sterlite Technologies Limited.,STL30523,Sterlite Technologies Ltd,Delisted,F ,500000.00,INE089C14CU8, ,Commercial Papers,-,-,-,-
724886,HDFC Bank Ltd.,HDFCB30523,HDFC Bank Ltd ,Suspended,F ,500000.00,INE040A14334, ,Commercial Papers,-,-,-,-
724887,Time Technoplast Limited,TTL29523,Time Technoplast Ltd,Delisted,F ,500000.00,INE508G14EA6, ,Commercial Papers,-,-,-,-
724888,Bajaj Financial Securities Limited,BFSL30523,Bajaj Financial Securities Ltd,Delisted,F ,500000.00,INE01C314403, ,Commercial Papers,-,-,-,-
724889,TATA STEEL LIMITED,TSL29523,TATA STEEL Ltd,Delisted,F ,500000.00,INE081A14EB5, ,Commercial Papers,-,-,-,-
724890,birla Group Holdings Private Limited,BGHPL300523,birla Group Holdings Pvt Ltd,Delisted,F ,500000.00,INE09OL14DK4, ,Commercial Papers,-,-,-,-
724891,SIKKA PORTS & TERMINALS LTD,SPTL29523,SIKKA PORTS & TERMINALS LTD,Delisted,F ,500000.00,INE941D14410, ,Commercial Papers,-,-,-,-
724892,Network 18 Media & Investments Limited,NMIL30523,Network 18 Media & Investments Ltd,Delisted,F ,500000.00,INE870H14QI5, ,Commercial Papers,-,-,-,-
724893,Nuvama Wealth and Investment Limited,NWIL31523,Nuvama Wealth and Investment Ltd,Delisted,F ,500000.00,INE523L14476, ,Commercial Papers,-,-,-,-
724894,Kotak Mahindra Prime Limited,KMPL310523,Kotak Mahindra Prime Ltd,Delisted,F ,500000.00,INE916D142G9, ,Commercial Papers,-,-,-,-
724895,Ashv Finance Limited,AFL310523,Ashv Finance Ltd,Delisted,F ,500000.00,INE411R14018, ,Commercial Papers,-,-,-,-
724896,Nuvama Wealth Finance Limited,NWFL31523,Nuvama Wealth Finance Ltd,Delisted,F ,500000.00,INE918K14AE9, ,Commercial Papers,-,-,-,-
724897,Julius Baer Capital (India) Private Limited,JBCPL010623,Julius Baer Capital (India) Pvt Ltd,Delisted,F ,500000.00,INE824H14LR4, ,Commercial Papers,-,-,-,-
724898,SBICAP Securities Limited,SSL010623,SBICAP Securities Ltd,Delisted,F ,500000.00,INE212K14106, ,Commercial Papers,-,-,-,-
724899,Shriram Housing Finance Limited,SHFL31523,Shriram Housing Finance Ltd,Delisted,F ,500000.00,INE432R14204, ,Commercial Papers,-,-,-,-
724900,CaratLane Trading Private Limited,CTPL310523,CaratLane Trading Pvt Ltd,Delisted,F ,500000.00,INE015Y14468, ,Commercial Papers,-,-,-,-
724901,BOBCARD LIMITED,BFSL310523,BOB Financial Solutions Ltd,Delisted,F ,500000.00,INE027214423, ,Commercial Papers,-,-,-,-
724902,Muthoot Capital Services Ltd.,MCSL010623,Muthoot Capital Services Ltd,Delisted,F ,500000.00,INE296G14149, ,Commercial Papers,-,-,-,-
724903,Bajaj Financial Securities Limited,BFSL020623,Bajaj Financial Securities Ltd,Delisted,F ,500000.00,INE01C314411, ,Commercial Papers,-,-,-,-
724904,ICICI Securities Primary Dealership Limited,ISPDL02623,ICICI Securities Primary Dealership Ltd,Delisted,F ,500000.00,INE849D14HE6, ,Commercial Papers,-,-,-,-
724905,HDFC Securities Limited,HSL02623,HDFC Securities Ltd,Delisted,F ,500000.00,INE700G14FE8, ,Commercial Papers,-,-,-,-
724906,Kotak Securities Limited,KSL20623,Kotak Securities Ltd,Delisted,F ,500000.00,INE028E14LR9, ,Commercial Papers,-,-,-,-
724907,ŠKODA AUTO Volkswagen India Private Limited,SAVPL020623,ŠKODA AUTO Volkswagen India Pvt Ltd,Delisted,F ,500000.00,INE04TA14311, ,Commercial Papers,-,-,-,-
724908,POONAWALLA FINCORP LIMITED,PFL02623,POONAWALLA FINCORP Ltd,Delisted,F ,500000.00,INE511C14VE5, ,Commercial Papers,-,-,-,-
724909,Axis Securities Limited,ASL50623,Axis Securities Ltd,Delisted,F ,500000.00,INE110O14AC9, ,Commercial Papers,-,-,-,-
724910,Kotak Securities Limited,KSL50623,Kotak Securities Ltd,Delisted,F ,500000.00,INE028E14LS7, ,Commercial Papers,-,-,-,-
724911,Hinduja Leyland Finance Limited,HLFL020623,Hinduja Leyland Finance Ltd,Delisted,F ,500000.00,INE146O14BH0, ,Commercial Papers,-,-,-,-
724912,Time Technoplast Limited,TTL2623,Time Technoplast Ltd,Delisted,F ,500000.00,INE508G14DX0, ,Commercial Papers,-,-,-,-
724913,Bajaj Finance Limited,BFL020623,Bajaj Finance Ltd,Delisted,F ,500000.00,INE296A14UY7, ,Commercial Papers,-,-,-,-
724914,Reliance Retail Ventures Limited,RRVL2623,Reliance Retail Ventures Ltd,Delisted,F ,500000.00,INE929O14AL3, ,Commercial Papers,-,-,-,-
724915,Bajaj Finance Limited,BFL020623A,Bajaj Finance Ltd,Suspended,F ,500000.00,INE296A14UZ4, ,Commercial Papers,-,-,-,-
724916,MUTHOOT FINANCE LIMITED,MFL5623,MUTHOOT FINANCE Ltd,Suspended,F ,500000.00,INE414G14SY7, ,Commercial Papers,-,-,-,-
724917,Bajaj Financial Securities Limited,BFSL050623,Bajaj Financial Securities Ltd,Delisted,F ,500000.00,INE01C314429, ,Commercial Papers,-,-,-,-
724918,MUTHOOT FINANCE LIMITED,MFL05623,MUTHOOT FINANCE Ltd,Suspended,F ,500000.00,INE414G14SX9, ,Commercial Papers,-,-,-,-
724919,JSW Energy Limited,JEL020623,JSW Energy Ltd,Delisted,F ,500000.00,INE121E14292, ,Commercial Papers,-,-,-,-
724920,HDFC Securities Limited,HSL050623,HDFC Securities Ltd,Delisted,F ,500000.00,INE700G14FF5, ,Commercial Papers,-,-,-,-
724921,Reliance Retail Ventures Limited,RRVL5623,Reliance Retail Ventures Ltd,Delisted,F ,500000.00,INE929O14AM1, ,Commercial Papers,-,-,-,-
724922,Hinduja Leyland Finance Limited,HLFL50623,Hinduja Leyland Finance Ltd,Delisted,F ,500000.00,INE146O14BI8, ,Commercial Papers,-,-,-,-
724923,Sharekhan Limited,SL060623,Sharekhan Ltd,Delisted,F ,500000.00,INE211H14625, ,Commercial Papers,-,-,-,-
724924,TV18 Broadcast Ltd.,TVBL060623,TV18 Broadcast Ltd,Delisted,F ,500000.00,INE886H14IM0, ,Commercial Papers,-,-,-,-
724925,Network 18 Media & Investments Limited,N18ML5623,Network 18 Media & Investments Ltd,Delisted,F ,500000.00,INE870H14QJ3, ,Commercial Papers,-,-,-,-
724926,TV18 Broadcast Ltd.,T18BL5623,TV18 Broadcast Ltd,Delisted,F ,500000.00,INE886H14IL2, ,Commercial Papers,-,-,-,-
724927,ICICI Securities Limited,ISL050623,ICICI Securities Ltd,Delisted,F ,500000.00,INE763G14PW7, ,Commercial Papers,-,-,-,-
724928,ICICI Securities Limited,ISL05623,ICICI Securities Ltd,Suspended,F ,500000.00,INE763G14PV9, ,Commercial Papers,-,-,-,-
724929,Julius Baer Capital (India) Private Limited,JBC5623,Julius Baer Capital (India) Pvt Ltd,Delisted,F ,500000.00,INE824H14LS2, ,Commercial Papers,-,-,-,-
724930,HDFC Securities Limited,HSL60623,HDFC Securities Ltd,Delisted,F ,500000.00,INE700G14FG3, ,Commercial Papers,-,-,-,-
724931,Larsen & Toubro Limited,LT5623,Larsen & Toubro Ltd,Delisted,F ,500000.00,INE018A14JQ4, ,Commercial Papers,-,-,-,-
724932,TATA STEEL LIMITED,TSL050623,TATA STEEL Ltd,Delisted,F ,500000.00,INE081A14EC3, ,Commercial Papers,-,-,-,-
724933,Network 18 Media & Investments Limited,NMIL060623,Network 18 Media & Investments Ltd,Delisted,F ,500000.00,INE870H14QM7, ,Commercial Papers,-,-,-,-
724934,Bajaj Finance Limited,BFL050623,Bajaj Finance Ltd,Delisted,F ,500000.00,INE296A14VD9, ,Commercial Papers,-,-,-,-
724935,Motilal Oswal Financial Services Limited,MOFSL050623,Motilal Oswal Financial Services Ltd,Delisted,F ,500000.00,INE338I14EX6, ,Commercial Papers,-,-,-,-
724936,Sharekhan Limited,SL50623,Sharekhan Ltd,Delisted,F ,500000.00,INE211H14633, ,Commercial Papers,-,-,-,-
724937,Motilal Oswal Financial Services Limited,MOFS050623,MOFSL-4-12-23-CP,Delisted,F ,500000.00,INE338I14EY4, ,Commercial Papers,-,-,-,-
724938,Sharekhan Limited,SL05623,SL-04-06-2024-CP,Delisted,F ,500000.00,INE211H14641, ,Commercial Papers,-,-,-,-
724939,Sharekhan Limited,SL6623,SL-05-06-2024-CP,Delisted,F ,500000.00,INE211H14658, ,Commercial Papers,-,-,-,-
724940,Axis Finance Limited,AFL050623,AFL-4-9-23-CP,Delisted,F ,500000.00,INE891K14ME3, ,Commercial Papers,-,-,-,-
724941,Sharekhan BNP Paribas Financial Services Limited,SBPFS050623,SBPFSL-4-9-23-CP,Delisted,F ,500000.00,INE550X14AE3, ,Commercial Papers,-,-,-,-
724942,ICICI HOME FINANCE COMPANY LIMITED,IHFCL7623,ICICI HOME FINANCE COMPANY Ltd,Delisted,F ,500000.00,INE071G14ET5, ,Commercial Papers,-,-,-,-
724943,STANDARD CHARTERED CAPITAL LIMITED,SCCL7623,STANDARD CHARTERED CAPITAL Ltd,Delisted,F ,500000.00,INE403G14RB0, ,Commercial Papers,-,-,-,-
724944,Motilal Oswal Financial Services Limited,MOFL6623,Motilal Oswal Financial Services Ltd,Delisted,F ,500000.00,INE338I14EW8, ,Commercial Papers,-,-,-,-
724945,Network 18 Media & Investments Limited,NMIL070623,Network 18 Media & Investments Ltd,Delisted,F ,500000.00,INE870H14QK1, ,Commercial Papers,-,-,-,-
724946,Adani Enterprises Ltd.,AEL6623,Adani Enterprises Ltd,Delisted,F ,500000.00,INE423A14SZ8, ,Commercial Papers,-,-,-,-
724947,SEIL Energy India Limited,SEIL7623,SEIL Energy India Ltd,Delisted,F ,500000.00,INE460M14461, ,Commercial Papers,-,-,-,-
724948,Reliance Retail Ventures Limited,RRVL7623,Reliance Retail Ventures Ltd,Delisted,F ,500000.00,INE929O14AN9, ,Commercial Papers,-,-,-,-
724949,National Bank for Agriculture and Rural Development,NAB6623,National Bank for Agriculture and Rural Development,Delisted,F ,500000.00,INE261F14KA1, ,Commercial Papers,-,-,-,-
724950,National Bank for Agriculture and Rural Development,NBARD7623,National Bank for Agriculture and Rural Development,Delisted,F ,500000.00,INE261F14JZ0, ,Commercial Papers,-,-,-,-
724951,Bajaj Financial Securities Limited,BFSL070623,Bajaj Financial Securities Ltd,Delisted,F ,500000.00,INE01C314437, ,Commercial Papers,-,-,-,-
724952,Motilal Oswal Finvest Limited,MOFL070623,Motilal Oswal Finvest Ltd,Suspended,F ,500000.00,INE01WN14892, ,Commercial Papers,-,-,-,-
724953,Bajaj Financial Securities Limited,BFSL80623,Bajaj Financial Securities Ltd,Delisted,F ,500000.00,INE01C314445, ,Commercial Papers,-,-,-,-
724954,CaratLane Trading Private Limited,CTPL80623,CaratLane Trading Pvt Ltd,Delisted,F ,500000.00,INE015Y14476, ,Commercial Papers,-,-,-,-
724955,Kotak Mahindra Prime Limited,KMPL080623,Kotak Mahindra Prime Ltd,Delisted,F ,500000.00,INE916D142H7, ,Commercial Papers,-,-,-,-
724956,Kotak Mahindra Prime Limited,KMPL080623A,Kotak Mahindra Prime Ltd,Delisted,F ,500000.00,INE916D142I5, ,Commercial Papers,-,-,-,-
724957,STANDARD CHARTERED CAPITAL LIMITED,SCCL080623,STANDARD CHARTERED CAPITAL Ltd,Delisted,F ,500000.00,INE403G14RA2, ,Commercial Papers,-,-,-,-
724958,Bajaj Finance Limited,BFL070623,Bajaj Finance Ltd,Delisted,F ,500000.00,INE296A14VA5, ,Commercial Papers,-,-,-,-
724959,Axis Finance Limited,AFL8623,Axis Finance Ltd,Delisted,F ,500000.00,INE891K14MF0, ,Commercial Papers,-,-,-,-
724960,Motilal Oswal Finvest Limited,MOFL80623,Motilal Oswal Finvest Ltd,Delisted,F ,500000.00,INE01WN14918, ,Commercial Papers,-,-,-,-
724961,Network 18 Media & Investments Limited,NMIL90623,Network 18 Media & Investments Ltd,Delisted,F ,500000.00,INE870H14QL9, ,Commercial Papers,-,-,-,-
724962,TV18 Broadcast Ltd.,TVBL90623,TV18 Broadcast Ltd,Delisted,F ,500000.00,INE886H14IP3, ,Commercial Papers,-,-,-,-
724963,L&T Metro Rail (Hyderabad) Limited,LTMRL9623,L&T Metro Rail (Hyderabad) Ltd,Delisted,F ,500000.00,INE128M14522, ,Commercial Papers,-,-,-,-
724964,CNH Industrial Capital (India) Private Limited,CICPL31523,CNH Industrial Capital (India) Pvt Ltd,Delisted,F ,500000.00,INE0P4D14010, ,Commercial Papers,-,-,-,-
724965,Redington Limited,RL8623,Redington Ltd,Delisted,F ,500000.00,INE891D14XD7, ,Commercial Papers,-,-,-,-
724966,HDFC Securities Limited,HSL090623,HDFC Securities Ltd,Delisted,F ,500000.00,INE700G14FH1, ,Commercial Papers,-,-,-,-
724967,Aditya Birla Fashion and Retail Limited,ABFRL080623,Aditya Birla Fashion and Retail Ltd,Delisted,F ,500000.00,INE647O14ET6, ,Commercial Papers,-,-,-,-
724968,360 ONE Prime Limited,360OPL9623,360 ONE Prime Ltd,Delisted,F ,500000.00,INE248U14NL8, ,Commercial Papers,-,-,-,-
724969,Tata Power Co. Ltd,TPCL09623,Tata Power Co Ltd,Delisted,F ,500000.00,INE245A14II2, ,Commercial Papers,-,-,-,-
724970,Bajaj Finance Limited,BFL8623,Bajaj Finance Ltd,Delisted,F ,500000.00,INE296A14VB3, ,Commercial Papers,-,-,-,-
724971,Motilal Oswal Finvest Limited,MOFL08623,Motilal Oswal Finvest Ltd,Delisted,F ,500000.00,INE01WN14934, ,Commercial Papers,-,-,-,-
724972,Kotak Mahindra Investments Limited,KMIL080623,Kotak Mahindra Investments Ltd,Delisted,F ,500000.00,INE975F14YF6, ,Commercial Papers,-,-,-,-
724973,Bajaj Finance Limited,BFL8623A,Bajaj Finance Ltd,Suspended,F ,500000.00,INE296A14VC1, ,Commercial Papers,-,-,-,-
724974,ICICI Securities Limited,ISL090623,ICICI Securities Ltd,Delisted,F ,500000.00,INE763G14PY3, ,Commercial Papers,-,-,-,-
724975,ICICI Securities Limited,ISL090623A,ICICI Securities Ltd,Suspended,F ,500000.00,INE763G14PZ0, ,Commercial Papers,-,-,-,-
724976,Northern Arc Capital Ltd.,NACL90623,Northern Arc Capital Ltd,Delisted,F ,500000.00,INE850M14BP4, ,Commercial Papers,-,-,-,-
724977,ICICI Securities Limited,ISL12623,ICICI Securities Ltd,Delisted,F ,500000.00,INE763G14PX5, ,Commercial Papers,-,-,-,-
724978,TV18 Broadcast Ltd.,TV18BL12623,TV18 Broadcast Ltd,Delisted,F ,500000.00,INE886H14IN8, ,Commercial Papers,-,-,-,-
724979,Julius Baer Capital (India) Private Limited,JBCPL12623,Julius Baer Capital (India) Pvt Ltd,Delisted,F ,500000.00,INE824H14LT0, ,Commercial Papers,-,-,-,-
724980,Motilal Oswal Finvest Limited,MOFL09623,Motilal Oswal Finvest Ltd,Suspended,F ,500000.00,INE01WN14900, ,Commercial Papers,-,-,-,-
724981,Motilal Oswal Finvest Limited,MOFL090623,Motilal Oswal Finvest Ltd,Delisted,F ,500000.00,INE01WN14926, ,Commercial Papers,-,-,-,-
724982,HDFC Securities Limited,HSL120623,HDFC Securities Ltd,Delisted,F ,500000.00,INE700G14FI9, ,Commercial Papers,-,-,-,-
724983,The Ramco Cements Limited,TRCL9623,The Ramco Cements Ltd,Delisted,F ,500000.00,INE331A14NI0, ,Commercial Papers,-,-,-,-
724984,Network 18 Media & Investments Limited,N18M12623,Network 18 Media & Investments Ltd,Delisted,F ,500000.00,INE870H14QO3, ,Commercial Papers,-,-,-,-
724985,Network 18 Media & Investments Limited,N18M120623,Network 18 Media & Investments Ltd,Delisted,F ,500000.00,INE870H14QN5, ,Commercial Papers,-,-,-,-
724986,Reliance Retail Ventures Limited,RRVL12623,Reliance Retail Ventures Ltd,Delisted,F ,500000.00,INE929O14AO7, ,Commercial Papers,-,-,-,-
724987,Kotak Mahindra Investments Limited,KMIL12623,Kotak Mahindra Investments Ltd,Delisted,F ,500000.00,INE975F14YG4, ,Commercial Papers,-,-,-,-
724988,Axis Finance Limited,AFL12623,Axis Finance Ltd,Delisted,F ,500000.00,INE891K14MG8, ,Commercial Papers,-,-,-,-
724989,SIKKA PORTS & TERMINALS LTD,SPTL9623,SIKKA PORTS & TERMINALS LTD,Delisted,F ,500000.00,INE941D14428, ,Commercial Papers,-,-,-,-
724990,IndInfravit Trust,IT12623,IndInfravit Trust,Delisted,F ,500000.00,INE790Z14018, ,Commercial Papers,-,-,-,-
724991,L&T Metro Rail (Hyderabad) Limited,LTMRL12623,L&T Metro Rail (Hyderabad) Ltd,Delisted,F ,500000.00,INE128M14514, ,Commercial Papers,-,-,-,-
724992,Aditya Birla Housing Finance Limited,ABHFL12623,Aditya Birla Housing Finance Ltd,Delisted,F ,500000.00,INE831R14CT3, ,Commercial Papers,-,-,-,-
724993,Network 18 Media & Investments Limited,N18MIL13623,Network 18 Media & Investments Ltd,Delisted,F ,500000.00,INE870H14QP0, ,Commercial Papers,-,-,-,-
724994,Bajaj Finance Limited,BFL120623,Bajaj Finance Ltd,Suspended,F ,500000.00,INE296A14VE7, ,Commercial Papers,-,-,-,-
724995,Nuvama Wealth and Investment Limited,NWIL12623,Nuvama Wealth and Investment Ltd,Delisted,F ,500000.00,INE523L14484, ,Commercial Papers,-,-,-,-
724996,Tata Power Co. Ltd,TPCL130623,Tata Power Co Ltd,Delisted,F ,500000.00,INE245A14IJ0, ,Commercial Papers,-,-,-,-
724997,Julius Baer Capital (India) Private Limited,JBCIPL13623,Julius Baer Capital (India) Pvt Ltd,Delisted,F ,500000.00,INE824H14LU8, ,Commercial Papers,-,-,-,-
724998,Nuvama Wealth Management Limited,NWML13623,Nuvama Wealth Management Ltd,Delisted,F ,500000.00,INE531F14DH7, ,Commercial Papers,-,-,-,-
724999,The Ramco Cements Limited,TRCL120623,The Ramco Cements Ltd,Delisted,F ,500000.00,INE331A14NJ8, ,Commercial Papers,-,-,-,-
725000,Larsen & Toubro Limited,LT13623,Larsen & Toubro Ltd,Delisted,F ,500000.00,INE018A14JR2, ,Commercial Papers,-,-,-,-
725001,Infina Finance Private Limited,IFPL130623,Infina Finance Pvt Ltd,Delisted,F ,500000.00,INE879F14HE8, ,Commercial Papers,-,-,-,-
725002,Shree Cements Ltd.,SCL130623,Shree Cements Ltd,Delisted,F ,500000.00,INE070A14745, ,Commercial Papers,-,-,-,-
725003,Shree Cements Ltd.,SCL13623,Shree Cements Ltd,Delisted,F ,500000.00,INE070A14737, ,Commercial Papers,-,-,-,-
725004,Kotak Mahindra Prime Limited,KMPL14623,Kotak Mahindra Prime Ltd,Suspended,F ,500000.00,INE916D142J3, ,Commercial Papers,-,-,-,-
725005,CaratLane Trading Private Limited,CTPL14623,CaratLane Trading Pvt Ltd,Delisted,F ,500000.00,INE015Y14484, ,Commercial Papers,-,-,-,-
725006,birla Group Holdings Private Limited,BGHPL14623,birla Group Holdings Pvt Ltd,Delisted,F ,500000.00,INE09OL14DL2, ,Commercial Papers,-,-,-,-
725007,STANDARD CHARTERED CAPITAL LIMITED,SCCL140623,STANDARD CHARTERED CAPITAL Ltd,Delisted,F ,500000.00,INE403G14RC8, ,Commercial Papers,-,-,-,-
725008,TV18 Broadcast Ltd.,TV18BL13623,TV18 Broadcast Ltd,Delisted,F ,500000.00,INE886H14IO6, ,Commercial Papers,-,-,-,-
725009,Julius Baer Capital (India) Private Limited,JBCPL14623,Julius Baer Capital (India) Pvt Ltd,Delisted,F ,500000.00,INE824H14LV6, ,Commercial Papers,-,-,-,-
725010,Axis Securities Limited,ASL14623,Axis Securities Ltd,Delisted,F ,500000.00,INE110O14AD7, ,Commercial Papers,-,-,-,-
725011,HDFC Securities Limited,HSL14623,HDFC Securities Ltd,Delisted,F ,500000.00,INE700G14FJ7, ,Commercial Papers,-,-,-,-
725012,Motilal Oswal Finvest Limited,MOFL140623,Motilal Oswal Finvest Ltd,Suspended,F ,500000.00,INE01WN14942, ,Commercial Papers,-,-,-,-
725013,GIC Housing Finance Ltd.,GICHFL15623,GIC Housing Finance Ltd,Delisted,F ,500000.00,INE289B14IM0, ,Commercial Papers,-,-,-,-
725014,Kotak Securities Limited,KSL15623,Kotak Securities Ltd,Delisted,F ,500000.00,INE028E14LT5, ,Commercial Papers,-,-,-,-
725015,Julius Baer Capital (India) Private Limited,JBCIPL15623,Julius Baer Capital (India) Pvt Ltd,Delisted,F ,500000.00,INE824H14LW4, ,Commercial Papers,-,-,-,-
725016,Tata Power Co. Ltd,TPCL15623,Tata Power Co Ltd,Delisted,F ,500000.00,INE245A14IK8, ,Commercial Papers,-,-,-,-
725017,ICICI Securities Limited,ISL150623,ICICI Securities Ltd,Suspended,F ,500000.00,INE763G14QA1, ,Commercial Papers,-,-,-,-
725018,TRUST INVESTMENT ADVISORS PRIVATE LIMITED,TIAPL15623,TRUST INVESTMENT ADVISORS Pvt Ltd,Delisted,F ,500000.00,INE723X14ER0, ,Commercial Papers,-,-,-,-
725019,STANDARD CHARTERED CAPITAL LIMITED,SCCL15623,STANDARD CHARTERED CAPITAL Ltd,Delisted,F ,500000.00,INE403G14RE4, ,Commercial Papers,-,-,-,-
725020,Axis Finance Limited,AFL15623,Axis Finance Ltd,Delisted,F ,500000.00,INE891K14MI4, ,Commercial Papers,-,-,-,-
725021,STANDARD CHARTERED CAPITAL LIMITED,SCCL150623,STANDARD CHARTERED CAPITAL Ltd,Delisted,F ,500000.00,INE403G14RD6, ,Commercial Papers,-,-,-,-
725022,Axis Finance Limited,AFL150623,Axis Finance Ltd,Delisted,F ,500000.00,INE891K14MH6, ,Commercial Papers,-,-,-,-
725023,Redington Limited,RL15623,Redington Ltd,Delisted,F ,500000.00,INE891D14XG0, ,Commercial Papers,-,-,-,-
725024,Redington Limited,RL1562023,Redington Ltd,Delisted,F ,500000.00,INE891D14XE5, ,Commercial Papers,-,-,-,-
725025,Redington Limited,RL15062023,Redington Ltd,Delisted,F ,500000.00,INE891D14XF2, ,Commercial Papers,-,-,-,-
725026,Shriram Housing Finance Limited,SHFL150623,Shriram Housing Finance Ltd,Delisted,F ,500000.00,INE432R14212, ,Commercial Papers,-,-,-,-
725027,National Bank for Agriculture and Rural Development,NBRD160623,National Bank for Agriculture and Rural Development,Delisted,F ,500000.00,INE261F14KB9, ,Commercial Papers,-,-,-,-
725028,Grasim Industries Ltd,GIL160623,Grasim Industries Ltd,Delisted,F ,500000.00,INE047A14818, ,Commercial Papers,-,-,-,-
725029,HT Media Ltd,HML15623,HT Media Ltd,Delisted,F ,500000.00,INE501G14DC9, ,Commercial Papers,-,-,-,-
725030,SBICAP Securities Limited,SSL16623,SBICAP Securities Ltd,Delisted,F ,500000.00,INE212K14114, ,Commercial Papers,-,-,-,-
725031,Julius Baer Capital (India) Private Limited,JBCPL16623,Julius Baer Capital (India) Pvt Ltd,Delisted,F ,500000.00,INE824H14LX2, ,Commercial Papers,-,-,-,-
725032,STERLING AND WILSON RENEWABLE ENERGY LIMITED,SWRL15623,STERLING AND WILSON RENEWABLE ENERGY Ltd,Delisted,F ,500000.00,INE00M214214, ,Commercial Papers,-,-,-,-
725033,360 ONE Prime Limited,360OPL15623,360 ONE Prime Ltd,Delisted,F ,500000.00,INE248U14NM6, ,Commercial Papers,-,-,-,-
725034,ICICI Securities Limited,ISL160623,ICICI Securities Ltd,Delisted,F ,500000.00,INE763G14QC7, ,Commercial Papers,-,-,-,-
725035,ICICI Securities Limited,ISL16623,ICICI Securities Ltd,Suspended,F ,500000.00,INE763G14QB9, ,Commercial Papers,-,-,-,-
725036,STANDARD CHARTERED CAPITAL LIMITED,SCCL190623,STANDARD CHARTERED CAPITAL Ltd,Delisted,F ,500000.00,INE403G14RF1, ,Commercial Papers,-,-,-,-
725037,Pilani Investment And Industries Corporation Limited,PIICL16623,Pilani Investment And Industries Corporation Ltd,Delisted,F ,500000.00,INE417C14546, ,Commercial Papers,-,-,-,-
725038,Time Technoplast Limited,TTL19623,Time Technoplast Ltd,Suspended,F ,500000.00,INE508G14EE8, ,Commercial Papers,-,-,-,-
725039,birla Group Holdings Private Limited,BGHL19623,birla Group Holdings Pvt Ltd,Delisted,F ,500000.00,INE09OL14DM0, ,Commercial Papers,-,-,-,-
725040,Adani Enterprises Ltd.,AEL16623,Adani Enterprises Ltd,Delisted,F ,500000.00,INE423A14TC5, ,Commercial Papers,-,-,-,-
725041,Kotak Mahindra Investments Limited,KMIL19623,Kotak Mahindra Investments Ltd,Delisted,F ,500000.00,INE975F14YH2, ,Commercial Papers,-,-,-,-
725042,ICICI Securities Limited,ISEC19626,ICICI Securities Ltd,Delisted,F ,500000.00,INE763G14QD5, ,Commercial Papers,-,-,-,-
725043,HDFC Securities Limited,HSL19623,HDFC Securities Ltd,Delisted,F ,500000.00,INE700G14FK5, ,Commercial Papers,-,-,-,-
725044,Axis Securities Limited,ASL19623,Axis Securities Ltd,Delisted,F ,500000.00,INE110O14AE5, ,Commercial Papers,-,-,-,-
725045,IndoStar Capital Finance Limited,ICFL15623,ICFL-23-2-24-CP,Delisted,F ,500000.00,INE896L14DD1, ,Commercial Papers,-,-,-,-
725046,Larsen & Toubro Limited,L&T20623,Larsen & Toubro Ltd,Delisted,F ,500000.00,INE018A14JS0, ,Commercial Papers,-,-,-,-
725047,Steel Authority of India Ltd.,SAOIL20623,Steel Authority of India Ltd,Delisted,F ,500000.00,INE114A14KO4, ,Commercial Papers,-,-,-,-
725048,Kotak Securities Limited,KSL200623,Kotak Securities Ltd,Delisted,F ,500000.00,INE028E14LU3, ,Commercial Papers,-,-,-,-
725049,ŠKODA AUTO Volkswagen India Private Limited,SAV20623,ŠKODA AUTO Volkswagen India Pvt Ltd,Delisted,F ,500000.00,INE04TA14329, ,Commercial Papers,-,-,-,-
725050,Shriram Housing Finance Limited,SHFL20623,Shriram Housing Finance Ltd,Delisted,F ,500000.00,INE432R14220, ,Commercial Papers,-,-,-,-
725051,Nuvama Wealth and Investment Limited,NWIL210623,Nuvama Wealth and Investment Ltd,Delisted,F ,500000.00,INE523L14492, ,Commercial Papers,-,-,-,-
725052,Adani Enterprises Ltd.,AEL20623,Adani Enterprises Ltd,Suspended,F ,500000.00,INE423A14TD3, ,Commercial Papers,-,-,-,-
725053,birla Group Holdings Private Limited,BGHPL21623,birla Group Holdings Pvt Ltd,Delisted,F ,500000.00,INE09OL14DN8, ,Commercial Papers,-,-,-,-
725054,Bajaj Finance Limited,BFL20623,Bajaj Finance Ltd,Suspended,F ,500000.00,INE296A14VF4, ,Commercial Papers,-,-,-,-
725055,UGRO CAPITAL LIMITED,UCL200623,UGRO CAPITAL Ltd,Delisted,F ,500000.00,INE583D14238, ,Commercial Papers,-,-,-,-
725056,Shree Cements Ltd.,SCL200623,Shree Cements Ltd,Delisted,F ,500000.00,INE070A14752, ,Commercial Papers,-,-,-,-
725057,JM Financial Properties and Holdings Limited,JMPHL20623,JM Financial Properties and Holdings Ltd,Delisted,F ,500000.00,INE525R14890, ,Commercial Papers,-,-,-,-
725058,Redington Limited,RL21623,Redington Ltd,Delisted,F ,500000.00,INE891D14XI6, ,Commercial Papers,-,-,-,-
725059,ICICI HOME FINANCE COMPANY LIMITED,IHFCL210623,ICICI HOME FINANCE COMPANY Ltd,Delisted,F ,500000.00,INE071G14EU3, ,Commercial Papers,-,-,-,-
725060,Infina Finance Private Limited,IFPL210623,Infina Finance Pvt Ltd,Delisted,F ,500000.00,INE879F14HF5, ,Commercial Papers,-,-,-,-
725061,Redington Limited,RL210623,Redington Ltd,Delisted,F ,500000.00,INE891D14XH8, ,Commercial Papers,-,-,-,-
725062,Tata Power Co. Ltd,TPCL210623,Tata Power Co Ltd,Delisted,F ,500000.00,INE245A14IL6, ,Commercial Papers,-,-,-,-
725063,Axis Securities Limited,ASL220623,Axis Securities Ltd,Delisted,F ,500000.00,INE110O14AF2, ,Commercial Papers,-,-,-,-
725064,Julius Baer Capital (India) Private Limited,JBCPL22623,Julius Baer Capital (India) Pvt Ltd,Delisted,F ,500000.00,INE824H14LY0, ,Commercial Papers,-,-,-,-
725065,Tata Power Co. Ltd,TPCL22623,Tata Power Co Ltd,Delisted,F ,500000.00,INE245A14IM4, ,Commercial Papers,-,-,-,-
725066,Motilal Oswal Finvest Limited,MOFL21623,Motilal Oswal Finvest Ltd,Suspended,F ,500000.00,INE01WN14959, ,Commercial Papers,-,-,-,-
725067,SEIL Energy India Limited,SEIL22623,SEIL Energy India Ltd,Delisted,F ,500000.00,INE460M14479, ,Commercial Papers,-,-,-,-
725068,HDFC Securities Limited,HSL22623,HDFC Securities Ltd,Delisted,F ,500000.00,INE700G14FL3, ,Commercial Papers,-,-,-,-
725069,birla Group Holdings Private Limited,BGHL22623,birla Group Holdings Pvt Ltd,Delisted,F ,500000.00,INE09OL14DP3, ,Commercial Papers,-,-,-,-
725070,L&T Metro Rail (Hyderabad) Limited,LTMR22623,L&T Metro Rail (Hyderabad) Ltd,Delisted,F ,500000.00,INE128M14530, ,Commercial Papers,-,-,-,-
725071,birla Group Holdings Private Limited,BGHPL23623,birla Group Holdings Pvt Ltd,Delisted,F ,500000.00,INE09OL14DO6, ,Commercial Papers,-,-,-,-
725072,ICICI Securities Limited,ISL230623,ICICI Securities Ltd,Delisted,F ,500000.00,INE763G14QE3, ,Commercial Papers,-,-,-,-
725073,Motilal Oswal Home Finance Limited,MOHFL22623,Motilal Oswal Home Finance Ltd,Delisted,F ,500000.00,INE658R14451, ,Commercial Papers,-,-,-,-
725074,SBICAP Securities Limited,SSL230623,SBICAP Securities Ltd,Delisted,F ,500000.00,INE212K14122, ,Commercial Papers,-,-,-,-
725075,Nuvama Wealth Management Limited,NWML23623,Nuvama Wealth Management Ltd,Delisted,F ,500000.00,INE531F14DI5, ,Commercial Papers,-,-,-,-
725076,Reliance Retail Ventures Limited,RRVL230623,Reliance Retail Ventures Ltd,Delisted,F ,500000.00,INE929O14AP4, ,Commercial Papers,-,-,-,-
725077,HDFC Securities Limited,HSL230623,HDFC Securities Ltd,Delisted,F ,500000.00,INE700G14FM1, ,Commercial Papers,-,-,-,-
725078,KEC International Ltd.,KECI23623,KEC International Ltd,Delisted,F ,500000.00,INE389H14JP6, ,Commercial Papers,-,-,-,-
725079,ICICI Securities Primary Dealership Limited,ISPL23623,ICICI Securities Primary Dealership Ltd,Delisted,F ,500000.00,INE849D14HF3, ,Commercial Papers,-,-,-,-
725080,MUTHOOT FINCORP LIMITED,MFL22623,MUTHOOT FINCORP Ltd,Delisted,F ,500000.00,INE549K14BJ9, ,Commercial Papers,-,-,-,-
725081,TATA STEEL LIMITED,TSL23623,TATA STEEL Ltd,Delisted,F ,500000.00,INE081A14EE9, ,Commercial Papers,-,-,-,-
725082,TATA STEEL LIMITED,TSL230623,TATA STEEL Ltd,Delisted,F ,500000.00,INE081A14EF6, ,Commercial Papers,-,-,-,-
725083,TATA STEEL LIMITED,TSL2362023,TATA STEEL Ltd,Delisted,F ,500000.00,INE081A14ED1, ,Commercial Papers,-,-,-,-
725084,STANDARD CHARTERED CAPITAL LIMITED,SCCL26623,STANDARD CHARTERED CAPITAL Ltd,Delisted,F ,500000.00,INE403G14RG9, ,Commercial Papers,-,-,-,-
725085,Axis Securities Limited,ASL26623,Axis Securities Ltd,Delisted,F ,500000.00,INE110O14AG0, ,Commercial Papers,-,-,-,-
725086,Julius Baer Capital (India) Private Limited,JBCIPL26623,Julius Baer Capital (India) Pvt Ltd,Delisted,F ,500000.00,INE824H14LZ7, ,Commercial Papers,-,-,-,-
725087,Tata Power Co. Ltd,TPCL26623,Tata Power Co Ltd,Delisted,F ,500000.00,INE245A14IN2, ,Commercial Papers,-,-,-,-
725088,SBICAP Securities Limited,SBICSL26623,SBICAP Securities Ltd,Delisted,F ,500000.00,INE212K14130, ,Commercial Papers,-,-,-,-
725089,SBICAP Securities Limited,SBISL26623A,SBICAP Securities Ltd,Delisted,F ,500000.00,INE212K14148, ,Commercial Papers,-,-,-,-
725090,JM Financial Properties and Holdings Limited,JFPHL26623,JM Financial Properties and Holdings Ltd,Delisted,F ,500000.00,INE525R14908, ,Commercial Papers,-,-,-,-
725091,Larsen & Toubro Limited,LTL260623,Larsen & Toubro Ltd,Delisted,F ,500000.00,INE018A14JT8, ,Commercial Papers,-,-,-,-
725092,Motilal Oswal Home Finance Limited,MOHFL23623,Motilal Oswal Home Finance Ltd,Delisted,F ,500000.00,INE658R14469, ,Commercial Papers,-,-,-,-
725093,Nuvama Wealth Finance Limited,NWFL26623,Nuvama Wealth Finance Ltd,Delisted,F ,500000.00,INE918K14AG4, ,Commercial Papers,-,-,-,-
725094,Grasim Industries Ltd,GIL270623,Grasim Industries Ltd,Delisted,F ,500000.00,INE047A14826, ,Commercial Papers,-,-,-,-
725095,Aditya Birla Housing Finance Limited,ABHFL260623,Aditya Birla Housing Finance Ltd,Delisted,F ,500000.00,INE831R14CU1, ,Commercial Papers,-,-,-,-
725096,Kotak Mahindra Investments Limited,KMIL27623,Kotak Mahindra Investments Ltd,Delisted,F ,500000.00,INE975F14YI0, ,Commercial Papers,-,-,-,-
725097,BOBCARD LIMITED,BFSL26623,BOB Financial Solutions Ltd,Delisted,F ,500000.00,INE027214431, ,Commercial Papers,-,-,-,-
725098,Tata Power Co. Ltd,TPCL27623,Tata Power Co Ltd,Delisted,F ,500000.00,INE245A14IO0, ,Commercial Papers,-,-,-,-
725099,Kotak Mahindra Prime Limited,KMPL27623,Kotak Mahindra Prime Ltd,Delisted,F ,500000.00,INE916D142K1, ,Commercial Papers,-,-,-,-
725100,KEC International Ltd.,KEC26623,KEC International Ltd,Delisted,F ,500000.00,INE389H14JQ4, ,Commercial Papers,-,-,-,-
725101,Reliance Retail Ventures Limited,RRVL27623,Reliance Retail Ventures Ltd,Delisted,F ,500000.00,INE929O14AQ2, ,Commercial Papers,-,-,-,-
725102,Infina Finance Private Limited,IFPL270623,Infina Finance Pvt Ltd,Delisted,F ,500000.00,INE879F14HG3, ,Commercial Papers,-,-,-,-
725103,Tata Power Co. Ltd,TPCL28623,Tata Power Co Ltd,Delisted,F ,500000.00,INE245A14IP7, ,Commercial Papers,-,-,-,-
725104,STANDARD CHARTERED CAPITAL LIMITED,SCCL28623,STANDARD CHARTERED CAPITAL Ltd,Delisted,F ,500000.00,INE403G14RH7, ,Commercial Papers,-,-,-,-
725105,Adani Enterprises Ltd.,AEL270623,Adani Enterprises Ltd,Delisted,F ,500000.00,INE423A14TG6, ,Commercial Papers,-,-,-,-
725106,Northern Arc Capital Ltd.,NACL27623,Northern Arc Capital Ltd,Suspended,F ,500000.00,INE850M14BS8, ,Commercial Papers,-,-,-,-
725107,Infina Finance Private Limited,IFPL280623,Infina Finance Pvt Ltd,Delisted,F ,500000.00,INE879F14HH1, ,Commercial Papers,-,-,-,-
725108,Infina Finance Private Limited,IFPL28623,Infina Finance Pvt Ltd,Suspended,F ,500000.00,INE879F14HI9, ,Commercial Papers,-,-,-,-
725109,Tata Power Co. Ltd,TPCL300623,Tata Power Co Ltd,Delisted,F ,500000.00,INE245A14IQ5, ,Commercial Papers,-,-,-,-
725110,HDFC Securities Limited,HSL30623,HDFC Securities Ltd,Delisted,F ,500000.00,INE700G14FN9, ,Commercial Papers,-,-,-,-
725111,Julius Baer Capital (India) Private Limited,JBCPL300623,Julius Baer Capital (India) Pvt Ltd,Delisted,F ,500000.00,INE824H14MA8, ,Commercial Papers,-,-,-,-
725112,Infina Finance Private Limited,IFPL2862023,Infina Finance Pvt Ltd,Delisted,F ,500000.00,INE879F14HK5, ,Commercial Papers,-,-,-,-
725113,Infina Finance Private Limited,IFPL300623,Infina Finance Pvt Ltd,Suspended,F ,500000.00,INE879F14HL3, ,Commercial Papers,-,-,-,-
725114,Infina Finance Private Limited,IFPL30623,Infina Finance Pvt Ltd,Delisted,F ,500000.00,INE879F14HJ7, ,Commercial Papers,-,-,-,-
725115,ARKA FINCAP LIMITED,AFL30623,ARKA FINCAP Ltd,Delisted,F ,500000.00,INE03W114419, ,Commercial Papers,-,-,-,-
725116,Time Technoplast Limited,TTL30623,Time Technoplast Ltd,Delisted,F ,500000.00,INE508G14DZ5, ,Commercial Papers,-,-,-,-
725117,Time Technoplast Limited,TTL300623,Time Technoplast Ltd,Delisted,F ,500000.00,INE508G14EG3, ,Commercial Papers,-,-,-,-
725118,Kotak Mahindra Investments Limited,KMIL30623,Kotak Mahindra Investments Ltd,Delisted,F ,500000.00,INE975F14YJ8, ,Commercial Papers,-,-,-,-
725119,360 ONE Prime Limited,360OPL30623,360 ONE Prime Ltd,Delisted,F ,500000.00,INE248U14NP9, ,Commercial Papers,-,-,-,-
725120,UGRO CAPITAL LIMITED,UCL030723,UGRO CAPITAL Ltd,Delisted,F ,500000.00,INE583D14246, ,Commercial Papers,-,-,-,-
725121,Aarti Industries Ltd,AIL03723,Aarti Industries Ltd,Delisted,F ,500000.00,INE769A14791, ,Commercial Papers,-,-,-,-
725122,TATA STEEL LIMITED,TSL3723,TATA STEEL Ltd,Delisted,F ,500000.00,INE081A14EG4, ,Commercial Papers,-,-,-,-
725123,Nuvama Wealth and Investment Limited,NWIL5723,Nuvama Wealth and Investment Ltd,Delisted,F ,500000.00,INE523L14500, ,Commercial Papers,-,-,-,-
725124,Shriram Housing Finance Limited,SHFL040723,Shriram Housing Finance Ltd,Delisted,F ,500000.00,INE432R14238, ,Commercial Papers,-,-,-,-
725125,Nuvama Wealth Finance Limited,NWFL5723,Nuvama Wealth Finance Ltd,Delisted,F ,500000.00,INE918K14AH2, ,Commercial Papers,-,-,-,-
725126,Nuvama Wealth Management Limited,NWML5723,Nuvama Wealth Management Ltd,Delisted,F ,500000.00,INE531F14DJ3, ,Commercial Papers,-,-,-,-
725127,Kotak Securities Limited,KSL6723,Kotak Securities Ltd,Delisted,F ,500000.00,INE028E14LV1, ,Commercial Papers,-,-,-,-
725128,Kotak Mahindra Investments Limited,KMIL6723,Kotak Mahindra Investments Ltd,Delisted,F ,500000.00,INE975F14YK6, ,Commercial Papers,-,-,-,-
725129,Larsen & Toubro Limited,LTL050723,Larsen & Toubro Ltd,Delisted,F ,500000.00,INE018A14JU6, ,Commercial Papers,-,-,-,-
725130,Motilal Oswal Financial Services Limited,MOFSL050723,Motilal Oswal Financial Services Ltd,Delisted,F ,500000.00,INE338I14EZ1, ,Commercial Papers,-,-,-,-
725131,360 ONE Prime Limited,360OPL6723,360 ONE Prime Ltd,Delisted,F ,500000.00,INE248U14NR5, ,Commercial Papers,-,-,-,-
725132,HDFC Securities Limited,HSL060723,HDFC Securities Ltd,Delisted,F ,500000.00,INE700G14FO7, ,Commercial Papers,-,-,-,-
725133,Adani Enterprises Ltd.,AEL060723,Adani Enterprises Ltd,Delisted,F ,500000.00,INE423A14TK8, ,Commercial Papers,-,-,-,-
725134,Can Fin Homes Ltd.,CFHL6723,Can Fin Homes Ltd,Delisted,F ,500000.00,INE477A14CI4, ,Commercial Papers,-,-,-,-
725135,Network 18 Media & Investments Limited,NMIL070723,Network 18 Media & Investments Ltd,Delisted,F ,500000.00,INE870H14QQ8, ,Commercial Papers,-,-,-,-
725136,TV18 Broadcast Ltd.,TVBL7723,TV18 Broadcast Ltd,Delisted,F ,500000.00,INE886H14IQ1, ,Commercial Papers,-,-,-,-
725137,ICICI Securities Limited,ISECL07723,ICICI Securities Ltd,Delisted,F ,500000.00,INE763G14QF0, ,Commercial Papers,-,-,-,-
725138,Tata Housing Development Company Limited,THDCL060723,Tata Housing Development Company Ltd,Delisted,F ,500000.00,INE582L14GU4, ,Commercial Papers,-,-,-,-
725139,Kotak Securities Limited,KSL7723,Kotak Securities Ltd,Delisted,F ,500000.00,INE028E14LW9, ,Commercial Papers,-,-,-,-
725140,SEIL Energy India Limited,SEIL070723,SEIL Energy India Ltd,Suspended,F ,500000.00,INE460M14487, ,Commercial Papers,-,-,-,-
725141,SEIL Energy India Limited,SEIL7723A,SEIL Energy India Ltd,Suspended,F ,500000.00,INE460M14495, ,Commercial Papers,-,-,-,-
725142,Infina Finance Private Limited,IFPL06723,Infina Finance Pvt Ltd,Delisted,F ,500000.00,INE879F14HM1, ,Commercial Papers,-,-,-,-
725143,Axis Securities Limited,ASL10723,Axis Securities Ltd,Delisted,F ,500000.00,INE110O14AH8, ,Commercial Papers,-,-,-,-
725144,Can Fin Homes Ltd.,CFHL7723,Can Fin Homes Ltd,Delisted,F ,500000.00,INE477A14CJ2, ,Commercial Papers,-,-,-,-
725145,BOBCARD LIMITED,BFSL7723,BOB Financial Solutions Ltd,Delisted,F ,500000.00,INE027214449, ,Commercial Papers,-,-,-,-
725146,POONAWALLA FINCORP LIMITED,PFL7723,POONAWALLA FINCORP Ltd,Delisted,F ,500000.00,INE511C14VF2, ,Commercial Papers,-,-,-,-
725147,InCred Financial Services Limited,ICFSL7723,InCred Financial Services Ltd,Delisted,F ,500000.00,INE321N14067, ,Commercial Papers,-,-,-,-
725148,POONAWALLA FINCORP LIMITED,PFL70723,POONAWALLA FINCORP Ltd,Delisted,F ,500000.00,INE511C14VG0, ,Commercial Papers,-,-,-,-
725149,The Ramco Cements Limited,TRCL07723,The Ramco Cements Ltd,Delisted,F ,500000.00,INE331A14NK6, ,Commercial Papers,-,-,-,-
725150,TATA STEEL LIMITED,TSL10723,TSL-8-9-23-CP,Delisted,F ,500000.00,INE081A14EH2, ,Commercial Papers,-,-,-,-
725151,CaratLane Trading Private Limited,CTPL070723,CTPL-4-10-23-CP,Delisted,F ,500000.00,INE015Y14492, ,Commercial Papers,-,-,-,-
725152,Godrej Housing Finance Limited,GHFL11723,Godrej Housing Finance Ltd,Delisted,F ,500000.00,INE02JD14252, ,Commercial Papers,-,-,-,-
725153,Sterlite Technologies Limited.,STL11723,Sterlite Technologies Ltd,Delisted,F ,500000.00,INE089C14CV6, ,Commercial Papers,-,-,-,-
725154,L&T Metro Rail (Hyderabad) Limited,LTMRHL10723,L&T Metro Rail (Hyderabad) Ltd,Delisted,F ,500000.00,INE128M14548, ,Commercial Papers,-,-,-,-
725155,360 ONE Prime Limited,360OPL11723,360 ONE Prime Ltd,Delisted,F ,500000.00,INE248U14NS3, ,Commercial Papers,-,-,-,-
725156,Kotak Mahindra Prime Limited,KMPL120723,Kotak Mahindra Prime Ltd,Suspended,F ,500000.00,INE916D142L9, ,Commercial Papers,-,-,-,-
725157,Sharekhan Limited,SL11723,Sharekhan Ltd,Delisted,F ,500000.00,INE211H14682, ,Commercial Papers,-,-,-,-
725158,Sharekhan Limited,SL12723,Sharekhan Ltd,Delisted,F ,500000.00,INE211H14666, ,Commercial Papers,-,-,-,-
725159,KEC International Ltd.,KIL12723,KEC International Ltd,Delisted,F ,500000.00,INE389H14JR2, ,Commercial Papers,-,-,-,-
725160,Sharekhan Limited,SL120723,Sharekhan Ltd,Delisted,F ,500000.00,INE211H14674, ,Commercial Papers,-,-,-,-
725161,Nuvama Wealth and Investment Limited,NWIL120723,Nuvama Wealth and Investment Ltd,Delisted,F ,500000.00,INE523L14518, ,Commercial Papers,-,-,-,-
725162,KEC International Ltd.,KIL13723,KEC International Ltd,Delisted,F ,500000.00,INE389H14JS0, ,Commercial Papers,-,-,-,-
725163,ECL Finance Limited,ECLFL12723,ECL Finance Ltd,Suspended,F ,500000.00,INE804I14WA7, ,Commercial Papers,-,-,-,-
725164,Axis Securities Limited,ASL13723,Axis Securities Ltd,Delisted,F ,500000.00,INE110O14AI6, ,Commercial Papers,-,-,-,-
725165,Century Textiles & Industries Ltd.,CTIL13723,Century Textiles & Industries Ltd,Delisted,F ,500000.00,INE055A14JR4, ,Commercial Papers,-,-,-,-
725166,Redington Limited,RL130723,Redington Ltd,Delisted,F ,500000.00,INE891D14XJ4, ,Commercial Papers,-,-,-,-
725167,Redington Limited,RL13072023,Redington Ltd,Delisted,F ,500000.00,INE891D14XK2, ,Commercial Papers,-,-,-,-
725168,360 ONE WAM LIMITED,360OWL12723,360 ONE WAM Ltd,Delisted,F ,500000.00,INE466L14BY3, ,Commercial Papers,-,-,-,-
725169,Axis Securities Limited,ASL14723,Axis Securities Ltd,Delisted,F ,500000.00,INE110O14AJ4, ,Commercial Papers,-,-,-,-
725170,Bajaj Finance Limited,BFL13723,Bajaj Finance Ltd,Delisted,F ,500000.00,INE296A14VG2, ,Commercial Papers,-,-,-,-
725171,UGRO CAPITAL LIMITED,UGL13723,UGRO CAPITAL Ltd,Delisted,F ,500000.00,INE583D14253, ,Commercial Papers,-,-,-,-
725172,Kotak Mahindra Investments Limited,KMIL140723,Kotak Mahindra Investments Ltd,Suspended,F ,500000.00,INE975F14YL4, ,Commercial Papers,-,-,-,-
725173,birla Group Holdings Private Limited,BGHPL14723,birla Group Holdings Pvt Ltd,Delisted,F ,500000.00,INE09OL14DQ1, ,Commercial Papers,-,-,-,-
725174,Kotak Mahindra Investments Limited,KMIL140723A,Kotak Mahindra Investments Ltd,Delisted,F ,500000.00,INE975F14YM2, ,Commercial Papers,-,-,-,-
725175,Pilani Investment And Industries Corporation Limited,PIICL14723,Pilani Investment And Industries Corporation Ltd,Delisted,F ,500000.00,INE417C14553, ,Commercial Papers,-,-,-,-
725176,Infina Finance Private Limited,IFPL140723,Infina Finance Pvt Ltd,Delisted,F ,500000.00,INE879F14HN9, ,Commercial Papers,-,-,-,-
725177,TATA STEEL LIMITED,TSL170723,TATA STEEL Ltd,Delisted,F ,500000.00,INE081A14EI0, ,Commercial Papers,-,-,-,-
725178,REC LIMITED,RECL170723,REC Ltd,Delisted,F ,500000.00,INE020B14664, ,Commercial Papers,-,-,-,-
725179,MUTHOOT FINANCE LIMITED,MFL17723,MUTHOOT FINANCE Ltd,Suspended,F ,500000.00,INE414G14SZ4, ,Commercial Papers,-,-,-,-
725180,BOBCARD LIMITED,BFSL17723,BOB Financial Solutions Ltd,Delisted,F ,500000.00,INE027214456, ,Commercial Papers,-,-,-,-
725181,MUTHOOT FINANCE LIMITED,MFL170723,MUTHOOT FINANCE Ltd,Suspended,F ,500000.00,INE414G14TA5, ,Commercial Papers,-,-,-,-
725182,J.K. CEMENT LTD,JKCL180723,JK CEMENT LTD,Delisted,F ,500000.00,INE823G14892, ,Commercial Papers,-,-,-,-
725183,Axis Finance Limited,AFL17723,Axis Finance Ltd,Delisted,F ,500000.00,INE891K14MJ2, ,Commercial Papers,-,-,-,-
725184,Sharekhan Limited,SL180723,Sharekhan Ltd,Delisted,F ,500000.00,INE211H14690, ,Commercial Papers,-,-,-,-
725185,Steel Authority of India Ltd.,SAIL17723,Steel Authority of India Ltd,Delisted,F ,500000.00,INE114A14KP1, ,Commercial Papers,-,-,-,-
725186,MUTHOOT FINCORP LIMITED,MFL1772023,MUTHOOT FINCORP Ltd,Delisted,F ,500000.00,INE549K14BK7, ,Commercial Papers,-,-,-,-
725187,Infina Finance Private Limited,IFPL180723,Infina Finance Pvt Ltd,Delisted,F ,500000.00,INE879F14HO7, ,Commercial Papers,-,-,-,-
725188,Larsen & Toubro Limited,LTL190723,Larsen & Toubro Ltd,Delisted,F ,500000.00,INE018A14JV4, ,Commercial Papers,-,-,-,-
725189,Nuvama Wealth Finance Limited,NWFL19723,Nuvama Wealth Finance Ltd,Delisted,F ,500000.00,INE918K14AI0, ,Commercial Papers,-,-,-,-
725190,Axis Securities Limited,ASL190723,Axis Securities Ltd,Delisted,F ,500000.00,INE110O14AK2, ,Commercial Papers,-,-,-,-
725191,Kotak Mahindra Prime Limited,KMPL19723,Kotak Mahindra Prime Ltd,Delisted,F ,500000.00,INE916D142M7, ,Commercial Papers,-,-,-,-
725192,Godrej Housing Finance Limited,GHFL190723,Godrej Housing Finance Ltd,Delisted,F ,500000.00,INE02JD14260, ,Commercial Papers,-,-,-,-
725193,J.K. CEMENT LTD,JKCL19723,JK CEMENT LTD,Delisted,F ,500000.00,INE823G14900, ,Commercial Papers,-,-,-,-
725194,ICICI Securities Limited,ISEC18723,ICICI Securities Ltd,Suspended,F ,500000.00,INE763G14QG8, ,Commercial Papers,-,-,-,-
725195,MUTHOOT FINANCE LIMITED,MFL19723,MUTHOOT FINANCE Ltd,Suspended,F ,500000.00,INE414G14TB3, ,Commercial Papers,-,-,-,-
725196,Kotak Mahindra Investments Limited,KMIL190723,Kotak Mahindra Investments Ltd,Delisted,F ,500000.00,INE975F14YN0, ,Commercial Papers,-,-,-,-
725197,Kotak Mahindra Investments Limited,KMIL19723A,Kotak Mahindra Investments Ltd,Delisted,F ,500000.00,INE975F14YO8, ,Commercial Papers,-,-,-,-
725198,360 ONE Prime Limited,OPL180723,360 ONE Prime Ltd,Delisted,F ,500000.00,INE248U14NT1, ,Commercial Papers,-,-,-,-
725199,ICICI Securities Limited,ISL190723,ICICI Securities Ltd,Suspended,F ,500000.00,INE763G14QH6, ,Commercial Papers,-,-,-,-
725200,Tata Power Co. Ltd,TPCL190723,Tata Power Co Ltd,Delisted,F ,500000.00,INE245A14IR3, ,Commercial Papers,-,-,-,-
725201,Infina Finance Private Limited,IFPL190723,Infina Finance Pvt Ltd,Delisted,F ,500000.00,INE879F14HQ2, ,Commercial Papers,-,-,-,-
725202,Bajaj Finance Limited,BFL190723,Bajaj Finance Ltd,Delisted,F ,500000.00,INE296A14VH0, ,Commercial Papers,-,-,-,-
725203,Redington Limited,RL20723,Redington Ltd,Delisted,F ,500000.00,INE891D14XL0, ,Commercial Papers,-,-,-,-
725204,Shree Cements Ltd.,SCL19723,Shree Cements Ltd,Delisted,F ,500000.00,INE070A14760, ,Commercial Papers,-,-,-,-
725205,L&T Metro Rail (Hyderabad) Limited,LTMRL19723,L&T Metro Rail (Hyderabad) Ltd,Delisted,F ,500000.00,INE128M14555, ,Commercial Papers,-,-,-,-
725206,Kotak Securities Limited,KSL200723,Kotak Securities Ltd,Delisted,F ,500000.00,INE028E14LX7, ,Commercial Papers,-,-,-,-
725207,Kotak Mahindra Investments Limited,KMIL200723,Kotak Mahindra Investments Ltd,Delisted,F ,500000.00,INE975F14YP5, ,Commercial Papers,-,-,-,-
725208,Bajaj Finance Limited,BFL200723,Bajaj Finance Ltd,Delisted,F ,500000.00,INE296A14VI8, ,Commercial Papers,-,-,-,-
725209,360 ONE WAM LIMITED,OWL200723,360 ONE WAM Ltd,Delisted,F ,500000.00,INE466L14BZ0, ,Commercial Papers,-,-,-,-
725210,Infina Finance Private Limited,IFPL200723,Infina Finance Pvt Ltd,Delisted,F ,500000.00,INE879F14HP4, ,Commercial Papers,-,-,-,-
725211,STANDARD CHARTERED CAPITAL LIMITED,SCCL200723,STANDARD CHARTERED CAPITAL Ltd,Delisted,F ,500000.00,INE403G14RJ3, ,Commercial Papers,-,-,-,-
725212,NLC Tamilnadu Power Limited,NTPL200723,NLC Tamilnadu Power Ltd,Delisted,F ,500000.00,INE05C614352, ,Commercial Papers,-,-,-,-
725213,HDFC Credila Financial Services Ltd,HDFCCF20723,HDFC Credila Financial Services Ltd,Delisted,F ,500000.00,INE539K14BB7, ,Commercial Papers,-,-,-,-
725214,360 ONE Prime Limited,360OPL20723,360 ONE Prime Ltd,Delisted,F ,500000.00,INE248U14NU9, ,Commercial Papers,-,-,-,-
725215,STANDARD CHARTERED CAPITAL LIMITED,SCCL21723,STANDARD CHARTERED CAPITAL Ltd,Delisted,F ,500000.00,INE403G14RI5, ,Commercial Papers,-,-,-,-
725216,birla Group Holdings Private Limited,BGHPL21723,birla Group Holdings Pvt Ltd,Delisted,F ,500000.00,INE09OL14DR9, ,Commercial Papers,-,-,-,-
725217,VIVRITI CAPITAL LIMITED,VCL21723,VIVRITI CAPITAL Ltd,Delisted,F ,500000.00,INE01HV14276, ,Commercial Papers,-,-,-,-
725218,Bajaj Finance Limited,BFL21723,Bajaj Finance Ltd,Delisted,F ,500000.00,INE296A14VJ6, ,Commercial Papers,-,-,-,-
725219,Bajaj Financial Securities Limited,BFSL210723,Bajaj Financial Securities Ltd,Delisted,F ,500000.00,INE01C314452, ,Commercial Papers,-,-,-,-
725220,HDFC Securities Limited,HSL210723,HDFC Securities Ltd,Delisted,F ,500000.00,INE700G14FP4, ,Commercial Papers,-,-,-,-
725221,Motilal Oswal Financial Services Limited,MOFSL210723,Motilal Oswal Financial Services Ltd,Suspended,F ,500000.00,INE338I14FB9, ,Commercial Papers,-,-,-,-
725222,Kotak Mahindra Investments Limited,KMIL21723,Kotak Mahindra Investments Ltd,Suspended,F ,500000.00,INE975F14YQ3, ,Commercial Papers,-,-,-,-
725223,Shriram Housing Finance Limited,SHFL210723,Shriram Housing Finance Ltd,Suspended,F ,500000.00,INE432R14246, ,Commercial Papers,-,-,-,-
725224,Tata Housing Development Company Limited,THDCL21723,Tata Housing Development Company Ltd,Delisted,F ,500000.00,INE582L14GV2, ,Commercial Papers,-,-,-,-
725225,Tata Power Co. Ltd,TPCL210723,Tata Power Co Ltd,Delisted,F ,500000.00,INE245A14IS1, ,Commercial Papers,-,-,-,-
725226,Kotak Mahindra Investments Limited,KMIL240723,Kotak Mahindra Investments Ltd,Suspended,F ,500000.00,INE975F14YR1, ,Commercial Papers,-,-,-,-
725227,Julius Baer Capital (India) Private Limited,JBCPL240723,Julius Baer Capital (India) Pvt Ltd,Delisted,F ,500000.00,INE824H14MB6, ,Commercial Papers,-,-,-,-
725228,Bajaj Finance Limited,BFL24723,Bajaj Finance Ltd,Delisted,F ,500000.00,INE296A14VK4, ,Commercial Papers,-,-,-,-
725229,Axis Securities Limited,ASL25723,Axis Securities Ltd,Delisted,F ,500000.00,INE110O14AL0, ,Commercial Papers,-,-,-,-
725230,Indian Railway Finance Corporation,IRFC240723,Indian Railway Finance Corporation,Delisted,F ,500000.00,INE053F14229, ,Commercial Papers,-,-,-,-
725231,Adani Enterprises Ltd.,AEL240723,Adani Enterprises Ltd,Delisted,F ,500000.00,INE423A14TA9, ,Commercial Papers,-,-,-,-
725232,KEC International Ltd.,KECIL250723,KEC International Ltd,Delisted,F ,500000.00,INE389H14JT8, ,Commercial Papers,-,-,-,-
725233,L&T Metro Rail (Hyderabad) Limited,LTMRL25723,L&T Metro Rail (Hyderabad) Ltd,Delisted,F ,500000.00,INE128M14563, ,Commercial Papers,-,-,-,-
725234,L&T Metro Rail (Hyderabad) Limited,LTMRHL25723,L&T Metro Rail (Hyderabad) Ltd,Delisted,F ,500000.00,INE128M14571, ,Commercial Papers,-,-,-,-
725235,J.K. CEMENT LTD,JKCL25723,JK CEMENT LTD,Delisted,F ,500000.00,INE823G14918, ,Commercial Papers,-,-,-,-
725236,Tata Housing Development Company Limited,THDCL24723,Tata Housing Development Company Ltd,Delisted,F ,500000.00,INE582L14GW0, ,Commercial Papers,-,-,-,-
725237,Aditya Birla Housing Finance Limited,ABHFL25723,Aditya Birla Housing Finance Ltd,Delisted,F ,500000.00,INE831R14CV9, ,Commercial Papers,-,-,-,-
725238,Adani Enterprises Ltd.,AEL250723,Adani Enterprises Ltd,Suspended,F ,500000.00,INE423A14TM4, ,Commercial Papers,-,-,-,-
725239,UGRO CAPITAL LIMITED,UCL250723,UGRO CAPITAL Ltd,Delisted,F ,500000.00,INE583D14261, ,Commercial Papers,-,-,-,-
725240,Sharekhan BNP Paribas Financial Services Limited,SBNPPF26723,Sharekhan BNP Paribas Financial Services Ltd,Delisted,F ,500000.00,INE550X14AF0, ,Commercial Papers,-,-,-,-
725241,Godrej Finance Limited,GFL26723,Godrej Finance Ltd,Delisted,F ,500000.00,INE02KN14093, ,Commercial Papers,-,-,-,-
725242,ICICI Securities Limited,ISECL26723,ICICI Securities Ltd,Delisted,F ,500000.00,INE763G14QI4, ,Commercial Papers,-,-,-,-
725243,ICICI Securities Limited,ISEC277223,ICICI Securities Ltd,Delisted,F ,500000.00,INE763G14QJ2, ,Commercial Papers,-,-,-,-
725244,Infina Finance Private Limited,IFPL260723,Infina Finance Pvt Ltd,Delisted,F ,500000.00,INE879F14HR0, ,Commercial Papers,-,-,-,-
725245,Avanse Financial Services Limited,AFSL260723,Avanse Financial Services Ltd,Delisted,F ,500000.00,INE087P14713, ,Commercial Papers,-,-,-,-
725246,Bajaj Housing Finance Limited,BHFL260723,Bajaj Housing Finance Ltd,Delisted,F ,500000.00,INE377Y14AF6, ,Commercial Papers,-,-,-,-
725247,Nuvama Wealth Finance Limited,NWFL27723,Nuvama Wealth Finance Ltd,Delisted,F ,500000.00,INE918K14AJ8, ,Commercial Papers,-,-,-,-
725248,HDFC Credila Financial Services Ltd,HCFSL270723,HDFC Credila Financial Services Ltd,Delisted,F ,500000.00,INE539K14BC5, ,Commercial Papers,-,-,-,-
725249,Network 18 Media & Investments Limited,NMIL280723,Network 18 Media & Investments Ltd,Delisted,F ,500000.00,INE870H14QR6, ,Commercial Papers,-,-,-,-
725250,Network 18 Media & Investments Limited,NMIL28723,Network 18 Media & Investments Ltd,Delisted,F ,500000.00,INE870H14QS4, ,Commercial Papers,-,-,-,-
725251,Chaitanya India Fin Credit Private Limited,CIFPL27723,Chaitanya India Fin Credit Pvt Ltd,Delisted,F ,500000.00,INE140R14153, ,Commercial Papers,-,-,-,-
725252,ICICI Securities Limited,ISL280723,ICICI Securities Ltd,Delisted,F ,500000.00,INE763G14QL8, ,Commercial Papers,-,-,-,-
725253,Godrej Finance Limited,GFL28723,Godrej Finance Ltd,Delisted,F ,500000.00,INE02KN14101, ,Commercial Papers,-,-,-,-
725254,Julius Baer Capital (India) Private Limited,JBCIPL27723,Julius Baer Capital (India) Pvt Ltd,Delisted,F ,500000.00,INE824H14MC4, ,Commercial Papers,-,-,-,-
725255,ICICI Securities Primary Dealership Limited,ISPDL280723,ICICI Securities Primary Dealership Ltd,Delisted,F ,500000.00,INE849D14HG1, ,Commercial Papers,-,-,-,-
725256,ICICI Securities Primary Dealership Limited,ISPDL28723,ICICI Securities Primary Dealership Ltd,Delisted,F ,500000.00,INE849D14HH9, ,Commercial Papers,-,-,-,-
725257,Kotak Mahindra Prime Limited,KMPL28723,Kotak Mahindra Prime Ltd,Suspended,F ,500000.00,INE916D142N5, ,Commercial Papers,-,-,-,-
725258,Sharekhan BNP Paribas Financial Services Limited,SBNP270723,Sharekhan BNP Paribas Financial Services Ltd,Delisted,F ,500000.00,INE550X14AG8, ,Commercial Papers,-,-,-,-
725259,Kirloskar Ferrous Industries Ltd.,KFIL270723,Kirloskar Ferrous Industries Ltd,Suspended,F ,500000.00,INE884B14499, ,Commercial Papers,-,-,-,-
725260,Motilal Oswal Financial Services Limited,MOFSL270723,Motilal Oswal Financial Services Ltd,Delisted,F ,500000.00,INE338I14FC7, ,Commercial Papers,-,-,-,-
725261,JSW Energy Limited,JEL28723,JSW Energy Ltd,Delisted,F ,500000.00,INE121E14300, ,Commercial Papers,-,-,-,-
725262,TV18 Broadcast Ltd.,TVBL280723,TV18 Broadcast Ltd,Delisted,F ,500000.00,INE886H14IS7, ,Commercial Papers,-,-,-,-
725263,Bajaj Housing Finance Limited,BHFL270723,Bajaj Housing Finance Ltd,Delisted,F ,500000.00,INE377Y14AH2, ,Commercial Papers,-,-,-,-
725264,Hinduja Leyland Finance Limited,HLFL280723,Hinduja Leyland Finance Ltd,Delisted,F ,500000.00,INE146O14BJ6, ,Commercial Papers,-,-,-,-
725265,Axis Securities Limited,ASL280723,Axis Securities Ltd,Delisted,F ,500000.00,INE110O14AM8, ,Commercial Papers,-,-,-,-
725266,Reliance Retail Ventures Limited,RRVL280723,Reliance Retail Ventures Ltd,Delisted,F ,500000.00,INE929O14AS8, ,Commercial Papers,-,-,-,-
725267,HDFC Securities Limited,HDFCSL28723,HDFC Securities Ltd,Delisted,F ,500000.00,INE700G14FQ2, ,Commercial Papers,-,-,-,-
725268,Bajaj Housing Finance Limited,BHFL280723,Bajaj Housing Finance Ltd,Delisted,F ,500000.00,INE377Y14AG4, ,Commercial Papers,-,-,-,-
725269,Motilal Oswal Financial Services Limited,MOFSL28723,Motilal Oswal Financial Services Ltd,Delisted,F ,500000.00,INE338I14FD5, ,Commercial Papers,-,-,-,-
725270,TV18 Broadcast Ltd.,TVBL310723,TV18 Broadcast Ltd,Delisted,F ,500000.00,INE886H14IR9, ,Commercial Papers,-,-,-,-
725271,MUTHOOT FINCORP LIMITED,MFL280723,MUTHOOT FINCORP Ltd,Delisted,F ,500000.00,INE549K14BL5, ,Commercial Papers,-,-,-,-
725272,GIC Housing Finance Ltd.,GHFL310723,GIC Housing Finance Ltd,Delisted,F ,500000.00,INE289B14IN8, ,Commercial Papers,-,-,-,-
725273,Network 18 Media & Investments Limited,NMIL310723,Network 18 Media & Investments Ltd,Delisted,F ,500000.00,INE870H14QT2, ,Commercial Papers,-,-,-,-
725274,HT Media Ltd,HTML31723,HT Media Ltd,Delisted,F ,500000.00,INE501G14DF2, ,Commercial Papers,-,-,-,-
725275,SIKKA PORTS & TERMINALS LTD,SPTL31723,SIKKA PORTS & TERMINALS LTD,Delisted,F ,500000.00,INE941D14436, ,Commercial Papers,-,-,-,-
725276,Reliance Retail Ventures Limited,RRVL310723,Reliance Retail Ventures Ltd,Delisted,F ,500000.00,INE929O14AT6, ,Commercial Papers,-,-,-,-
725277,TRUST INVESTMENT ADVISORS PRIVATE LIMITED,TIAPL31723,TRUST INVESTMENT ADVISORS Pvt Ltd,Delisted,F ,500000.00,INE723X14EY6, ,Commercial Papers,-,-,-,-
725278,CNH Industrial Capital (India) Private Limited,CICPL310723,CNH Industrial Capital (India) Pvt Ltd,Delisted,F ,500000.00,INE0P4D14028, ,Commercial Papers,-,-,-,-
725279,Can Fin Homes Ltd.,CFHL010823,Can Fin Homes Ltd,Delisted,F ,500000.00,INE477A14CL8, ,Commercial Papers,-,-,-,-
725280,Can Fin Homes Ltd.,CFHL010823A,Can Fin Homes Ltd,Delisted,F ,500000.00,INE477A14CK0, ,Commercial Papers,-,-,-,-
725281,HDFC Securities Limited,HDFCSL2823,HDFC Securities Ltd,Delisted,F ,500000.00,INE700G14FR0, ,Commercial Papers,-,-,-,-
725282,Chaitanya India Fin Credit Private Limited,CIFCPL2823,Chaitanya India Fin Credit Pvt Ltd,Delisted,F ,500000.00,INE140R14161, ,Commercial Papers,-,-,-,-
725283,ARKA FINCAP LIMITED,AFL020823,ARKA FINCAP Ltd,Delisted,F ,500000.00,INE03W114427, ,Commercial Papers,-,-,-,-
725284,Axis Finance Limited,AFL3823,Axis Finance Ltd,Delisted,F ,500000.00,INE891K14MK0, ,Commercial Papers,-,-,-,-
725285,Kotak Mahindra Prime Limited,KMPL3823,Kotak Mahindra Prime Ltd,Suspended,F ,500000.00,INE916D142O3, ,Commercial Papers,-,-,-,-
725286,Time Technoplast Limited,TTL02823,Time Technoplast Ltd,Delisted,F ,500000.00,INE508G14EJ7, ,Commercial Papers,-,-,-,-
725287,TRUST INVESTMENT ADVISORS PRIVATE LIMITED,TIAPL030823,TRUST INVESTMENT ADVISORS Pvt Ltd,Delisted,F ,500000.00,INE723X14FA3, ,Commercial Papers,-,-,-,-
725288,Motilal Oswal Finvest Limited,MOFL3823,Motilal Oswal Finvest Ltd,Delisted,F ,500000.00,INE01WN14967, ,Commercial Papers,-,-,-,-
725289,Time Technoplast Limited,TTL4823,Time Technoplast Ltd,Delisted,F ,500000.00,INE508G14EK5, ,Commercial Papers,-,-,-,-
725290,Nuvama Wealth Finance Limited,NWFL4823,Nuvama Wealth Finance Ltd,Delisted,F ,500000.00,INE918K14AL4, ,Commercial Papers,-,-,-,-
725291,L&T Metro Rail (Hyderabad) Limited,LMRHL4823,L&T Metro Rail (Hyderabad) Ltd,Delisted,F ,500000.00,INE128M14589, ,Commercial Papers,-,-,-,-
725292,Nuvama Wealth Finance Limited,NWFL4823A,Nuvama Wealth Finance Ltd,Delisted,F ,500000.00,INE918K14AK6, ,Commercial Papers,-,-,-,-
725293,Infina Finance Private Limited,IFPL030823,Infina Finance Pvt Ltd,Delisted,F ,500000.00,INE879F14HS8, ,Commercial Papers,-,-,-,-
725294,360 ONE WAM LIMITED,360OWL3823,360 ONE WAM Ltd,Delisted,F ,500000.00,INE466L14CA1, ,Commercial Papers,-,-,-,-
725295,SEIL Energy India Limited,SEIL030823,SEIL Energy India Ltd,Delisted,F ,500000.00,INE460M14503, ,Commercial Papers,-,-,-,-
725296,Kotak Mahindra Prime Limited,KMPL4823,Kotak Mahindra Prime Ltd,Delisted,F ,500000.00,INE916D142P0, ,Commercial Papers,-,-,-,-
725297,Larsen & Toubro Limited,LTL040823,Larsen & Toubro Ltd,Delisted,F ,500000.00,INE018A14JW2, ,Commercial Papers,-,-,-,-
725298,POONAWALLA FINCORP LIMITED,PFL040823,POONAWALLA FINCORP Ltd,Delisted,F ,500000.00,INE511C14VH8, ,Commercial Papers,-,-,-,-
725299,ICICI Securities Limited,ISL070823,ICICI Securities Ltd,Delisted,F ,500000.00,INE763G14QN4, ,Commercial Papers,-,-,-,-
725300,Infina Finance Private Limited,IFPL4823,Infina Finance Pvt Ltd,Delisted,F ,500000.00,INE879F14HT6, ,Commercial Papers,-,-,-,-
725301,HDFC Securities Limited,HDFCSL7823,HDFC Securities Ltd,Delisted,F ,500000.00,INE700G14FS8, ,Commercial Papers,-,-,-,-
725302,HDFC Securities Limited,HDFCSL7823A,HDFC Securities Ltd,Delisted,F ,500000.00,INE700G14FT6, ,Commercial Papers,-,-,-,-
725303,Kotak Mahindra Prime Limited,KMPL07823,Kotak Mahindra Prime Ltd,Suspended,F ,500000.00,INE916D142Q8, ,Commercial Papers,-,-,-,-
725304,Motilal Oswal Finvest Limited,MOSFL040823,Motilal Oswal Finvest Ltd,Delisted,F ,500000.00,INE01WN14975, ,Commercial Papers,-,-,-,-
725305,Tata Realty and Infrastructure Limited,TRIL4823,Tata Realty and Infrastructure Ltd,Delisted,F ,500000.00,INE371K14BK6, ,Commercial Papers,-,-,-,-
725306,Bajaj Financial Securities Limited,BFSL4823,Bajaj Financial Securities Ltd,Delisted,F ,500000.00,INE01C314460, ,Commercial Papers,-,-,-,-
725307,ECL Finance Limited,EEL4823,ECL Finance Ltd,Delisted,F ,500000.00,INE804I14WF6, ,Commercial Papers,-,-,-,-
725308,Aditya Birla Fashion and Retail Limited,ABFRL7823,Aditya Birla Fashion and Retail Ltd,Delisted,F ,500000.00,INE647O14EU4, ,Commercial Papers,-,-,-,-
725309,Tata Realty and Infrastructure Limited,TRIL7823,Tata Realty and Infrastructure Ltd,Delisted,F ,500000.00,INE371K14BL4, ,Commercial Papers,-,-,-,-
725310,Bajaj Financial Securities Limited,BFSL7823,Bajaj Financial Securities Ltd,Delisted,F ,500000.00,INE01C314486, ,Commercial Papers,-,-,-,-
725311,Kotak Mahindra Investments Limited,KMIL7823,Kotak Mahindra Investments Ltd,Delisted,F ,500000.00,INE975F14YS9, ,Commercial Papers,-,-,-,-
725312,Julius Baer Capital (India) Private Limited,JBCIPL8823,Julius Baer Capital (India) Pvt Ltd,Delisted,F ,500000.00,INE824H14MD2, ,Commercial Papers,-,-,-,-
725313,HDFC Securities Limited,HDFCSL8823,HDFC Securities Ltd,Delisted,F ,500000.00,INE700G14FU4, ,Commercial Papers,-,-,-,-
725314,Kotak Securities Limited,KSL8823,Kotak Securities Ltd,Delisted,F ,500000.00,INE028E14LZ2, ,Commercial Papers,-,-,-,-
725315,Kotak Securities Limited,KSL080823,Kotak Securities Ltd,Delisted,F ,500000.00,INE028E14LY5, ,Commercial Papers,-,-,-,-
725316,ICICI Securities Limited,ISL080823,ISL-7-11-23-CP,Delisted,F ,500000.00,INE763G14QM6, ,Commercial Papers,-,-,-,-
725317,Sharekhan Limited,SL7082023,SL-3-11-23-CP,Delisted,F ,500000.00,INE211H14708, ,Commercial Papers,-,-,-,-
725318,Sharekhan BNP Paribas Financial Services Limited,SPFSL7823,SPFSL-3-11-23-CP,Delisted,F ,500000.00,INE550X14AH6, ,Commercial Papers,-,-,-,-
725319,Infina Finance Private Limited,IFPL7823,IFPL-14-8-23-CP,Delisted,F ,500000.00,INE879F14HV2, ,Commercial Papers,-,-,-,-
725320,Bajaj Financial Securities Limited,BFSL8823,Bajaj Financial Securities Ltd,Delisted,F ,500000.00,INE01C314478, ,Commercial Papers,-,-,-,-
725321,Motilal Oswal Finvest Limited,MOFL8823,Motilal Oswal Finvest Ltd,Delisted,F ,500000.00,INE01WN14983, ,Commercial Papers,-,-,-,-
725322,Chaitanya India Fin Credit Private Limited,CIFPL8823,Chaitanya India Fin Credit Pvt Ltd,Delisted,F ,500000.00,INE140R14179, ,Commercial Papers,-,-,-,-
725323,Kotak Mahindra Investments Limited,KMIL8823,Kotak Mahindra Investments Ltd,Delisted,F ,500000.00,INE975F14YT7, ,Commercial Papers,-,-,-,-
725324,Reliance Retail Ventures Limited,RRVL8823,Reliance Retail Ventures Ltd,Delisted,F ,500000.00,INE929O14AU4, ,Commercial Papers,-,-,-,-
725325,Manappuram Finance Limited,MFL8823,Manappuram Finance Ltd,Delisted,F ,500000.00,INE522D14NW9, ,Commercial Papers,-,-,-,-
725326,Infina Finance Private Limited,IFPL080823,Infina Finance Pvt Ltd,Delisted,F ,500000.00,INE879F14HU4, ,Commercial Papers,-,-,-,-
725327,birla Group Holdings Private Limited,BGHPL080823,BGHPL-7-11-23-CP,Delisted,F ,500000.00,INE09OL14DS7, ,Commercial Papers,-,-,-,-
725328,Hinduja Leyland Finance Limited,HLFL9823,Hinduja Leyland Finance Ltd,Delisted,F ,500000.00,INE146O14BK4, ,Commercial Papers,-,-,-,-
725329,HDFC Credila Financial Services Ltd,HDFCCFS9823,HDFC Credila Financial Services Ltd,Delisted,F ,500000.00,INE539K14BD3, ,Commercial Papers,-,-,-,-
725330,HDFC Securities Limited,HSL10823,HDFC Securities Ltd,Delisted,F ,500000.00,INE700G14FW0, ,Commercial Papers,-,-,-,-
725331,HDFC Securities Limited,HSL09823,HDFC Securities Ltd,Delisted,F ,500000.00,INE700G14FV2, ,Commercial Papers,-,-,-,-
725332,Julius Baer Capital (India) Private Limited,JBCPL10823,Julius Baer Capital (India) Pvt Ltd,Delisted,F ,500000.00,INE824H14ME0, ,Commercial Papers,-,-,-,-
725333,NLC Tamilnadu Power Limited,NTPL09823,NLC Tamilnadu Power Ltd,Delisted,F ,500000.00,INE05C614360, ,Commercial Papers,-,-,-,-
725334,ICICI Securities Limited,ISL090823,ICICI Securities Ltd,Delisted,F ,500000.00,INE763G14QO2, ,Commercial Papers,-,-,-,-
725335,ARKA FINCAP LIMITED,AFL090823,ARKA FINCAP Ltd,Suspended,F ,500000.00,INE03W114435, ,Commercial Papers,-,-,-,-
725336,Redington Limited,RL100823,Redington Ltd,Delisted,F ,500000.00,INE891D14XM8, ,Commercial Papers,-,-,-,-
725337,ICICI Securities Primary Dealership Limited,ISPDL100823,ICICI Securities Primary Dealership Ltd,Delisted,F ,500000.00,INE849D14HI7, ,Commercial Papers,-,-,-,-
725338,GIC Housing Finance Ltd.,GICHF100823,GIC Housing Finance Ltd,Delisted,F ,500000.00,INE289B14IO6, ,Commercial Papers,-,-,-,-
725339,Larsen & Toubro Limited,LTL100823,Larsen & Toubro Ltd,Delisted,F ,500000.00,INE018A14JX0, ,Commercial Papers,-,-,-,-
725340,Dalmia Cement (Bharat) Limited,DCL100823,Dalmia Cement (Bharat) Ltd,Delisted,F ,500000.00,INE755K14EU3, ,Commercial Papers,-,-,-,-
725341,Motilal Oswal Finvest Limited,MOFL10823,Motilal Oswal Finvest Ltd,Delisted,F ,500000.00,INE01WN14AA7, ,Commercial Papers,-,-,-,-
725342,Network 18 Media & Investments Limited,NMIL10823,Network 18 Media & Investments Ltd,Delisted,F ,500000.00,INE870H14QW6, ,Commercial Papers,-,-,-,-
725343,Axis Securities Limited,ASL10823,Axis Securities Ltd,Delisted,F ,500000.00,INE110O14AN6, ,Commercial Papers,-,-,-,-
725344,Dalmia Cement (Bharat) Limited,DCBL11823,Dalmia Cement (Bharat) Ltd,Delisted,F ,500000.00,INE755K14EV1, ,Commercial Papers,-,-,-,-
725345,L&T Metro Rail (Hyderabad) Limited,LTMRL11823,L&T Metro Rail (Hyderabad) Ltd,Delisted,F ,500000.00,INE128M14597, ,Commercial Papers,-,-,-,-
725346,Network 18 Media & Investments Limited,N18MIL11823,Network 18 Media & Investments Ltd,Delisted,F ,500000.00,INE870H14QV8, ,Commercial Papers,-,-,-,-
725347,Network 18 Media & Investments Limited,N18MI11823,Network 18 Media & Investments Ltd,Delisted,F ,500000.00,INE870H14QX4, ,Commercial Papers,-,-,-,-
725348,Reliance Industries Ltd,RIL11823,Reliance Industries Ltd,Delisted,F ,500000.00,INE002A14KE2, ,Commercial Papers,-,-,-,-
725349,Reliance Industries Ltd,RIL110823,Reliance Industries Ltd,Delisted,F ,500000.00,INE002A14KG7, ,Commercial Papers,-,-,-,-
725350,Reliance Industries Ltd,RIL1182023,RIL-10-11-23-CP,Delisted,F ,500000.00,INE002A14KF9, ,Commercial Papers,-,-,-,-
725351,Network 18 Media & Investments Limited,N18MIL14823,Network 18 Media & Investments Ltd,Delisted,F ,500000.00,INE870H14QU0, ,Commercial Papers,-,-,-,-
725352,Motilal Oswal Finvest Limited,MOFL11823,Motilal Oswal Finvest Ltd,Delisted,F ,500000.00,INE01WN14991, ,Commercial Papers,-,-,-,-
725353,Julius Baer Capital (India) Private Limited,JBCPL110823,Julius Baer Capital (India) Pvt Ltd,Delisted,F ,500000.00,INE824H14MF7, ,Commercial Papers,-,-,-,-
725354,Kotak Securities Limited,KSL140823,Kotak Securities Ltd,Delisted,F ,500000.00,INE028E14MA3, ,Commercial Papers,-,-,-,-
725355,ICICI Securities Limited,ISL110823,ICICI Securities Ltd,Delisted,F ,500000.00,INE763G14QP9, ,Commercial Papers,-,-,-,-
725356,Axis Securities Limited,ASL14823,Axis Securities Ltd,Delisted,F ,500000.00,INE110O14AO4, ,Commercial Papers,-,-,-,-
725357,Bajaj Housing Finance Limited,BHFL110823,Bajaj Housing Finance Ltd,Delisted,F ,500000.00,INE377Y14AI0, ,Commercial Papers,-,-,-,-
725358,Aditya Birla Housing Finance Limited,ABHFL110823,Aditya Birla Housing Finance Ltd,Delisted,F ,500000.00,INE831R14CW7, ,Commercial Papers,-,-,-,-
725359,birla Group Holdings Private Limited,BGHPL140823,birla Group Holdings Pvt Ltd,Delisted,F ,500000.00,INE09OL14DT5, ,Commercial Papers,-,-,-,-
725360,Hindustan Media Ventures Limited,HMVL14823,Hindustan Media Ventures Ltd,Delisted,F ,500000.00,INE871K14356, ,Commercial Papers,-,-,-,-
725361,SIKKA PORTS & TERMINALS LTD,SPTL14823,SIKKA PORTS & TERMINALS LTD,Delisted,F ,500000.00,INE941D14444, ,Commercial Papers,-,-,-,-
725362,Tata Power Co. Ltd,TPCL14823,Tata Power Co Ltd,Delisted,F ,500000.00,INE245A14IT9, ,Commercial Papers,-,-,-,-
725363,ONGC Petro additions Limited.,ONGCPL18223,ONGC Petro additions Ltd,Delisted,F ,500000.00,INE163N14337, ,Commercial Papers,-,-,-,-
725364,ARKA FINCAP LIMITED,AFL14823,ARKA FINCAP Ltd,Delisted,F ,500000.00,INE03W114443, ,Commercial Papers,-,-,-,-
725365,Adani Enterprises Ltd.,AEL14823,Adani Enterprises Ltd,Suspended,F ,500000.00,INE423A14TO0, ,Commercial Papers,-,-,-,-
725366,HT Media Ltd,HTML14823,HT Media Ltd,Delisted,F ,500000.00,INE501G14DG0, ,Commercial Papers,-,-,-,-
725367,Axis Securities Limited,ASL170823,Axis Securities Ltd,Delisted,F ,500000.00,INE110O14AP1, ,Commercial Papers,-,-,-,-
725368,Redington Limited,RL170823,Redington Ltd,Delisted,F ,500000.00,INE891D14XN6, ,Commercial Papers,-,-,-,-
725369,Network 18 Media & Investments Limited,NMIL170823,Network 18 Media & Investments Ltd,Delisted,F ,500000.00,INE870H14QY2, ,Commercial Papers,-,-,-,-
725370,Nuvama Wealth Management Limited,NWML17823,Nuvama Wealth Management Ltd,Delisted,F ,500000.00,INE531F14DG9, ,Commercial Papers,-,-,-,-
725371,Nuvama Wealth Management Limited,NWML17823A,Nuvama Wealth Management Ltd,Delisted,F ,500000.00,INE531F14DL9, ,Commercial Papers,-,-,-,-
725372,Tata Power Co. Ltd,TPCL17823,Tata Power Co Ltd,Delisted,F ,500000.00,INE245A14IU7, ,Commercial Papers,-,-,-,-
725373,Axis Finance Limited,AFL17823,Axis Finance Ltd,Delisted,F ,500000.00,INE891K14ML8, ,Commercial Papers,-,-,-,-
725374,Pilani Investment And Industries Corporation Limited,PIICL170823,Pilani Investment And Industries Corporation Ltd,Delisted,F ,500000.00,INE417C14561, ,Commercial Papers,-,-,-,-
725375,HDFC Credila Financial Services Ltd,HCFSL170823,HDFC Credila Financial Services Ltd,Delisted,F ,500000.00,INE539K14BE1, ,Commercial Papers,-,-,-,-
725376,ICICI HOME FINANCE COMPANY LIMITED,IHFCL18823,ICICI HOME FINANCE COMPANY Ltd,Delisted,F ,500000.00,INE071G14EV1, ,Commercial Papers,-,-,-,-
725377,Brookfield India Real Estate Trust,BIRET17823,Brookfield India Real Estate Trust,Suspended,F ,500000.00,INE0FDU14014, ,Commercial Papers,-,-,-,-
725378,ICICI Securities Limited,ISEC18823,ICICI Securities Ltd,Delisted,F ,500000.00,INE763G14QQ7, ,Commercial Papers,-,-,-,-
725379,J.K. CEMENT LTD,JKCL18823,JK CEMENT LTD,Delisted,F ,500000.00,INE823G14926, ,Commercial Papers,-,-,-,-
725380,HDFC Securities Limited,HSL180823,HDFC Securities Ltd,Delisted,F ,500000.00,INE700G14FX8, ,Commercial Papers,-,-,-,-
725381,Sterlite Technologies Limited.,STL180823,Sterlite Technologies Ltd,Delisted,F ,500000.00,INE089C14CW4, ,Commercial Papers,-,-,-,-
725382,Kotak Securities Limited,KSL180823,Kotak Securities Ltd,Delisted,F ,500000.00,INE028E14MB1, ,Commercial Papers,-,-,-,-
725383,STANDARD CHARTERED SECURITIES (INDIA) LIMITED,SCSL180823,STANDARD CHARTERED SECURITIES (INDIA) Ltd,Delisted,F ,500000.00,INE472H14201, ,Commercial Papers,-,-,-,-
725384,HDFC Securities Limited,HSL210823,HDFC Securities Ltd,Delisted,F ,500000.00,INE700G14FY6, ,Commercial Papers,-,-,-,-
725385,Motilal Oswal Finvest Limited,MOFL18823,Motilal Oswal Finvest Ltd,Delisted,F ,500000.00,INE01WN14AC3, ,Commercial Papers,-,-,-,-
725386,Motilal Oswal Finvest Limited,MOFL18823A,Motilal Oswal Finvest Ltd,Suspended,F ,500000.00,INE01WN14AB5, ,Commercial Papers,-,-,-,-
725387,birla Group Holdings Private Limited,BGHPL21823,birla Group Holdings Pvt Ltd,Delisted,F ,500000.00,INE09OL14DU3, ,Commercial Papers,-,-,-,-
725388,Nuvama Wealth Finance Limited,NWFL21823,Nuvama Wealth Finance Ltd,Delisted,F ,500000.00,INE918K14AM2, ,Commercial Papers,-,-,-,-
725389,Aditya Birla Fashion and Retail Limited,ABFRL21823,Aditya Birla Fashion and Retail Ltd,Delisted,F ,500000.00,INE647O14EV2, ,Commercial Papers,-,-,-,-
725390,Kotak Mahindra Prime Limited,KMPL220823,Kotak Mahindra Prime Ltd,Suspended,F ,500000.00,INE916D142R6, ,Commercial Papers,-,-,-,-
725391,Jamnagar Utilities & Power Private Limited,JUPPL210823,Jamnagar Utilities & Power Pvt Ltd,Delisted,F ,500000.00,INE936D14295, ,Commercial Papers,-,-,-,-
725392,Kotak Mahindra Prime Limited,KMPL22823,Kotak Mahindra Prime Ltd,Suspended,F ,500000.00,INE916D142S4, ,Commercial Papers,-,-,-,-
725393,Tata Power Co. Ltd,TPCL220823,Tata Power Co Ltd,Delisted,F ,500000.00,INE245A14IV5, ,Commercial Papers,-,-,-,-
725394,Bajaj Financial Securities Limited,BFSL210823,Bajaj Financial Securities Ltd,Delisted,F ,500000.00,INE01C314494, ,Commercial Papers,-,-,-,-
725395,Bajaj Housing Finance Limited,BHFL210823,Bajaj Housing Finance Ltd,Delisted,F ,500000.00,INE377Y14AJ8, ,Commercial Papers,-,-,-,-
725396,ICICI Securities Limited,ISEC22823,ICICI Securities Ltd,Delisted,F ,500000.00,INE763G14QR5, ,Commercial Papers,-,-,-,-
725397,Tata Housing Development Company Limited,THDCL21823,Tata Housing Development Company Ltd,Delisted,F ,500000.00,INE582L14GX8, ,Commercial Papers,-,-,-,-
725398,ICICI HOME FINANCE COMPANY LIMITED,IHFCL22823,ICICI HOME FINANCE COMPANY Ltd,Delisted,F ,500000.00,INE071G14EW9, ,Commercial Papers,-,-,-,-
725399,Bajaj Finance Limited,BFL21823,Bajaj Finance Ltd,Delisted,F ,500000.00,INE296A14VL2, ,Commercial Papers,-,-,-,-
725400,L&T Metro Rail (Hyderabad) Limited,LTMRH220823,L&T Metro Rail (Hyderabad) Ltd,Delisted,F ,500000.00,INE128M14605, ,Commercial Papers,-,-,-,-
725401,Bajaj Finance Limited,BFL220823,Bajaj Finance Ltd,Delisted,F ,500000.00,INE296A14VM0, ,Commercial Papers,-,-,-,-
725402,Axis Securities Limited,ASL220823,Axis Securities Ltd,Delisted,F ,500000.00,INE110O14AQ9, ,Commercial Papers,-,-,-,-
725403,Motilal Oswal Financial Services Limited,MOFSL22823,Motilal Oswal Financial Services Ltd,Delisted,F ,500000.00,INE338I14FE3, ,Commercial Papers,-,-,-,-
725404,Bajaj Housing Finance Limited,BHFL22823,Bajaj Housing Finance Ltd,Suspended,F ,500000.00,INE377Y14AK6, ,Commercial Papers,-,-,-,-
725405,Aditya Birla Housing Finance Limited,ABHFL22823,Aditya Birla Housing Finance Ltd,Delisted,F ,500000.00,INE831R14CX5, ,Commercial Papers,-,-,-,-
725406,Tata Realty and Infrastructure Limited,TRIL22823,Tata Realty and Infrastructure Ltd,Delisted,F ,500000.00,INE371K14BM2, ,Commercial Papers,-,-,-,-
725407,HDFC Securities Limited,HDFCSL23823,HDFC Securities Ltd,Delisted,F ,500000.00,INE700G14FZ3, ,Commercial Papers,-,-,-,-
725408,JSW Energy Limited,JSWEL230823,JSW Energy Ltd,Delisted,F ,500000.00,INE121E14318, ,Commercial Papers,-,-,-,-
725409,STANDARD CHARTERED CAPITAL LIMITED,SCCL220823,STANDARD CHARTERED CAPITAL Ltd,Suspended,F ,500000.00,INE403G14RK1, ,Commercial Papers,-,-,-,-
725410,Axis Finance Limited,AFL230823,Axis Finance Ltd,Delisted,F ,500000.00,INE891K14MM6, ,Commercial Papers,-,-,-,-
725411,Bajaj Housing Finance Limited,BHFL23823,Bajaj Housing Finance Ltd,Suspended,F ,500000.00,INE377Y14AL4, ,Commercial Papers,-,-,-,-
725412,POONAWALLA FINCORP LIMITED,PFL23823,POONAWALLA FINCORP Ltd,Delisted,F ,500000.00,INE511C14VI6, ,Commercial Papers,-,-,-,-
725413,Tata Power Co. Ltd,TPCL24823,Tata Power Co Ltd,Delisted,F ,500000.00,INE245A14IW3, ,Commercial Papers,-,-,-,-
725414,Tata Power Co. Ltd,TPCL24823A,Tata Power Co Ltd,Delisted,F ,500000.00,INE245A14IX1, ,Commercial Papers,-,-,-,-
725415,Motilal Oswal Financial Services Limited,MOFSL23823,Motilal Oswal Financial Services Ltd,Delisted,F ,500000.00,INE338I14FF0, ,Commercial Papers,-,-,-,-
725416,GIC Housing Finance Ltd.,GICHFL24823,GIC Housing Finance Ltd,Delisted,F ,500000.00,INE289B14IP3, ,Commercial Papers,-,-,-,-
725417,Kotak Securities Limited,KSL240823,Kotak Securities Ltd,Delisted,F ,500000.00,INE028E14MC9, ,Commercial Papers,-,-,-,-
725418,HDFC Securities Limited,HSL240823,HDFC Securities Ltd,Delisted,F ,500000.00,INE700G14GA4, ,Commercial Papers,-,-,-,-
725419,Godrej Finance Limited,GFL240823,Godrej Finance Ltd,Delisted,F ,500000.00,INE02KN14119, ,Commercial Papers,-,-,-,-
725420,Kotak Mahindra Investments Limited,KMIL240823,Kotak Mahindra Investments Ltd,Suspended,F ,500000.00,INE975F14YV3, ,Commercial Papers,-,-,-,-
725421,Kotak Mahindra Investments Limited,KMIL24823,Kotak Mahindra Investments Ltd,Suspended,F ,500000.00,INE975F14YU5, ,Commercial Papers,-,-,-,-
725422,Julius Baer Capital (India) Private Limited,JBCPL25823,Julius Baer Capital (India) Pvt Ltd,Delisted,F ,500000.00,INE824H14MG5, ,Commercial Papers,-,-,-,-
725423,Godrej Finance Limited,GFL250823,Godrej Finance Ltd,Delisted,F ,500000.00,INE02KN14127, ,Commercial Papers,-,-,-,-
725424,Motilal Oswal Financial Services Limited,MOFSL24823,Motilal Oswal Financial Services Ltd,Suspended,F ,500000.00,INE338I14FH6, ,Commercial Papers,-,-,-,-
725425,ONGC Petro additions Limited.,OPAL24823,ONGC Petro additions Ltd,Delisted,F ,500000.00,INE163N14345, ,Commercial Papers,-,-,-,-
725426,Network 18 Media & Investments Limited,NMIL25823,Network 18 Media & Investments Ltd,Delisted,F ,500000.00,INE870H14QZ9, ,Commercial Papers,-,-,-,-
725427,ICICI Securities Limited,ISL25823,ICICI Securities Ltd,Delisted,F ,500000.00,INE763G14QS3, ,Commercial Papers,-,-,-,-
725428,Reliance Retail Ventures Limited,RRVL25823,Reliance Retail Ventures Ltd,Delisted,F ,500000.00,INE929O14AV2, ,Commercial Papers,-,-,-,-
725429,CaratLane Trading Private Limited,CTPL280823,CaratLane Trading Pvt Ltd,Delisted,F ,500000.00,INE015Y14500, ,Commercial Papers,-,-,-,-
725430,ECL Finance Limited,ECLFL25823,ECL Finance Ltd,Delisted,F ,500000.00,INE804I14WG4, ,Commercial Papers,-,-,-,-
725431,SBICAP Securities Limited,SSL250823,SBICAP Securities Ltd,Delisted,F ,500000.00,INE212K14155, ,Commercial Papers,-,-,-,-
725432,BOBCARD LIMITED,BFSL250823,BOB Financial Solutions Ltd,Delisted,F ,500000.00,INE027214464, ,Commercial Papers,-,-,-,-
725433,Sterlite Technologies Limited.,STL28823,Sterlite Technologies Ltd,Delisted,F ,500000.00,INE089C14CX2, ,Commercial Papers,-,-,-,-
725434,Bajaj Housing Finance Limited,BHFL25823,Bajaj Housing Finance Ltd,Suspended,F ,500000.00,INE377Y14AM2, ,Commercial Papers,-,-,-,-
725435,Can Fin Homes Ltd.,CFHL25823,Can Fin Homes Ltd,Delisted,F ,500000.00,INE477A14CM6, ,Commercial Papers,-,-,-,-
725436,Axis Securities Limited,ASL25823,Axis Securities Ltd,Delisted,F ,500000.00,INE110O14AR7, ,Commercial Papers,-,-,-,-
725437,birla Group Holdings Private Limited,BGHPL28823,birla Group Holdings Pvt Ltd,Delisted,F ,500000.00,INE09OL14DV1, ,Commercial Papers,-,-,-,-
725438,Julius Baer Capital (India) Private Limited,JBCPL28823,Julius Baer Capital (India) Pvt Ltd,Delisted,F ,500000.00,INE824H14MH3, ,Commercial Papers,-,-,-,-
725439,Motilal Oswal Financial Services Limited,MOFSL28823,Motilal Oswal Financial Services Ltd,Delisted,F ,500000.00,INE338I14FJ2, ,Commercial Papers,-,-,-,-
725440,Infina Finance Private Limited,IFPL280823,Infina Finance Pvt Ltd,Delisted,F ,500000.00,INE879F14HW0, ,Commercial Papers,-,-,-,-
725441,POONAWALLA FINCORP LIMITED,PFL280823,POONAWALLA FINCORP Ltd,Delisted,F ,500000.00,INE511C14VJ4, ,Commercial Papers,-,-,-,-
725442,Kotak Mahindra Investments Limited,KMIL28823,Kotak Mahindra Investments Ltd,Delisted,F ,500000.00,INE975F14YX9, ,Commercial Papers,-,-,-,-
725443,Kotak Mahindra Investments Limited,KMIL28823A,Kotak Mahindra Investments Ltd,Suspended,F ,500000.00,INE975F14YW1, ,Commercial Papers,-,-,-,-
725444,Axis Securities Limited,ASL29823,Axis Securities Ltd,Delisted,F ,500000.00,INE110O14AS5, ,Commercial Papers,-,-,-,-
725445,Time Technoplast Limited,TTL29823,Time Technoplast Ltd,Delisted,F ,500000.00,INE508G14EM1, ,Commercial Papers,-,-,-,-
725446,Aditya Birla Fashion and Retail Limited,ABFRL280823,Aditya Birla Fashion and Retail Ltd,Delisted,F ,500000.00,INE647O14EW0, ,Commercial Papers,-,-,-,-
725447,Bajaj Finance Limited,BFL28823,Bajaj Finance Ltd,Active,F ,500000.00,INE296A14VN8, ,Commercial Papers,-,-,-,-
725448,SIKKA PORTS & TERMINALS LTD,SPTL280823,SIKKA PORTS & TERMINALS LTD,Delisted,F ,500000.00,INE941D14451, ,Commercial Papers,-,-,-,-
725449,VIVRITI CAPITAL LIMITED,VCL280823,VIVRITI CAPITAL Ltd,Suspended,F ,500000.00,INE01HV14292, ,Commercial Papers,-,-,-,-
725450,birla Group Holdings Private Limited,BGHPL29823,birla Group Holdings Pvt Ltd,Delisted,F ,500000.00,INE09OL14DW9, ,Commercial Papers,-,-,-,-
725451,Axis Finance Limited,AFL290823,Axis Finance Ltd,Delisted,F ,500000.00,INE891K14MN4, ,Commercial Papers,-,-,-,-
725452,HDFC Securities Limited,HSL290823,HDFC Securities Ltd,Delisted,F ,500000.00,INE700G14GB2, ,Commercial Papers,-,-,-,-
725453,Network 18 Media & Investments Limited,NMIL290823,Network 18 Media & Investments Ltd,Delisted,F ,500000.00,INE870H14RA0, ,Commercial Papers,-,-,-,-
725454,Kotak Mahindra Investments Limited,KMIL290823,Kotak Mahindra Investments Ltd,Suspended,F ,500000.00,INE975F14YY7, ,Commercial Papers,-,-,-,-
725455,Motilal Oswal Finvest Limited,MOFL290823,Motilal Oswal Finvest Ltd,Delisted,F ,500000.00,INE01WN14AD1, ,Commercial Papers,-,-,-,-
725456,Sterlite Technologies Limited.,STL30823,Sterlite Technologies Ltd,Delisted,F ,500000.00,INE089C14CY0, ,Commercial Papers,-,-,-,-
725457,Nuvama Wealth and Investment Limited,NWIL30823,Nuvama Wealth and Investment Ltd,Delisted,F ,500000.00,INE523L14542, ,Commercial Papers,-,-,-,-
725458,Sharekhan Limited,SL30823,Sharekhan Ltd,Delisted,F ,500000.00,INE211H14716, ,Commercial Papers,-,-,-,-
725459,Sharekhan Limited,SL29823,Sharekhan Ltd,Delisted,F ,500000.00,INE211H14724, ,Commercial Papers,-,-,-,-
725460,UGRO CAPITAL LIMITED,UCL29823,UGRO CAPITAL Ltd,Delisted,F ,500000.00,INE583D14279, ,Commercial Papers,-,-,-,-
725461,Motilal Oswal Financial Services Limited,MOFSL29823,Motilal Oswal Financial Services Ltd,Delisted,F ,500000.00,INE338I14FI4, ,Commercial Papers,-,-,-,-
725462,360 ONE WAM LIMITED,OWL290823,360 ONE WAM Ltd,Delisted,F ,500000.00,INE466L14CB9, ,Commercial Papers,-,-,-,-
725463,Motilal Oswal Financial Services Limited,MOFSL30823,Motilal Oswal Financial Services Ltd,Active,F ,500000.00,INE338I14FK0, ,Commercial Papers,-,-,-,-
725464,POONAWALLA FINCORP LIMITED,PFL290823,POONAWALLA FINCORP Ltd,Delisted,F ,500000.00,INE511C14VK2, ,Commercial Papers,-,-,-,-
725465,Nuvama Wealth Finance Limited,NWFL300823,Nuvama Wealth Finance Ltd,Delisted,F ,500000.00,INE918K14AN0, ,Commercial Papers,-,-,-,-
725466,Bajaj Financial Securities Limited,BFSL29823,Bajaj Financial Securities Ltd,Delisted,F ,500000.00,INE01C314502, ,Commercial Papers,-,-,-,-
725467,Bajaj Finance Limited,BFL29823,Bajaj Finance Ltd,Active,F ,500000.00,INE296A14VO6, ,Commercial Papers,-,-,-,-
725468,STANDARD CHARTERED CAPITAL LIMITED,SCCL300823,STANDARD CHARTERED CAPITAL Ltd,Active,F ,500000.00,INE403G14RL9, ,Commercial Papers,-,-,-,-
725469,L&T Metro Rail (Hyderabad) Limited,LTMRH31823,L&T Metro Rail (Hyderabad) Ltd,Delisted,F ,500000.00,INE128M14613, ,Commercial Papers,-,-,-,-
725470,Julius Baer Capital (India) Private Limited,JBCPL31823,Julius Baer Capital (India) Pvt Ltd,Delisted,F ,500000.00,INE824H14MI1, ,Commercial Papers,-,-,-,-
725471,IndoStar Capital Finance Limited,ISCFL30823,IndoStar Capital Finance Ltd,Delisted,F ,500000.00,INE896L14DE9, ,Commercial Papers,-,-,-,-
725472,Kotak Mahindra Investments Limited,KMIL30823,Kotak Mahindra Investments Ltd,Suspended,F ,500000.00,INE975F14YZ4, ,Commercial Papers,-,-,-,-
725473,Shriram Housing Finance Limited,SHFL30823,Shriram Housing Finance Ltd,Active,F ,500000.00,INE432R14253, ,Commercial Papers,-,-,-,-
725474,Bajaj Finance Limited,BFL30823,Bajaj Finance Ltd,Active,F ,500000.00,INE296A14VP3, ,Commercial Papers,-,-,-,-
725475,HDFC Securities Limited,HSL310823,HDFC Securities Ltd,Delisted,F ,500000.00,INE700G14GD8, ,Commercial Papers,-,-,-,-
725476,HDFC Securities Limited,HSL31823,HDFC Securities Ltd,Delisted,F ,500000.00,INE700G14GC0, ,Commercial Papers,-,-,-,-
725477,Samvardhana Motherson International Limited,SMIL31823,Samvardhana Motherson International Ltd,Delisted,F ,500000.00,INE775A14772, ,Commercial Papers,-,-,-,-
725478,ICICI Securities Limited,ISECL310923,ICICI Securities Ltd,Delisted,F ,500000.00,INE763G14QT1, ,Commercial Papers,-,-,-,-
725479,Kotak Securities Limited,KSL1923,Kotak Securities Ltd,Delisted,F ,500000.00,INE028E14MD7, ,Commercial Papers,-,-,-,-
725480,Network 18 Media & Investments Limited,N18MIL01923,Network 18 Media & Investments Ltd,Delisted,F ,500000.00,INE870H14RB8, ,Commercial Papers,-,-,-,-
725481,Motilal Oswal Financial Services Limited,MOFSL310823,Motilal Oswal Financial Services Ltd,Active,F ,500000.00,INE338I14FG8, ,Commercial Papers,-,-,-,-
725482,KALPATARU PROJECTS INTERNATIONAL LIMITED,KPIL310823,KALPATARU PROJECTS INTERNATIONAL Ltd,Delisted,F ,500000.00,INE220B14AZ4, ,Commercial Papers,-,-,-,-
725483,HDFC Securities Limited,HSL010923,HDFC Securities Ltd,Delisted,F ,500000.00,INE700G14GE6, ,Commercial Papers,-,-,-,-
725484,HDFC Securities Limited,HSL10923,HDFC Securities Ltd,Delisted,F ,500000.00,INE700G14GF3, ,Commercial Papers,-,-,-,-
725485,Bajaj Financial Securities Limited,BFSL4923,Bajaj Financial Securities Ltd,Delisted,F ,500000.00,INE01C314510, ,Commercial Papers,-,-,-,-
725486,ICICI Securities Limited,ISL040923,ICICI Securities Ltd,Delisted,F ,500000.00,INE763G14QU9, ,Commercial Papers,-,-,-,-
725487,SBICAP Securities Limited,SCSL1923,SBICAP Securities Ltd,Delisted,F ,500000.00,INE212K14163, ,Commercial Papers,-,-,-,-
725488,BOBCARD LIMITED,BOBFSL1923,BOB Financial Solutions Ltd,Delisted,F ,500000.00,INE027214472, ,Commercial Papers,-,-,-,-
725489,TV18 Broadcast Ltd.,TVBL010923,TV18 Broadcast Ltd,Delisted,F ,500000.00,INE886H14IT5, ,Commercial Papers,-,-,-,-
725490,Can Fin Homes Ltd.,CFHL010923,Can Fin Homes Ltd,Delisted,F ,500000.00,INE477A14CO2, ,Commercial Papers,-,-,-,-
725491,Can Fin Homes Ltd.,CFHL010923A,Can Fin Homes Ltd,Delisted,F ,500000.00,INE477A14CN4, ,Commercial Papers,-,-,-,-
725492,Reliance Retail Ventures Limited,RRVL010923,Reliance Retail Ventures Ltd,Delisted,F ,500000.00,INE929O14AW0, ,Commercial Papers,-,-,-,-
725493,Reliance Retail Ventures Limited,RRVL040923,Reliance Retail Ventures Ltd,Delisted,F ,500000.00,INE929O14AX8, ,Commercial Papers,-,-,-,-
725494,Larsen & Toubro Limited,LTL4923,Larsen & Toubro Ltd,Delisted,F ,500000.00,INE018A14JY8, ,Commercial Papers,-,-,-,-
725495,Nuvama Wealth Management Limited,NWML40923,Nuvama Wealth Management Ltd,Delisted,F ,500000.00,INE531F14DM7, ,Commercial Papers,-,-,-,-
725496,Axis Securities Limited,ASL40923,Axis Securities Ltd,Delisted,F ,500000.00,INE110O14AT3, ,Commercial Papers,-,-,-,-
725497,Bajaj Financial Securities Limited,BFSL5923,Bajaj Financial Securities Ltd,Delisted,F ,500000.00,INE01C314528, ,Commercial Papers,-,-,-,-
725498,Godrej Housing Finance Limited,GHFL040923,Godrej Housing Finance Ltd,Delisted,F ,500000.00,INE02JD14278, ,Commercial Papers,-,-,-,-
725499,Network 18 Media & Investments Limited,NMIL50923,Network 18 Media & Investments Ltd,Delisted,F ,500000.00,INE870H14RC6, ,Commercial Papers,-,-,-,-
725500,TV18 Broadcast Ltd.,TVBL50923,TV18 Broadcast Ltd,Delisted,F ,500000.00,INE886H14IU3, ,Commercial Papers,-,-,-,-
725501,Motilal Oswal Financial Services Limited,MOFSL50923,Motilal Oswal Financial Services Ltd,Delisted,F ,500000.00,INE338I14FL8, ,Commercial Papers,-,-,-,-
725502,Network 18 Media & Investments Limited,NMIL60923,Network 18 Media & Investments Ltd,Delisted,F ,500000.00,INE870H14RD4, ,Commercial Papers,-,-,-,-
725503,HDFC Securities Limited,HSL60923,HDFC Securities Ltd,Delisted,F ,500000.00,INE700G14GH9, ,Commercial Papers,-,-,-,-
725504,ICICI HOME FINANCE COMPANY LIMITED,IHFCL5923,ICICI HOME FINANCE COMPANY Ltd,Delisted,F ,500000.00,INE071G14EX7, ,Commercial Papers,-,-,-,-
725505,ICICI HOME FINANCE COMPANY LIMITED,IHFCL6923,ICICI HOME FINANCE COMPANY Ltd,Delisted,F ,500000.00,INE071G14EY5, ,Commercial Papers,-,-,-,-
725506,Nuvama Wealth Finance Limited,NWFL5923,Nuvama Wealth Finance Ltd,Delisted,F ,500000.00,INE918K14AO8, ,Commercial Papers,-,-,-,-
725507,Axis Securities Limited,ASL6923,Axis Securities Ltd,Delisted,F ,500000.00,INE110O14AU1, ,Commercial Papers,-,-,-,-
725508,The Ramco Cements Limited,TRCL5923,The Ramco Cements Ltd,Delisted,F ,500000.00,INE331A14NL4, ,Commercial Papers,-,-,-,-
725509,Julius Baer Capital (India) Private Limited,JBCPL5923,Julius Baer Capital (India) Pvt Ltd,Delisted,F ,500000.00,INE824H14MJ9, ,Commercial Papers,-,-,-,-
725510,HDFC Securities Limited,HSL050923,HDFC Securities Ltd,Delisted,F ,500000.00,INE700G14GG1, ,Commercial Papers,-,-,-,-
725511,Titan Company Limited,TCL050923,Titan Company Ltd,Delisted,F ,500000.00,INE280A14278, ,Commercial Papers,-,-,-,-
725512,360 ONE WAM LIMITED,OWL050923,360 ONE WAM Ltd,Delisted,F ,500000.00,INE466L14CC7, ,Commercial Papers,-,-,-,-
725513,TATA STEEL LIMITED,TSL6923,TATA STEEL Ltd,Delisted,F ,500000.00,INE081A14EL4, ,Commercial Papers,-,-,-,-
725514,Data Infrastructure Trust,DIT6923,Data Infrastructure Trust,Active,F ,500000.00,INE0BWS14017, ,Commercial Papers,-,-,-,-
725515,Larsen & Toubro Limited,LTL7923,Larsen & Toubro Ltd,Delisted,F ,500000.00,INE018A14JZ5, ,Commercial Papers,-,-,-,-
725516,Nuvama Wealth Finance Limited,NWFL7923,Nuvama Wealth Finance Ltd,Delisted,F ,500000.00,INE918K14AP5, ,Commercial Papers,-,-,-,-
725517,Time Technoplast Limited,TTL7923,Time Technoplast Ltd,Suspended,F ,500000.00,INE508G14EO7, ,Commercial Papers,-,-,-,-
725518,STANDARD CHARTERED CAPITAL LIMITED,SCCL7923,STANDARD CHARTERED CAPITAL Ltd,Suspended,F ,500000.00,INE403G14RM7, ,Commercial Papers,-,-,-,-
725519,CaratLane Trading Private Limited,CTPL6923,CaratLane Trading Pvt Ltd,Delisted,F ,500000.00,INE015Y14518, ,Commercial Papers,-,-,-,-
725520,Nuvama Wealth Management Limited,NWML060923,Nuvama Wealth Management Ltd,Delisted,F ,500000.00,INE531F14DN5, ,Commercial Papers,-,-,-,-
725521,Tata Power Co. Ltd,TPCL6923,Tata Power Co Ltd,Delisted,F ,500000.00,INE245AI4IY9, ,Commercial Papers,-,-,-,-
725522,ICICI Securities Limited,ISL7923,ICICI Securities Ltd,Delisted,F ,500000.00,INE763G14QV7, ,Commercial Papers,-,-,-,-
725523,Manappuram Finance Limited,MFL6923,Manappuram Finance Ltd,Delisted,F ,500000.00,INE522D14NY5, ,Commercial Papers,-,-,-,-
725524,Kotak Mahindra Investments Limited,KMIL6923,Kotak Mahindra Investments Ltd,Delisted,F ,500000.00,INE975F14ZA4, ,Commercial Papers,-,-,-,-
725525,Tata Realty and Infrastructure Limited,TRIL6923,Tata Realty and Infrastructure Ltd,Delisted,F ,500000.00,INE371K14BN0, ,Commercial Papers,-,-,-,-
725526,Aditya Birla Fashion and Retail Limited,ABFRL7923,Aditya Birla Fashion and Retail Ltd,Delisted,F ,500000.00,INE647O14EX8, ,Commercial Papers,-,-,-,-
725527,Network 18 Media & Investments Limited,N18MIL8923,Network 18 Media & Investments Ltd,Delisted,F ,500000.00,INE870H14RF9, ,Commercial Papers,-,-,-,-
725528,Kotak Mahindra Prime Limited,KMPL8923,Kotak Mahindra Prime Ltd,Delisted,F ,500000.00,INE916D142T2, ,Commercial Papers,-,-,-,-
725529,SIKKA PORTS & TERMINALS LTD,SPTL8923,SIKKA PORTS & TERMINALS LTD,Delisted,F ,500000.00,INE941D14469, ,Commercial Papers,-,-,-,-
725530,360 ONE Prime Limited,360OPL7923,360 ONE Prime Ltd,Delisted,F ,500000.00,INE248U14NV7, ,Commercial Papers,-,-,-,-
725531,Godrej Housing Finance Limited,GHFL070923,Godrej Housing Finance Ltd,Delisted,F ,500000.00,INE02JD14286, ,Commercial Papers,-,-,-,-
725532,Nuvama Wealth and Investment Limited,NWIL7932,Nuvama Wealth and Investment Ltd,Delisted,F ,500000.00,INE523L14559, ,Commercial Papers,-,-,-,-
725533,Godrej Finance Limited,GFL070923,Godrej Finance Ltd,Delisted,F ,500000.00,INE02KN14135, ,Commercial Papers,-,-,-,-
725534,Motilal Oswal Finvest Limited,MOFL070923,Motilal Oswal Finvest Ltd,Delisted,F ,500000.00,INE01WN14AE9, ,Commercial Papers,-,-,-,-
725535,Motilal Oswal Finvest Limited,MOFL7923,Motilal Oswal Finvest Ltd,Delisted,F ,500000.00,INE01WN14AF6, ,Commercial Papers,-,-,-,-
725536,Julius Baer Capital (India) Private Limited,JBCPL070923,Julius Baer Capital (India) Pvt Ltd,Delisted,F ,500000.00,INE824H14MK7, ,Commercial Papers,-,-,-,-
725537,HDFC Securities Limited,HSL080923,HDFC Securities Ltd,Delisted,F ,500000.00,INE700G14GI7, ,Commercial Papers,-,-,-,-
725538,TV18 Broadcast Ltd.,TBL080923,TV18 Broadcast Ltd,Delisted,F ,500000.00,INE886H14IV1, ,Commercial Papers,-,-,-,-
725539,Motilal Oswal Financial Services Limited,MOFSL7923,Motilal Oswal Financial Services Ltd,Delisted,F ,500000.00,INE338I14FM6, ,Commercial Papers,-,-,-,-
725540,Kotak Securities Limited,KSL7923,Kotak Securities Ltd,Delisted,F ,500000.00,INE028E14ME5, ,Commercial Papers,-,-,-,-
725541,Infina Finance Private Limited,IFPL080923,Infina Finance Pvt Ltd,Delisted,F ,500000.00,INE879F14HX8, ,Commercial Papers,-,-,-,-
725542,Northern Arc Capital Ltd.,NACL080823,Northern Arc Capital Ltd,Delisted,F ,500000.00,INE850M14BU4, ,Commercial Papers,-,-,-,-
725543,HDFC Securities Limited,HSL110923,HDFC Securities Ltd,Delisted,F ,500000.00,INE700G14GJ5, ,Commercial Papers,-,-,-,-
725544,Bajaj Finance Limited,BFL080923,Bajaj Finance Ltd,Delisted,F ,500000.00,INE296A14VQ1, ,Commercial Papers,-,-,-,-
725545,STANDARD CHARTERED CAPITAL LIMITED,SCCL11923,STANDARD CHARTERED CAPITAL Ltd,Active,F ,500000.00,INE403G14RN5, ,Commercial Papers,-,-,-,-
725546,Julius Baer Capital (India) Private Limited,JBCPL110923,Julius Baer Capital (India) Pvt Ltd,Delisted,F ,500000.00,INE824H14ML5, ,Commercial Papers,-,-,-,-
725547,Julius Baer Capital (India) Private Limited,JBCPL11923,Julius Baer Capital (India) Pvt Ltd,Delisted,F ,500000.00,INE824H14MM3, ,Commercial Papers,-,-,-,-
725548,Manappuram Finance Limited,MFL8923,Manappuram Finance Ltd,Delisted,F ,500000.00,INE522D14NX7, ,Commercial Papers,-,-,-,-
725549,Network 18 Media & Investments Limited,N18MIL11923,Network 18 Media & Investments Ltd,Delisted,F ,500000.00,INE870H14RE2, ,Commercial Papers,-,-,-,-
725550,TATA STEEL LIMITED,TSL8923,TATA STEEL Ltd,Delisted,F ,500000.00,INE081A14EJ8, ,Commercial Papers,-,-,-,-
725551,TATA STEEL LIMITED,TSL08923,TATA STEEL Ltd,Delisted,F ,500000.00,INE081A14EK6, ,Commercial Papers,-,-,-,-
725552,TV18 Broadcast Ltd.,TV18BL11923,TV18 Broadcast Ltd,Delisted,F ,500000.00,INE886H14IW9, ,Commercial Papers,-,-,-,-
725553,Adani Enterprises Ltd.,AEL110923,Adani Enterprises Ltd,Suspended,F ,500000.00,INE423A14TR3, ,Commercial Papers,-,-,-,-
725554,Sterlite Technologies Limited.,STL120923,Sterlite Technologies Ltd,Delisted,F ,500000.00,INE089C14CZ7, ,Commercial Papers,-,-,-,-
725555,Motilal Oswal Financial Services Limited,MOFSL11923,Motilal Oswal Financial Services Ltd,Delisted,F ,500000.00,INE338I14FO2, ,Commercial Papers,-,-,-,-
725556,SBICAP Securities Limited,SBICSL11923,SBICAP Securities Ltd,Delisted,F ,500000.00,INE212K14171, ,Commercial Papers,-,-,-,-
725557,CaratLane Trading Private Limited,CTPL120923,CaratLane Trading Pvt Ltd,Delisted,F ,500000.00,INE015Y14526, ,Commercial Papers,-,-,-,-
725558,Julius Baer Capital (India) Private Limited,JBCPL12923,Julius Baer Capital (India) Pvt Ltd,Delisted,F ,500000.00,INE824H14MN1, ,Commercial Papers,-,-,-,-
725559,Bajaj Finance Limited,BFL11092023,Bajaj Finance Ltd,Delisted,F ,500000.00,INE296A14VR9, ,Commercial Papers,-,-,-,-
725560,360 ONE Prime Limited,360OPL11923,360 ONE Prime Ltd,Delisted,F ,500000.00,INE248U14NW5, ,Commercial Papers,-,-,-,-
725561,Larsen & Toubro Limited,LTL120923,Larsen & Toubro Ltd,Delisted,F ,500000.00,INE018A14KA6, ,Commercial Papers,-,-,-,-
725562,birla Group Holdings Private Limited,BGHPL13923,birla Group Holdings Pvt Ltd,Delisted,F ,500000.00,INE09OL14DX7, ,Commercial Papers,-,-,-,-
725563,POONAWALLA FINCORP LIMITED,PFL12923,POONAWALLA FINCORP Ltd,Delisted,F ,500000.00,INE511C14VM8, ,Commercial Papers,-,-,-,-
725564,POONAWALLA FINCORP LIMITED,PFL12923A,POONAWALLA FINCORP Ltd,Delisted,F ,500000.00,INE511C14VL0, ,Commercial Papers,-,-,-,-
725565,Bajaj Finance Limited,BFL12923,Bajaj Finance Ltd,Delisted,F ,500000.00,INE296A14VS7, ,Commercial Papers,-,-,-,-
725566,HDFC Securities Limited,HSL130923,HDFC Securities Ltd,Delisted,F ,500000.00,INE700G14GK3, ,Commercial Papers,-,-,-,-
725567,Infina Finance Private Limited,IFPL120923,Infina Finance Pvt Ltd,Delisted,F ,500000.00,INE879F14HZ3, ,Commercial Papers,-,-,-,-
725568,VIVRITI CAPITAL LIMITED,VCL12923,VIVRITI CAPITAL Ltd,Delisted,F ,500000.00,INE01HV14300, ,Commercial Papers,-,-,-,-
725569,Redington Limited,RL130923,Redington Ltd,Delisted,F ,500000.00,INE891D14XO4, ,Commercial Papers,-,-,-,-
725570,Tata Housing Development Company Limited,THDCL120923,Tata Housing Development Company Ltd,Suspended,F ,500000.00,INE582L14GY6, ,Commercial Papers,-,-,-,-
725571,Grasim Industries Ltd,GIL130923,Grasim Industries Ltd,Delisted,F ,500000.00,INE047A14834, ,Commercial Papers,-,-,-,-
725572,Axis Securities Limited,ASL130923,Axis Securities Ltd,Delisted,F ,500000.00,INE110O14AV9, ,Commercial Papers,-,-,-,-
725573,TATA STEEL LIMITED,TSL130923,TATA STEEL Ltd,Delisted,F ,500000.00,INE081A14EM2, ,Commercial Papers,-,-,-,-
725574,TATA STEEL LIMITED,TSL130923A,TATA STEEL Ltd,Delisted,F ,500000.00,INE081A14EN0, ,Commercial Papers,-,-,-,-
725575,Infina Finance Private Limited,IFPL13923,Infina Finance Pvt Ltd,Delisted,F ,500000.00,INE879F14HY6, ,Commercial Papers,-,-,-,-
725576,Titan Company Limited,TCL130923,Titan Company Ltd,Delisted,F ,500000.00,INE280A14294, ,Commercial Papers,-,-,-,-
725577,Titan Company Limited,TCL130923A,Titan Company Ltd,Delisted,F ,500000.00,INE280A14286, ,Commercial Papers,-,-,-,-
725578,Redington Limited,RL14923,Redington Ltd,Delisted,F ,500000.00,INE891D14XP1, ,Commercial Papers,-,-,-,-
725579,Julius Baer Capital (India) Private Limited,JBCPL140923,Julius Baer Capital (India) Pvt Ltd,Suspended,F ,500000.00,INE824H14MO9, ,Commercial Papers,-,-,-,-
725580,Bharat Heavy Electricals Ltd.,BHEL140923,Bharat Heavy Electricals Ltd,Delisted,F ,500000.00,INE257A14888, ,Commercial Papers,-,-,-,-
725581,SBICAP Securities Limited,SSL130923,SBICAP Securities Ltd,Delisted,F ,500000.00,INE212K14189, ,Commercial Papers,-,-,-,-
725582,360 ONE Prime Limited,360OPL13923,360 ONE Prime Ltd,Suspended,F ,500000.00,INE248U14NX3, ,Commercial Papers,-,-,-,-
725583,Kotak Securities Limited,KSL14923,Kotak Securities Ltd,Delisted,F ,500000.00,INE028E14MF2, ,Commercial Papers,-,-,-,-
725584,Godrej Finance Limited,GFL14923,Godrej Finance Ltd,Delisted,F ,500000.00,INE02KN14143, ,Commercial Papers,-,-,-,-
725585,Bajaj Finance Limited,BFL140923,Bajaj Finance Ltd,Delisted,F ,500000.00,INE296A14VT5, ,Commercial Papers,-,-,-,-
725586,360 ONE Prime Limited,360OPL15923,360 ONE Prime Ltd,Suspended,F ,500000.00,INE248U14NY1, ,Commercial Papers,-,-,-,-
725587,360 ONE Prime Limited,360OPL14923,360 ONE Prime Ltd,Delisted,F ,500000.00,INE248U14NZ8, ,Commercial Papers,-,-,-,-
725588,ICICI Securities Limited,ISEC15923,ICICI Securities Ltd,Delisted,F ,500000.00,INE763G14QW5, ,Commercial Papers,-,-,-,-
725589,ICICI Securities Limited,ISEC15923A,ICICI Securities Ltd,Active,F ,500000.00,INE763G14QX3, ,Commercial Papers,-,-,-,-
725590,STANDARD CHARTERED CAPITAL LIMITED,SCCL15923,STANDARD CHARTERED CAPITAL Ltd,Suspended,F ,500000.00,INE403G14RO3, ,Commercial Papers,-,-,-,-
725591,Pilani Investment And Industries Corporation Limited,PILCL15923,Pilani Investment And Industries Corporation Ltd,Delisted,F ,500000.00,INE417C14579, ,Commercial Papers,-,-,-,-
725592,IndoStar Capital Finance Limited,ICFL14923,IndoStar Capital Finance Ltd,Suspended,F ,500000.00,INE896L14DF6, ,Commercial Papers,-,-,-,-
725593,TRUST INVESTMENT ADVISORS PRIVATE LIMITED,TIAPL15923,TRUST INVESTMENT ADVISORS Pvt Ltd,Delisted,F ,500000.00,INE723X14FH8, ,Commercial Papers,-,-,-,-
725594,HDFC Securities Limited,HSL150923,HSL-15-12-23-CP,Delisted,F ,500000.00,INE700G14GL1, ,Commercial Papers,-,-,-,-
725595,Infina Finance Private Limited,IFPL150923,IFPL-15-12-23-CP,Delisted,F ,500000.00,INE879F14IA4, ,Commercial Papers,-,-,-,-
725596,Redington Limited,RL150923,RL-14-12-23-CP,Delisted,F ,500000.00,INE891D14XR7, ,Commercial Papers,-,-,-,-
725597,Julius Baer Capital (India) Private Limited,JBCPL150923,Julius Baer Capital (India) Pvt Ltd,Delisted,F ,500000.00,INE824H14MP6, ,Commercial Papers,-,-,-,-
725598,IndoStar Capital Finance Limited,ICFL15923,IndoStar Capital Finance Ltd,Delisted,F ,500000.00,INE896L14DG4, ,Commercial Papers,-,-,-,-
725599,Motilal Oswal Finvest Limited,MOFL150923,Motilal Oswal Finvest Ltd,Suspended,F ,500000.00,INE01WN14AG4, ,Commercial Papers,-,-,-,-
725600,SBICAP Securities Limited,SSL150923,SBICAP Securities Ltd,Delisted,F ,500000.00,INE212K14197, ,Commercial Papers,-,-,-,-
725601,Avanse Financial Services Limited,AFSL150923,Avanse Financial Services Ltd,Delisted,F ,500000.00,INE087P14739, ,Commercial Papers,-,-,-,-
725602,Julius Baer Capital (India) Private Limited,JBCPL18923,Julius Baer Capital (India) Pvt Ltd,Delisted,F ,500000.00,INE824H14MQ4, ,Commercial Papers,-,-,-,-
725603,ICICI Securities Limited,ISL180923,ICICI Securities Ltd,Delisted,F ,500000.00,INE763G14QY1, ,Commercial Papers,-,-,-,-
725604,360 ONE WAM LIMITED,360OWL15923,360 ONE WAM Ltd,Delisted,F ,500000.00,INE466L14CD5, ,Commercial Papers,-,-,-,-
725605,Larsen & Toubro Limited,LTL180923,Larsen & Toubro Ltd,Delisted,F ,500000.00,INE018A14KB4, ,Commercial Papers,-,-,-,-
725606,STANDARD CHARTERED CAPITAL LIMITED,SCCL18923,STANDARD CHARTERED CAPITAL Ltd,Suspended,F ,500000.00,INE403G14RP0, ,Commercial Papers,-,-,-,-
725607,HDFC Securities Limited,HDFCSL18923,HDFC Securities Ltd,Delisted,F ,500000.00,INE700G14GM9, ,Commercial Papers,-,-,-,-
725608,birla Group Holdings Private Limited,BGHPL180923,birla Group Holdings Pvt Ltd,Delisted,F ,500000.00,INE09OL14DY5, ,Commercial Papers,-,-,-,-
725609,Tata Realty and Infrastructure Limited,TRIL15923,Tata Realty and Infrastructure Ltd,Delisted,F ,500000.00,INE371K14BO8, ,Commercial Papers,-,-,-,-
725610,Tata Power Co. Ltd,TPCL180923,Tata Power Co Ltd,Delisted,F ,500000.00,INE245A14IZ6, ,Commercial Papers,-,-,-,-
725611,BOBCARD LIMITED,BFSL15923,BOB Financial Solutions Ltd,Delisted,F ,500000.00,INE027214480, ,Commercial Papers,-,-,-,-
725612,Kotak Securities Limited,KSL18923,Kotak Securities Ltd,Delisted,F ,500000.00,INE028E14MG0, ,Commercial Papers,-,-,-,-
725613,Motilal Oswal Financial Services Limited,MOFSL18923,Motilal Oswal Financial Services Ltd,Delisted,F ,500000.00,INE338I14FP9, ,Commercial Papers,-,-,-,-
725614,360 ONE WAM LIMITED,360OWL18923,360 ONE WAM Ltd,Delisted,F ,500000.00,INE466L14CE3, ,Commercial Papers,-,-,-,-
725615,J.K. CEMENT LTD,JKCL18923,JK CEMENT LTD,Delisted,F ,500000.00,INE823G14934, ,Commercial Papers,-,-,-,-
725616,J.K. CEMENT LTD,JKCL18923A,JK CEMENT LTD,Delisted,F ,500000.00,INE823G14942, ,Commercial Papers,-,-,-,-
725617,Axis Securities Limited,ASL2092,Axis Securities Ltd,Delisted,F ,500000.00,INE110O14AW7, ,Commercial Papers,-,-,-,-
725618,Bajaj Finance Limited,BFL18923,Bajaj Finance Ltd,Delisted,F ,500000.00,INE296A14VU3, ,Commercial Papers,-,-,-,-
725619,Tata Power Co. Ltd,TPCL20923,Tata Power Co Ltd,Delisted,F ,500000.00,INE245A14JA7, ,Commercial Papers,-,-,-,-
725620,L&T Metro Rail (Hyderabad) Limited,LTMRL18923,L&T Metro Rail (Hyderabad) Ltd,Delisted,F ,500000.00,INE128M14621, ,Commercial Papers,-,-,-,-
725621,Motilal Oswal Finvest Limited,MOFL18923,Motilal Oswal Finvest Ltd,Delisted,F ,500000.00,INE01WN14AH2, ,Commercial Papers,-,-,-,-
725622,360 ONE Prime Limited,360OPL18923,360 ONE Prime Ltd,Delisted,F ,500000.00,INE248U14MO4, ,Commercial Papers,-,-,-,-
725623,Redington Limited,RL20923,Redington Ltd,Delisted,F ,500000.00,INE891D14XQ9, ,Commercial Papers,-,-,-,-
725624,birla Group Holdings Private Limited,BGHPL20923,birla Group Holdings Pvt Ltd,Delisted,F ,500000.00,INE09OL14DZ2, ,Commercial Papers,-,-,-,-
725625,Axis Finance Limited,AFL18923,Axis Finance Ltd,Delisted,F ,500000.00,INE891K14MO2, ,Commercial Papers,-,-,-,-
725626,ICICI Securities Limited,ISEC20923,ICICI Securities Ltd,Delisted,F ,500000.00,INE763G14QZ8, ,Commercial Papers,-,-,-,-
725627,ICICI Securities Limited,ISEC20923A,ICICI Securities Ltd,Suspended,F ,500000.00,INE763G14RA9, ,Commercial Papers,-,-,-,-
725628,L&T Metro Rail (Hyderabad) Limited,LTMRL21923,L&T Metro Rail (Hyderabad) Ltd,Delisted,F ,500000.00,INE128M14639, ,Commercial Papers,-,-,-,-
725629,JM Financial Properties and Holdings Limited,JMFPHL21923,JM Financial Properties and Holdings Ltd,Suspended,F ,500000.00,INE525R14916, ,Commercial Papers,-,-,-,-
725630,Redington Limited,RD21923,Redington Ltd,Delisted,F ,500000.00,INE891D14XS5, ,Commercial Papers,-,-,-,-
725631,Redington Limited,RL21923A,Redington Ltd,Delisted,F ,500000.00,INE891D14XT3, ,Commercial Papers,-,-,-,-
725632,Time Technoplast Limited,TTL21923,Time Technoplast Ltd,Delisted,F ,500000.00,INE508G14EQ2, ,Commercial Papers,-,-,-,-
725633,Julius Baer Capital (India) Private Limited,JBCPL20923,Julius Baer Capital (India) Pvt Ltd,Delisted,F ,500000.00,INE824H14MR2, ,Commercial Papers,-,-,-,-
725634,HDFC Securities Limited,HSL21923,HDFC Securities Ltd,Delisted,F ,500000.00,INE700G14GN7, ,Commercial Papers,-,-,-,-
725635,STANDARD CHARTERED SECURITIES (INDIA) LIMITED,SCCSL20923,STANDARD CHARTERED SECURITIES (INDIA) Ltd,Delisted,F ,500000.00,INE472H14219, ,Commercial Papers,-,-,-,-
725636,Kotak Securities Limited,KSL220923,Kotak Securities Ltd,Delisted,F ,500000.00,INE028E14MH8, ,Commercial Papers,-,-,-,-
725637,Motilal Oswal Financial Services Limited,MOFSL210923,Motilal Oswal Financial Services Ltd,Delisted,F ,500000.00,INE338I14FQ7, ,Commercial Papers,-,-,-,-
725638,ICICI HOME FINANCE COMPANY LIMITED,IHFCL220923,ICICI HOME FINANCE COMPANY Ltd,Delisted,F ,500000.00,INE071G14FA2, ,Commercial Papers,-,-,-,-
725639,HDFC Securities Limited,HSL220923,HDFC Securities Ltd,Delisted,F ,500000.00,INE700G14GO5, ,Commercial Papers,-,-,-,-
725640,JM Financial Properties and Holdings Limited,JFPHL22923,JM Financial Properties and Holdings Ltd,Delisted,F ,500000.00,INE525R14932, ,Commercial Papers,-,-,-,-
725641,JM Financial Properties and Holdings Limited,JFPHL220923,JM Financial Properties and Holdings Ltd,Delisted,F ,500000.00,INE525R14924, ,Commercial Papers,-,-,-,-
725642,ICICI Securities Limited,ISL22923,ICICI Securities Ltd,Delisted,F ,500000.00,INE763G14RC5, ,Commercial Papers,-,-,-,-
725643,ICICI Securities Limited,ISL220923,ICICI Securities Ltd,Delisted,F ,500000.00,INE763G14RB7, ,Commercial Papers,-,-,-,-
725644,SBICAP Securities Limited,SBISL21923,SBICAP Securities Ltd,Delisted,F ,500000.00,INE212K14205, ,Commercial Papers,-,-,-,-
725645,ICICI HOME FINANCE COMPANY LIMITED,IHFCL21923,ICICI HOME FINANCE COMPANY Ltd,Delisted,F ,500000.00,INE071G14EZ2, ,Commercial Papers,-,-,-,-
725646,KEC International Ltd.,KIL22923,KEC International Ltd,Delisted,F ,500000.00,INE389H14JU6, ,Commercial Papers,-,-,-,-
725647,POONAWALLA FINCORP LIMITED,PFL220923,POONAWALLA FINCORP Ltd,Delisted,F ,500000.00,INE511C14VN6, ,Commercial Papers,-,-,-,-
725648,SBICAP Securities Limited,SSL220923,SBICAP Securities Ltd,Delisted,F ,500000.00,INE212K14213, ,Commercial Papers,-,-,-,-
725649,Aditya Birla Fashion and Retail Limited,ABFRL22923,Aditya Birla Fashion and Retail Ltd,Delisted,F ,500000.00,INE647O14EY6, ,Commercial Papers,-,-,-,-
725650,Hinduja Leyland Finance Limited,HLFL22923,Hinduja Leyland Finance Ltd,Delisted,F ,500000.00,INE146O14BL2, ,Commercial Papers,-,-,-,-
725651,Nuvama Wealth Management Limited,NWML25923,Nuvama Wealth Management Ltd,Delisted,F ,500000.00,INE531F14DQ8, ,Commercial Papers,-,-,-,-
725652,Network 18 Media & Investments Limited,NMIL250923,Network 18 Media & Investments Ltd,Delisted,F ,500000.00,INE870H14RI3, ,Commercial Papers,-,-,-,-
725653,KEC International Ltd.,KIL25923,KEC International Ltd,Delisted,F ,500000.00,INE389H14JV4, ,Commercial Papers,-,-,-,-
725654,InCred Financial Services Limited,IFSL22923,InCred Financial Services Ltd,Delisted,F ,500000.00,INE321N14133, ,Commercial Papers,-,-,-,-
725655,Larsen & Toubro Limited,LTL250923,Larsen & Toubro Ltd,Delisted,F ,500000.00,INE018A14KC2, ,Commercial Papers,-,-,-,-
725656,Nuvama Wealth and Investment Limited,NWIL250923,Nuvama Wealth and Investment Ltd,Delisted,F ,500000.00,INE523L14583, ,Commercial Papers,-,-,-,-
725657,Motilal Oswal Financial Services Limited,MOFSL25923,Motilal Oswal Financial Services Ltd,Delisted,F ,500000.00,INE338I14FR5, ,Commercial Papers,-,-,-,-
725658,HDFC Securities Limited,HSL260923,HDFC Securities Ltd,Delisted,F ,500000.00,INE700G14GP2, ,Commercial Papers,-,-,-,-
725659,Kotak Securities Limited,KSL26923,Kotak Securities Ltd,Delisted,F ,500000.00,INE028E14MI6, ,Commercial Papers,-,-,-,-
725660,Muthoot Capital Services Ltd.,MCSL26923,Muthoot Capital Services Ltd,Delisted,F ,500000.00,INE296G14156, ,Commercial Papers,-,-,-,-
725661,Reliance Retail Ventures Limited,RRVL26923,Reliance Retail Ventures Ltd,Delisted,F ,500000.00,INE929O14AZ3, ,Commercial Papers,-,-,-,-
725662,Reliance Retail Ventures Limited,RRVL260923,Reliance Retail Ventures Ltd,Delisted,F ,500000.00,INE929O14AY6, ,Commercial Papers,-,-,-,-
725663,UGRO CAPITAL LIMITED,UGL25923,UGRO CAPITAL Ltd,Delisted,F ,500000.00,INE583D14287, ,Commercial Papers,-,-,-,-
725664,InCred Financial Services Limited,IFSL25923,InCred Financial Services Ltd,Delisted,F ,500000.00,INE321N14141, ,Commercial Papers,-,-,-,-
725665,Network 18 Media & Investments Limited,NMIL270923,Network 18 Media & Investments Ltd,Delisted,F ,500000.00,INE870H14RH5, ,Commercial Papers,-,-,-,-
725666,Navi Finserv Limited,NFL260923,Navi Finserv Ltd,Suspended,F ,500000.00,INE342T14797, ,Commercial Papers,-,-,-,-
725667,TV18 Broadcast Ltd.,TBL270923,TV18 Broadcast Ltd,Delisted,F ,500000.00,INE886H14IX7, ,Commercial Papers,-,-,-,-
725668,birla Group Holdings Private Limited,BGHPL27923,birla Group Holdings Pvt Ltd,Delisted,F ,500000.00,INE09OL14EA3, ,Commercial Papers,-,-,-,-
725669,Titan Company Limited,TCL26923,Titan Company Ltd,Delisted,F ,500000.00,INE280A14302, ,Commercial Papers,-,-,-,-
725670,Titan Company Limited,TCL260923,Titan Company Ltd,Delisted,F ,500000.00,INE280A14310, ,Commercial Papers,-,-,-,-
725671,L&T Metro Rail (Hyderabad) Limited,LTMRL27923,L&T Metro Rail (Hyderabad) Ltd,Delisted,F ,500000.00,INE128M14647, ,Commercial Papers,-,-,-,-
725672,Axis Securities Limited,ASL270923,Axis Securities Ltd,Delisted,F ,500000.00,INE110O14AX5, ,Commercial Papers,-,-,-,-
725673,Bajaj Finance Limited,BFL27923,Bajaj Finance Ltd,Delisted,F ,500000.00,INE296A14VV1, ,Commercial Papers,-,-,-,-
725674,Julius Baer Capital (India) Private Limited,JBCPL27923,Julius Baer Capital (India) Pvt Ltd,Delisted,F ,500000.00,INE824H14MS0, ,Commercial Papers,-,-,-,-
725675,J.K. CEMENT LTD,JKCL270923,JK CEMENT LTD,Delisted,F ,500000.00,INE823G14959, ,Commercial Papers,-,-,-,-
725676,Nuvama Wealth and Investment Limited,NWIL280923,Nuvama Wealth and Investment Ltd,Active,F ,500000.00,INE523L14591, ,Commercial Papers,-,-,-,-
725677,ARKA FINCAP LIMITED,AFL29923,ARKA FINCAP Ltd,Delisted,F ,500000.00,INE03W114450, ,Commercial Papers,-,-,-,-
725678,STANDARD CHARTERED SECURITIES (INDIA) LIMITED,SCSIL29923,STANDARD CHARTERED SECURITIES (INDIA) Ltd,Delisted,F ,500000.00,INE472H14227, ,Commercial Papers,-,-,-,-
725679,Navi Finserv Limited,NFL290923,Navi Finserv Ltd,Suspended,F ,500000.00,INE342T14805, ,Commercial Papers,-,-,-,-
725680,SBICAP Securities Limited,SSL290923,SBICAP Securities Ltd,Delisted,F ,500000.00,INE212K14221, ,Commercial Papers,-,-,-,-
725681,Kotak Securities Limited,KSL031023,Kotak Securities Ltd,Delisted,F ,500000.00,INE028E14MJ4, ,Commercial Papers,-,-,-,-
725682,Time Technoplast Limited,TTL29923,Time Technoplast Ltd,Delisted,F ,500000.00,INE508G14ER0, ,Commercial Papers,-,-,-,-
725683,CaratLane Trading Private Limited,CTPL41023,CaratLane Trading Pvt Ltd,Delisted,F ,500000.00,INE015Y14534, ,Commercial Papers,-,-,-,-
725684,J.K. CEMENT LTD,JKCL041023,JK CEMENT LTD,Delisted,F ,500000.00,INE823G14967, ,Commercial Papers,-,-,-,-
725685,Adani Enterprises Ltd.,AEL051023,Adani Enterprises Ltd,Delisted,F ,500000.00,INE423A14TT9, ,Commercial Papers,-,-,-,-
725686,ICICI Securities Limited,ISL051023,ICICI Securities Ltd,Suspended,F ,500000.00,INE763G14RD3, ,Commercial Papers,-,-,-,-
725687,Time Technoplast Limited,TTL061023,Time Technoplast Ltd,Delisted,F ,500000.00,INE508G14EU4, ,Commercial Papers,-,-,-,-
725688,HDFC Securities Limited,HSL051023,HSL-20-12-23-CP,Delisted,F ,500000.00,INE700G14GQ0, ,Commercial Papers,-,-,-,-
725689,ICICI Securities Primary Dealership Limited,ISPDL91023,ICICI Securities Primary Dealership Ltd,Delisted,F ,500000.00,INE849D14HJ5, ,Commercial Papers,-,-,-,-
725690,Larsen & Toubro Limited,LTL91023,Larsen & Toubro Ltd,Delisted,F ,500000.00,INE018A14KD0, ,Commercial Papers,-,-,-,-
725691,Motilal Oswal Financial Services Limited,MOFSL091023,Motilal Oswal Financial Services Ltd,Suspended,F ,500000.00,INE338I14FS3, ,Commercial Papers,-,-,-,-
725692,Julius Baer Capital (India) Private Limited,JBCPL091023,Julius Baer Capital (India) Pvt Ltd,Suspended,F ,500000.00,INE824H14MT8, ,Commercial Papers,-,-,-,-
725693,Can Fin Homes Ltd.,CFHL101023,Can Fin Homes Ltd,Delisted,F ,500000.00,INE477A14CP9, ,Commercial Papers,-,-,-,-
725694,Tata Realty and Infrastructure Limited,TRIL101023,Tata Realty and Infrastructure Ltd,Delisted,F ,500000.00,INE371K14BP5, ,Commercial Papers,-,-,-,-
725695,Bajaj Finance Limited,BFL101023,Bajaj Finance Ltd,Delisted,F ,500000.00,INE296A14VW9, ,Commercial Papers,-,-,-,-
725696,National Bank for Agriculture and Rural Development,NBRD111023,National Bank for Agriculture and Rural Development,Delisted,F ,500000.00,INE261F14KG8, ,Commercial Papers,-,-,-,-
725697,Bajaj Finance Limited,BFL111023,Bajaj Finance Ltd,Delisted,F ,500000.00,INE296A14VX7, ,Commercial Papers,-,-,-,-
725698,HDFC Securities Limited,HSL121023,HDFC Securities Ltd,Delisted,F ,500000.00,INE700G14GR8, ,Commercial Papers,-,-,-,-
725699,SEIL Energy India Limited,SEILE121023,SEIL Energy India Ltd,Delisted,F ,500000.00,INE460M14511, ,Commercial Papers,-,-,-,-
725700,POONAWALLA FINCORP LIMITED,PFL121023,POONAWALLA FINCORP Ltd,Delisted,F ,500000.00,INE511C14VQ9, ,Commercial Papers,-,-,-,-
725701,Axis Securities Limited,ASL131023,Axis Securities Ltd,Delisted,F ,500000.00,INE110O14AY3, ,Commercial Papers,-,-,-,-
725702,National Bank for Agriculture and Rural Development,NBRD131023,National Bank for Agriculture and Rural Development,Delisted,F ,500000.00,INE261F14KH6, ,Commercial Papers,-,-,-,-
725703,Axis Finance Limited,AFL131023,Axis Finance Ltd,Delisted,F ,500000.00,INE891K14MP9, ,Commercial Papers,-,-,-,-
725704,Infina Finance Private Limited,IFPL121023,Infina Finance Pvt Ltd,Delisted,F ,500000.00,INE879F14IB2, ,Commercial Papers,-,-,-,-
725705,HDFC Securities Limited,HSL131023,HDFC Securities Ltd,Delisted,F ,500000.00,INE700G14GS6, ,Commercial Papers,-,-,-,-
725706,Bajaj Finance Limited,BFL121023,Bajaj Finance Ltd,Delisted,F ,500000.00,INE296A14VY5, ,Commercial Papers,-,-,-,-
725707,Bajaj Finance Limited,BFL121023A,Bajaj Finance Ltd,Delisted,F ,500000.00,INE296A14VZ2, ,Commercial Papers,-,-,-,-
725708,Bajaj Finance Limited,BFL131023,Bajaj Finance Ltd,Delisted,F ,500000.00,INE296A14WA3, ,Commercial Papers,-,-,-,-
725709,Bajaj Finance Limited,BFL13102023,Bajaj Finance Ltd,Delisted,F ,500000.00,INE296A14WB1, ,Commercial Papers,-,-,-,-
725710,HDFC Securities Limited,HSL161023,HDFC Securities Ltd,Delisted,F ,500000.00,INE700G14GT4, ,Commercial Papers,-,-,-,-
725711,Julius Baer Capital (India) Private Limited,JBCPL161023,Julius Baer Capital (India) Pvt Ltd,Active,F ,500000.00,INE824H14MU6, ,Commercial Papers,-,-,-,-
725712,Motilal Oswal Financial Services Limited,MOFSL131023,Motilal Oswal Financial Services Ltd,Delisted,F ,500000.00,INE338I14FU9, ,Commercial Papers,-,-,-,-
725713,Pilani Investment And Industries Corporation Limited,PIICL161023,Pilani Investment And Industries Corporation Ltd,Delisted,F ,500000.00,INE417C14587, ,Commercial Papers,-,-,-,-
725714,Axis Finance Limited,AFL161023,Axis Finance Ltd,Delisted,F ,500000.00,INE891K14MQ7, ,Commercial Papers,-,-,-,-
725715,Adani Enterprises Ltd.,AEL161023,Adani Enterprises Ltd,Delisted,F ,500000.00,INE423A14TV5, ,Commercial Papers,-,-,-,-
725716,Sterlite Technologies Limited.,STL171023,Sterlite Technologies Ltd,Delisted,F ,500000.00,INE089C14DA8, ,Commercial Papers,-,-,-,-
725717,Aditya Birla Housing Finance Limited,ABHFL161023,Aditya Birla Housing Finance Ltd,Delisted,F ,500000.00,INE831R14CY3, ,Commercial Papers,-,-,-,-
725718,L&T Metro Rail (Hyderabad) Limited,LTMRL161023,L&T Metro Rail (Hyderabad) Ltd,Delisted,F ,500000.00,INE128M14654, ,Commercial Papers,-,-,-,-
725719,Motilal Oswal Financial Services Limited,MOFSL161023,Motilal Oswal Financial Services Ltd,Delisted,F ,500000.00,INE338I14FT1, ,Commercial Papers,-,-,-,-
725720,NLC Tamilnadu Power Limited,NTPL171023,NLC Tamilnadu Power Ltd,Delisted,F ,500000.00,INE05C614378, ,Commercial Papers,-,-,-,-
725721,REC LIMITED,RECL161023,REC Ltd,Delisted,F ,500000.00,INE020B14672, ,Commercial Papers,-,-,-,-
725722,Infina Finance Private Limited,IFPL161023,Infina Finance Pvt Ltd,Active,F ,500000.00,INE879F14IC0, ,Commercial Papers,-,-,-,-
725723,HDFC Securities Limited,HDFCS171023,HDFC Securities Ltd,Delisted,F ,500000.00,INE700G14GU2, ,Commercial Papers,-,-,-,-
725724,Julius Baer Capital (India) Private Limited,JBCPL171023,Julius Baer Capital (India) Pvt Ltd,Active,F ,500000.00,INE824H14MV4, ,Commercial Papers,-,-,-,-
725725,L&T Metro Rail (Hyderabad) Limited,LTMRH171023,L&T Metro Rail (Hyderabad) Ltd,Delisted,F ,500000.00,INE128M14662, ,Commercial Papers,-,-,-,-
725726,360 ONE Prime Limited,OPL171023,360 ONE Prime Ltd,Delisted,F ,500000.00,INE248U14OD3, ,Commercial Papers,-,-,-,-
725727,ARKA FINCAP LIMITED,AFL181023,ARKA FINCAP Ltd,Delisted,F ,500000.00,INE03W114468, ,Commercial Papers,-,-,-,-
725728,Axis Securities Limited,ASL181023,Axis Securities Ltd,Delisted,F ,500000.00,INE110O14AZ0, ,Commercial Papers,-,-,-,-
725729,National Bank for Agriculture and Rural Development,NBARD181023,National Bank for Agriculture and Rural Development,Delisted,F ,500000.00,INE261F14KJ2, ,Commercial Papers,-,-,-,-
725730,360 ONE WAM LIMITED,OWL171023,360 ONE WAM Ltd,Delisted,F ,500000.00,INE466L14CG8, ,Commercial Papers,-,-,-,-
725731,Motilal Oswal Finvest Limited,MOFL171023,Motilal Oswal Finvest Ltd,Suspended,F ,500000.00,INE01WN14AI0, ,Commercial Papers,-,-,-,-
725732,Bajaj Finance Limited,BFL171023,Bajaj Finance Ltd,Delisted,F ,500000.00,INE296A14WC9, ,Commercial Papers,-,-,-,-
725733,BOBCARD LIMITED,BOBFS181023,BOB Financial Solutions Ltd,Delisted,F ,500000.00,INE027214498, ,Commercial Papers,-,-,-,-
725734,Redington Limited,RL191023,Redington Ltd,Delisted,F ,500000.00,INE891D14XU1, ,Commercial Papers,-,-,-,-
725735,Redington Limited,RL19102023,Redington Ltd,Delisted,F ,500000.00,INE891D14XW7, ,Commercial Papers,-,-,-,-
725736,Redington Limited,RLTD191023,Redington Ltd,Delisted,F ,500000.00,INE891D14XV9, ,Commercial Papers,-,-,-,-
725737,SATIN CREDITCARE NETWORK LIMITED,SCNL181023,SATIN CREDITCARE NETWORK Ltd,Active,F ,500000.00,INE836B14317, ,Commercial Papers,-,-,-,-
725738,Nuvama Wealth and Investment Limited,NWIL191023,Nuvama Wealth and Investment Ltd,Active,F ,500000.00,INE523L14617, ,Commercial Papers,-,-,-,-
725739,Bajaj Finance Limited,BFL181023,Bajaj Finance Ltd,Delisted,F ,500000.00,INE296A14WD7, ,Commercial Papers,-,-,-,-
725740,HDFC Securities Limited,HSL191023,HDFC Securities Ltd,Delisted,F ,500000.00,INE700G14GW8, ,Commercial Papers,-,-,-,-
725741,National Bank for Agriculture and Rural Development,NABAR191023,National Bank for Agriculture and Rural Development,Delisted,F ,500000.00,INE261F14KI4, ,Commercial Papers,-,-,-,-
725742,Godrej Finance Limited,GFL191023,Godrej Finance Ltd,Delisted,F ,500000.00,INE02KN14150, ,Commercial Papers,-,-,-,-
725743,360 ONE WAM LIMITED,OWL191023,360 ONE WAM Ltd,Delisted,F ,500000.00,INE466L14CH6, ,Commercial Papers,-,-,-,-
725744,birla Group Holdings Private Limited,BGHPL201023,birla Group Holdings Pvt Ltd,Delisted,F ,500000.00,INE09OL14EB1, ,Commercial Papers,-,-,-,-
725745,Nuvama Wealth Finance Limited,NWFL191023,Nuvama Wealth Finance Ltd,Delisted,F ,500000.00,INE918K14AQ3, ,Commercial Papers,-,-,-,-
725746,SBICAP Securities Limited,SBISL191023,SBICAP Securities Ltd,Delisted,F ,500000.00,INE212K14239, ,Commercial Papers,-,-,-,-
725747,Krazybee Services Private Limited,KSPL191023,Krazybee Services Pvt Ltd,Suspended,F ,500000.00,INE07HK14136, ,Commercial Papers,-,-,-,-
725748,ICICI Securities Limited,ISL201023,ICICI Securities Ltd,Delisted,F ,500000.00,INE763G14RE1, ,Commercial Papers,-,-,-,-
725749,KEC International Ltd.,KIL201023,KEC International Ltd,Delisted,F ,500000.00,INE389H14JW2, ,Commercial Papers,-,-,-,-
725750,L&T Metro Rail (Hyderabad) Limited,LTMRL201023,L&T Metro Rail (Hyderabad) Ltd,Delisted,F ,500000.00,INE128M14670, ,Commercial Papers,-,-,-,-
725751,Bajaj Financial Securities Limited,BFSL201023,Bajaj Financial Securities Ltd,Delisted,F ,500000.00,INE01C314536, ,Commercial Papers,-,-,-,-
725752,HDFC Securities Limited,HSL201023,HDFC Securities Ltd,Delisted,F ,500000.00,INE700G14GV0, ,Commercial Papers,-,-,-,-
725753,Tata Housing Development Company Limited,THDC201023,Tata Housing Development Company Ltd,Delisted,F ,500000.00,INE582L14HA4, ,Commercial Papers,-,-,-,-
725754,HDFC Securities Limited,HSL231023,HDFC Securities Ltd,Suspended,F ,500000.00,INE700G14GX6, ,Commercial Papers,-,-,-,-
725755,DMI Finance Private Limited,DFPL201023,DMI Finance Pvt Ltd,Delisted,F ,500000.00,INE604O14015, ,Commercial Papers,-,-,-,-
725756,Krazybee Services Private Limited,KSPL201023,Krazybee Services Pvt Ltd,Suspended,F ,500000.00,INE07HK14144, ,Commercial Papers,-,-,-,-
725757,Aditya Birla Housing Finance Limited,ABHFL231023,Aditya Birla Housing Finance Ltd,Delisted,F ,500000.00,INE831R14CZ0, ,Commercial Papers,-,-,-,-
725758,Infina Finance Private Limited,IFPL231023,Infina Finance Pvt Ltd,Active,F ,500000.00,INE879F14ID8, ,Commercial Papers,-,-,-,-
725759,Axis Securities Limited,ASL251023,Axis Securities Ltd,Delisted,F ,500000.00,INE110O14BB9, ,Commercial Papers,-,-,-,-
725760,Motilal Oswal Finvest Limited,MOFL231023,Motilal Oswal Finvest Ltd,Active,F ,500000.00,INE01WN14AJ8, ,Commercial Papers,-,-,-,-
725761,POONAWALLA FINCORP LIMITED,PFL231023,POONAWALLA FINCORP Ltd,Delisted,F ,500000.00,INE511C14VR7, ,Commercial Papers,-,-,-,-
725762,Tata Housing Development Company Limited,THDC231023,Tata Housing Development Company Ltd,Suspended,F ,500000.00,INE582L14GZ3, ,Commercial Papers,-,-,-,-
725763,HDFC Securities Limited,HSL251023,HDFC Securities Ltd,Delisted,F ,500000.00,INE700G14GY4, ,Commercial Papers,-,-,-,-
725764,Julius Baer Capital (India) Private Limited,JBCPL251023,Julius Baer Capital (India) Pvt Ltd,Delisted,F ,500000.00,INE824H14MW2, ,Commercial Papers,-,-,-,-
725765,ICICI Securities Limited,ISL251023,ICICI Securities Ltd,Delisted,F ,500000.00,INE763G14RG6, ,Commercial Papers,-,-,-,-
725766,Axis Securities Limited,ASL231023,Axis Securities Ltd,Delisted,F ,500000.00,INE110O14BA1, ,Commercial Papers,-,-,-,-
725767,KEC International Ltd.,KECIL261023,KEC International Ltd,Delisted,F ,500000.00,INE389H14JX0, ,Commercial Papers,-,-,-,-
725768,Bajaj Financial Securities Limited,BFSL251023,Bajaj Financial Securities Ltd,Delisted,F ,500000.00,INE01C314551, ,Commercial Papers,-,-,-,-
725769,Kotak Securities Limited,KSL261023,Kotak Securities Ltd,Delisted,F ,500000.00,INE028E14MK2, ,Commercial Papers,-,-,-,-
725770,HDFC Securities Limited,HDFCS261023,HDFC Securities Ltd,Delisted,F ,500000.00,INE700G14HA2, ,Commercial Papers,-,-,-,-
725771,Bajaj Financial Securities Limited,BFSL261023,Bajaj Financial Securities Ltd,Delisted,F ,500000.00,INE01C314544, ,Commercial Papers,-,-,-,-
725772,Julius Baer Capital (India) Private Limited,JBCPL261023,Julius Baer Capital (India) Pvt Ltd,Delisted,F ,500000.00,INE824H14MX0, ,Commercial Papers,-,-,-,-
725773,Grasim Industries Ltd,GIL261023,Grasim Industries Ltd,Delisted,F ,500000.00,INE047A14842, ,Commercial Papers,-,-,-,-
725774,ICICI Securities Limited,ISEC261023,ICICI Securities Ltd,Delisted,F ,500000.00,INE763G14RF8, ,Commercial Papers,-,-,-,-
725775,KEC International Ltd.,KIL271023,KEC International Ltd,Delisted,F ,500000.00,INE389H14JY8, ,Commercial Papers,-,-,-,-
725776,Infina Finance Private Limited,IFPL261023,Infina Finance Pvt Ltd,Delisted,F ,500000.00,INE879F14IE6, ,Commercial Papers,-,-,-,-
725777,Julius Baer Capital (India) Private Limited,JBC271023,Julius Baer Capital (India) Pvt Ltd,Suspended,F ,500000.00,INE824H14MZ5, ,Commercial Papers,-,-,-,-
725778,Julius Baer Capital (India) Private Limited,JBCPL271023,Julius Baer Capital (India) Pvt Ltd,Delisted,F ,500000.00,INE824H14MY8, ,Commercial Papers,-,-,-,-
725779,HDFC Securities Limited,HDFCS271023,HDFC Securities Ltd,Delisted,F ,500000.00,INE700G14GZ1, ,Commercial Papers,-,-,-,-
725780,Tata Power Co. Ltd,TPCL271023,Tata Power Co Ltd,Delisted,F ,500000.00,INE245A14JB5, ,Commercial Papers,-,-,-,-
725781,Network 18 Media & Investments Limited,NMIL271023,Network 18 Media & Investments Ltd,Delisted,F ,500000.00,INE870H14RJ1, ,Commercial Papers,-,-,-,-
725782,UGRO CAPITAL LIMITED,UCL271023,UGRO CAPITAL Ltd,Delisted,F ,500000.00,INE583D14303, ,Commercial Papers,-,-,-,-
725783,UGRO CAPITAL LIMITED,UCL27102023,UGRO CAPITAL Ltd,Delisted,F ,500000.00,INE583D14311, ,Commercial Papers,-,-,-,-
725784,Network 18 Media & Investments Limited,NMIL301023,Network 18 Media & Investments Ltd,Delisted,F ,500000.00,INE870H14RK9, ,Commercial Papers,-,-,-,-
725785,L&T Metro Rail (Hyderabad) Limited,LTMRL301023,L&T Metro Rail (Hyderabad) Ltd,Delisted,F ,500000.00,INE128M14688, ,Commercial Papers,-,-,-,-
725786,GIC Housing Finance Ltd.,GICHF301023,GIC Housing Finance Ltd,Delisted,F ,500000.00,INE289B14IQ1, ,Commercial Papers,-,-,-,-
725787,TV18 Broadcast Ltd.,TV18B301023,TV18 Broadcast Ltd,Delisted,F ,500000.00,INE886H14IY5, ,Commercial Papers,-,-,-,-
725788,Infina Finance Private Limited,IFPL301023,Infina Finance Pvt Ltd,Suspended,F ,500000.00,INE879F14IF3, ,Commercial Papers,-,-,-,-
725789,Infina Finance Private Limited,IFPL301023A,Infina Finance Pvt Ltd,Delisted,F ,500000.00,INE879F14IG1, ,Commercial Papers,-,-,-,-
725790,Godrej Housing Finance Limited,GHFL311023,Godrej Housing Finance Ltd,Delisted,F ,500000.00,INE02JD14302, ,Commercial Papers,-,-,-,-
725791,Godrej Housing Finance Limited,GHFL311023A,Godrej Housing Finance Ltd,Delisted,F ,500000.00,INE02JD14294, ,Commercial Papers,-,-,-,-
725792,Julius Baer Capital (India) Private Limited,JBCPL311023,Julius Baer Capital (India) Pvt Ltd,Delisted,F ,500000.00,INE824H14NA6, ,Commercial Papers,-,-,-,-
725793,Julius Baer Capital (India) Private Limited,JBCP311023A,Julius Baer Capital (India) Pvt Ltd,Suspended,F ,500000.00,INE824H14NB4, ,Commercial Papers,-,-,-,-
725794,SIKKA PORTS & TERMINALS LTD,SPTL301023,SIKKA PORTS & TERMINALS LTD,Delisted,F ,500000.00,INE941D14477, ,Commercial Papers,-,-,-,-
725795,Highways Infrastructure Trust,HFT311023,Highways Infrastructure Trust,Active,F ,500000.00,INE0KXY14014, ,Commercial Papers,-,-,-,-
725796,HDFC Securities Limited,HDFCS311023,HDFC Securities Ltd,Delisted,F ,500000.00,INE700G14HB0, ,Commercial Papers,-,-,-,-
725797,Larsen & Toubro Limited,LTL311023,Larsen & Toubro Ltd,Delisted,F ,500000.00,INE018A14KE8, ,Commercial Papers,-,-,-,-
725798,Navi Finserv Limited,NFL311023,Navi Finserv Ltd,Delisted,F ,500000.00,INE342T14912, ,Commercial Papers,-,-,-,-
725799,Kotak Mahindra Prime Limited,KMPL011123,Kotak Mahindra Prime Ltd,Delisted,F ,500000.00,INE916D142U0, ,Commercial Papers,-,-,-,-
725800,Nuvama Wealth Finance Limited,NWFL011123,Nuvama Wealth Finance Ltd,Suspended,F ,500000.00,INE918K14AS9, ,Commercial Papers,-,-,-,-
725801,Axis Finance Limited,AFL011123,Axis Finance Ltd,Suspended,F ,500000.00,INE891K14MS3, ,Commercial Papers,-,-,-,-
725802,Axis Finance Limited,AFL01112023,Axis Finance Ltd,Delisted,F ,500000.00,INE891K14MR5, ,Commercial Papers,-,-,-,-
725803,Motilal Oswal Financial Services Limited,MOFSL011123,Motilal Oswal Financial Services Ltd,Delisted,F ,500000.00,INE338I14FV7, ,Commercial Papers,-,-,-,-
725804,J.K. CEMENT LTD,JKCL011123,JK CEMENT LTD,Delisted,F ,500000.00,INE823G14975, ,Commercial Papers,-,-,-,-
725805,HDFC Securities Limited,HSL011123,HDFC Securities Ltd,Delisted,F ,500000.00,INE700G14HC8, ,Commercial Papers,-,-,-,-
725806,ICICI Securities Limited,ISL011123,ICICI Securities Ltd,Delisted,F ,500000.00,INE763G14RJ0, ,Commercial Papers,-,-,-,-
725807,ICICI Securities Limited,ISL01112023,ICICI Securities Ltd,Suspended,F ,500000.00,INE763G14RI2, ,Commercial Papers,-,-,-,-
725808,ICICI Securities Limited,ISL021123,ICICI Securities Ltd,Delisted,F ,500000.00,INE763G14RH4, ,Commercial Papers,-,-,-,-
725809,Reliance Retail Ventures Limited,RRVL021123,Reliance Retail Ventures Ltd,Delisted,F ,500000.00,INE929O14BA4, ,Commercial Papers,-,-,-,-
725810,Krazybee Services Private Limited,KSPL21123,Krazybee Services Pvt Ltd,Suspended,F ,500000.00,INE07HK14151, ,Commercial Papers,-,-,-,-
725811,Dwarikesh Sugar Industries Ltd.,DSIL31123,Dwarikesh Sugar Industries Ltd,Delisted,F ,500000.00,INE366A14135, ,Commercial Papers,-,-,-,-
725812,Muthoot Capital Services Ltd.,MCSL31123,Muthoot Capital Services Ltd,Suspended,F ,500000.00,INE296G14164, ,Commercial Papers,-,-,-,-
725813,Kotak Securities Limited,KSL031123,Kotak Securities Ltd,Delisted,F ,500000.00,INE028E14ML0, ,Commercial Papers,-,-,-,-
725814,Motilal Oswal Financial Services Limited,MOFSL21123,Motilal Oswal Financial Services Ltd,Delisted,F ,500000.00,INE338I14FW5, ,Commercial Papers,-,-,-,-
725815,Motilal Oswal Financial Services Limited,MOFSL021123,Motilal Oswal Financial Services Ltd,Suspended,F ,500000.00,INE338I14FZ8, ,Commercial Papers,-,-,-,-
725816,ECL Finance Limited,EFL031123,ECL Finance Ltd,Delisted,F ,500000.00,INE804I14WK6, ,Commercial Papers,-,-,-,-
725817,POONAWALLA FINCORP LIMITED,PFL031123,POONAWALLA FINCORP Ltd,Delisted,F ,500000.00,INE511C14VS5, ,Commercial Papers,-,-,-,-
725818,Can Fin Homes Ltd.,CFHL31123,Can Fin Homes Ltd,Delisted,F ,500000.00,INE477A14CQ7, ,Commercial Papers,-,-,-,-
725819,POONAWALLA FINCORP LIMITED,PFL31123,POONAWALLA FINCORP Ltd,Delisted,F ,500000.00,INE511C14VT3, ,Commercial Papers,-,-,-,-
725820,Motilal Oswal Finvest Limited,MOFL031123,Motilal Oswal Finvest Ltd,Delisted,F ,500000.00,INE01WN14AL4, ,Commercial Papers,-,-,-,-
725821,360 ONE Prime Limited,360OPL31123,360 ONE Prime Ltd,Delisted,F ,500000.00,INE248U14OI2, ,Commercial Papers,-,-,-,-
725822,Motilal Oswal Financial Services Limited,MOFSL31123,Motilal Oswal Financial Services Ltd,Delisted,F ,500000.00,INE338I14FY1, ,Commercial Papers,-,-,-,-
725823,Motilal Oswal Financial Services Limited,MOFSL31123A,Motilal Oswal Financial Services Ltd,Active,F ,500000.00,INE338I14GA9, ,Commercial Papers,-,-,-,-
725824,Network 18 Media & Investments Limited,N18MIL61123,Network 18 Media & Investments Ltd,Delisted,F ,500000.00,INE870H14RL7, ,Commercial Papers,-,-,-,-
725825,Time Technoplast Limited,TTL61123,Time Technoplast Ltd,Suspended,F ,500000.00,INE508G14EZ3, ,Commercial Papers,-,-,-,-
725826,ICICI Securities Limited,ISEC61123,ICICI Securities Ltd,Delisted,F ,500000.00,INE763G14RK8, ,Commercial Papers,-,-,-,-
725827,Larsen & Toubro Limited,LTL061123,Larsen & Toubro Ltd,Suspended,F ,500000.00,INE018A14KF5, ,Commercial Papers,-,-,-,-
725828,Tata Realty and Infrastructure Limited,TRIL031123,Tata Realty and Infrastructure Ltd,Delisted,F ,500000.00,INE371K14BQ3, ,Commercial Papers,-,-,-,-
725829,NLC Tamilnadu Power Limited,NTPL061123,NLC Tamilnadu Power Ltd,Delisted,F ,500000.00,INE05C614386, ,Commercial Papers,-,-,-,-
725830,360 ONE Prime Limited,360OPL61123,360 ONE Prime Ltd,Delisted,F ,500000.00,INE248U14OJ0, ,Commercial Papers,-,-,-,-
725831,Hinduja Leyland Finance Limited,HLFL061123,Hinduja Leyland Finance Ltd,Delisted,F ,500000.00,INE146O14BM0, ,Commercial Papers,-,-,-,-
725832,360 ONE WAM LIMITED,360OWL61123,360 ONE WAM Ltd,Delisted,F ,500000.00,INE466L14CI4, ,Commercial Papers,-,-,-,-
725833,Motilal Oswal Financial Services Limited,MOFSL61123,Motilal Oswal Financial Services Ltd,Delisted,F ,500000.00,INE338I14FX3, ,Commercial Papers,-,-,-,-
725834,STANDARD CHARTERED CAPITAL LIMITED,SCCL71123,STANDARD CHARTERED CAPITAL Ltd,Suspended,F ,500000.00,INE403G14RQ8, ,Commercial Papers,-,-,-,-
725835,birla Group Holdings Private Limited,BGHPL71123,birla Group Holdings Pvt Ltd,Delisted,F ,500000.00,INE09OL14EC9, ,Commercial Papers,-,-,-,-
725836,Tata Power Co. Ltd,TPCL71123,Tata Power Co Ltd,Delisted,F ,500000.00,INE245A14JC3, ,Commercial Papers,-,-,-,-
725837,Network 18 Media & Investments Limited,NMIL071123,Network 18 Media & Investments Ltd,Delisted,F ,500000.00,INE870H14RM5, ,Commercial Papers,-,-,-,-
725838,Kotak Mahindra Prime Limited,KMPL071123,Kotak Mahindra Prime Ltd,Delisted,F ,500000.00,INE916D142V8, ,Commercial Papers,-,-,-,-
725839,Kotak Securities Limited,KSL071123,Kotak Securities Ltd,Suspended,F ,500000.00,INE028E14MM8, ,Commercial Papers,-,-,-,-
725840,ICICI Securities Limited,ISL071123,ICICI Securities Ltd,Delisted,F ,500000.00,INE763G14RL6, ,Commercial Papers,-,-,-,-
725841,Motilal Oswal Finvest Limited,MOFL71123,Motilal Oswal Finvest Ltd,Delisted,F ,500000.00,INE01WN14AK6, ,Commercial Papers,-,-,-,-
725842,Motilal Oswal Finvest Limited,MOFL71123A,Motilal Oswal Finvest Ltd,Delisted,F ,500000.00,INE01WN14AM2, ,Commercial Papers,-,-,-,-
725843,Infina Finance Private Limited,IFPL071123,Infina Finance Pvt Ltd,Delisted,F ,500000.00,INE879F14IH9, ,Commercial Papers,-,-,-,-
725844,Kotak Securities Limited,KSL081123,Kotak Securities Ltd,Delisted,F ,500000.00,INE028E14MN6, ,Commercial Papers,-,-,-,-
725845,STANDARD CHARTERED CAPITAL LIMITED,SCCL081123,STANDARD CHARTERED CAPITAL Ltd,Suspended,F ,500000.00,INE403G14RR6, ,Commercial Papers,-,-,-,-
725846,HDFC Securities Limited,HSL081123,HDFC Securities Ltd,Delisted,F ,500000.00,INE700G14HD6, ,Commercial Papers,-,-,-,-
725847,Network 18 Media & Investments Limited,NMIL081123,Network 18 Media & Investments Ltd,Delisted,F ,500000.00,INE870H14RN3, ,Commercial Papers,-,-,-,-
725848,Kotak Mahindra Investments Limited,KMIL071123,Kotak Mahindra Investments Ltd,Delisted,F ,500000.00,INE975F14ZB2, ,Commercial Papers,-,-,-,-
725849,Nuvama Wealth and Investment Limited,NWIL081123,Nuvama Wealth and Investment Ltd,Delisted,F ,500000.00,INE523L14625, ,Commercial Papers,-,-,-,-
725850,Network 18 Media & Investments Limited,NMIL091123,Network 18 Media & Investments Ltd,Delisted,F ,500000.00,INE870H14RP8, ,Commercial Papers,-,-,-,-
725851,SEIL Energy India Limited,SEIL081123,SEIL Energy India Ltd,Delisted,F ,500000.00,INE460M14529, ,Commercial Papers,-,-,-,-
725852,Kotak Mahindra Prime Limited,KMPL091123,Kotak Mahindra Prime Ltd,Delisted,F ,500000.00,INE916D142X4, ,Commercial Papers,-,-,-,-
725853,SEIL Energy India Limited,SEIL091123,SEIL Energy India Ltd,Delisted,F ,500000.00,INE460M14537, ,Commercial Papers,-,-,-,-
725854,Pilani Investment And Industries Corporation Limited,PIICL081123,Pilani Investment And Industries Corporation Ltd,Delisted,F ,500000.00,INE417C14603, ,Commercial Papers,-,-,-,-
725855,Kotak Mahindra Prime Limited,KMPL91123,Kotak Mahindra Prime Ltd,Active,F ,500000.00,INE916D142W6, ,Commercial Papers,-,-,-,-
725856,Axis Securities Limited,ASL081123,Axis Securities Ltd,Delisted,F ,500000.00,INE110O14BC7, ,Commercial Papers,-,-,-,-
725857,GIC Housing Finance Ltd.,GICHFL91123,GIC Housing Finance Ltd,Delisted,F ,500000.00,INE289B14IR9, ,Commercial Papers,-,-,-,-
725858,Julius Baer Capital (India) Private Limited,JBCPL91123,Julius Baer Capital (India) Pvt Ltd,Suspended,F ,500000.00,INE824H14NC2, ,Commercial Papers,-,-,-,-
725859,Aditya Birla Housing Finance Limited,ABHF081123,Aditya Birla Housing Finance Ltd,Delisted,F ,500000.00,INE831R14DA1, ,Commercial Papers,-,-,-,-
725860,STANDARD CHARTERED CAPITAL LIMITED,SCCL091123,STANDARD CHARTERED CAPITAL Ltd,Suspended,F ,500000.00,INE403G14RS4, ,Commercial Papers,-,-,-,-
725861,Bajaj Finance Limited,BFL81123,Bajaj Finance Ltd,Delisted,F ,500000.00,INE296A14WE5, ,Commercial Papers,-,-,-,-
725862,Motilal Oswal Finvest Limited,MOFL81123,Motilal Oswal Finvest Ltd,Suspended,F ,500000.00,INE01WN14AN0, ,Commercial Papers,-,-,-,-
725863,Aditya Birla Fashion and Retail Limited,ABFRL81123,ABFRL-6-2-24-CP,Delisted,F ,500000.00,INE647O14EZ3, ,Commercial Papers,-,-,-,-
725864,Kotak Mahindra Investments Limited,KMIL091123,Kotak Mahindra Investments Ltd,Delisted,F ,500000.00,INE975F14ZC0, ,Commercial Papers,-,-,-,-
725865,360 ONE WAM LIMITED,360OWL91123,360 ONE WAM Ltd,Delisted,F ,500000.00,INE466L14CJ2, ,Commercial Papers,-,-,-,-
725866,Hinduja Leyland Finance Limited,HLFL091123,Hinduja Leyland Finance Ltd,Delisted,F ,500000.00,INE146O14BN8, ,Commercial Papers,-,-,-,-
725867,Infina Finance Private Limited,IFPL091123,Infina Finance Pvt Ltd,Delisted,F ,500000.00,INE879F14II7, ,Commercial Papers,-,-,-,-
725868,Bajaj Finance Limited,BFL091123,Bajaj Finance Ltd,Delisted,F ,500000.00,INE296A14WF2, ,Commercial Papers,-,-,-,-
725869,Kotak Mahindra Investments Limited,KMIL101123,Kotak Mahindra Investments Ltd,Delisted,F ,500000.00,INE975F14ZD8, ,Commercial Papers,-,-,-,-
725870,Pilani Investment And Industries Corporation Limited,PIICL101123,Pilani Investment And Industries Corporation Ltd,Delisted,F ,500000.00,INE417C14595, ,Commercial Papers,-,-,-,-
725871,Tata Realty and Infrastructure Limited,TRIL091123,Tata Realty and Infrastructure Ltd,Delisted,F ,500000.00,INE371K14BR1, ,Commercial Papers,-,-,-,-
725872,Tata Realty and Infrastructure Limited,TRIL91123,Tata Realty and Infrastructure Ltd,Suspended,F ,500000.00,INE371K14BS9, ,Commercial Papers,-,-,-,-
725873,Time Technoplast Limited,TTL101123,Time Technoplast Ltd,Delisted,F ,500000.00,INE508G14FB1, ,Commercial Papers,-,-,-,-
725874,ICICI HOME FINANCE COMPANY LIMITED,IHFCL101123,ICICI HOME FINANCE COMPANY Ltd,Delisted,F ,500000.00,INE071G14FB0, ,Commercial Papers,-,-,-,-
725875,birla Group Holdings Private Limited,BGHPL101123,birla Group Holdings Pvt Ltd,Suspended,F ,500000.00,INE09OL14ED7, ,Commercial Papers,-,-,-,-
725876,Bajaj Finance Limited,BFL91123,Bajaj Finance Ltd,Delisted,F ,500000.00,INE296A14WG0, ,Commercial Papers,-,-,-,-
725877,ICICI Securities Limited,ISL101123,ICICI Securities Ltd,Delisted,F ,500000.00,INE763G14RN2, ,Commercial Papers,-,-,-,-
725878,ICICI Securities Limited,ISL101123A,ISL-25-3-24-CP,Suspended,F ,500000.00,INE763G14RM4, ,Commercial Papers,-,-,-,-
725879,ICICI Securities Limited,ISL101123B,ISL-9-8-24-CP,Suspended,F ,500000.00,INE763G14RO0, ,Commercial Papers,-,-,-,-
725880,Network 18 Media & Investments Limited,NMIL101123,NMIL-9-2-24-CP,Delisted,F ,500000.00,INE870H14RO1, ,Commercial Papers,-,-,-,-
725881,Muthoot Capital Services Ltd.,MCSL91123,MCSL-29-3-24-CP,Suspended,F ,500000.00,INE296G14172, ,Commercial Papers,-,-,-,-
725882,360 ONE Prime Limited,360OPL91123,360OPL-8-2-24-CP,Delisted,F ,500000.00,INE248U14OK8, ,Commercial Papers,-,-,-,-
725883,SIKKA PORTS & TERMINALS LTD,SPTL131123,SIKKA PORTS & TERMINALS LTD,Delisted,F ,500000.00,INE941D14485, ,Commercial Papers,-,-,-,-
725884,PAISALO DIGITAL LIMITED,PDL101123,PAISALO DIGITAL Ltd,Delisted,F ,500000.00,INE420C14029, ,Commercial Papers,-,-,-,-
725885,PAISALO DIGITAL LIMITED,PDL101123A,PAISALO DIGITAL Ltd,Delisted,F ,500000.00,INE420C14037, ,Commercial Papers,-,-,-,-
725886,PAISALO DIGITAL LIMITED,PDL101123B,PAISALO DIGITAL Ltd,Delisted,F ,500000.00,INE420C14045, ,Commercial Papers,-,-,-,-
725887,Kotak Securities Limited,KSL131123,Kotak Securities Ltd,Delisted,F ,500000.00,INE028E14MO4, ,Commercial Papers,-,-,-,-
725888,L&T Metro Rail (Hyderabad) Limited,LTMR101123,L&T Metro Rail (Hyderabad) Ltd,Delisted,F ,500000.00,INE128M14696, ,Commercial Papers,-,-,-,-
725889,Sterlite Technologies Limited.,STL151123,Sterlite Technologies Ltd,Delisted,F ,500000.00,INE089C14DB6, ,Commercial Papers,-,-,-,-
725890,ICICI Securities Limited,ISEC151123,ICICI Securities Ltd,Active,F ,500000.00,INE763G14RP7, ,Commercial Papers,-,-,-,-
725891,HDFC Securities Limited,HSL151123,HDFC Securities Ltd,Delisted,F ,500000.00,INE700G14HE4, ,Commercial Papers,-,-,-,-
725892,Bajaj Finance Limited,BFL131123,Bajaj Finance Ltd,Delisted,F ,500000.00,INE296A14WH8, ,Commercial Papers,-,-,-,-
725893,Axis Securities Limited,ASL151123,Axis Securities Ltd,Delisted,F ,500000.00,INE110O14BD5, ,Commercial Papers,-,-,-,-
725894,Reliance Retail Ventures Limited,RRVL151123,Reliance Retail Ventures Ltd,Delisted,F ,500000.00,INE929O14BB2, ,Commercial Papers,-,-,-,-
725895,HDFC Securities Limited,HDFCS161123,HDFC Securities Ltd,Delisted,F ,500000.00,INE700G14HG9, ,Commercial Papers,-,-,-,-
725896,Tata Power Co. Ltd,TPCL161123,Tata Power Co Ltd,Delisted,F ,500000.00,INE245A14JD1, ,Commercial Papers,-,-,-,-
725897,Julius Baer Capital (India) Private Limited,JBCIP161123,Julius Baer Capital (India) Pvt Ltd,Active,F ,500000.00,INE824H14ND0, ,Commercial Papers,-,-,-,-
725898,Axis Securities Limited,ASL161123,Axis Securities Ltd,Delisted,F ,500000.00,INE110O14BF0, ,Commercial Papers,-,-,-,-
725899,Bajaj Finance Limited,BFL151123,Bajaj Finance Ltd,Delisted,F ,500000.00,INE296A14WJ4, ,Commercial Papers,-,-,-,-
725900,Nuvama Wealth Finance Limited,NWFL161123,Nuvama Wealth Finance Ltd,Delisted,F ,500000.00,INE918K14AT7, ,Commercial Papers,-,-,-,-
725901,KEC International Ltd.,KIL161123,KEC International Ltd,Delisted,F ,500000.00,INE389H14JZ5, ,Commercial Papers,-,-,-,-
725902,ICICI HOME FINANCE COMPANY LIMITED,IHFCL171123,ICICI HOME FINANCE COMPANY Ltd,Delisted,F ,500000.00,INE071G14FC8, ,Commercial Papers,-,-,-,-
725903,Kotak Securities Limited,KSL171123,Kotak Securities Ltd,Delisted,F ,500000.00,INE028E14MP1, ,Commercial Papers,-,-,-,-
725904,ICICI Securities Limited,ISL171123,ICICI Securities Ltd,Delisted,F ,500000.00,INE763G14RQ5, ,Commercial Papers,-,-,-,-
725905,Julius Baer Capital (India) Private Limited,JBCIP171123,Julius Baer Capital (India) Pvt Ltd,Suspended,F ,500000.00,INE824H14NF5, ,Commercial Papers,-,-,-,-
725906,Julius Baer Capital (India) Private Limited,JBCPL171123,Julius Baer Capital (India) Pvt Ltd,Delisted,F ,500000.00,INE824H14NE8, ,Commercial Papers,-,-,-,-
725907,Tata Power Co. Ltd,TPCL171123,Tata Power Co Ltd,Delisted,F ,500000.00,INE245A14JE9, ,Commercial Papers,-,-,-,-
725908,HDFC Securities Limited,HSL171123,HDFC Securities Ltd,Delisted,F ,500000.00,INE700G14HF1, ,Commercial Papers,-,-,-,-
725909,L&T Metro Rail (Hyderabad) Limited,LTMRL171123,L&T Metro Rail (Hyderabad) Ltd,Delisted,F ,500000.00,INE128M14704, ,Commercial Papers,-,-,-,-
725910,JSW Energy Limited,JEL171123,JSW Energy Ltd,Delisted,F ,500000.00,INE121E14326, ,Commercial Papers,-,-,-,-
725911,Reliance Retail Ventures Limited,RRVL171123,Reliance Retail Ventures Ltd,Delisted,F ,500000.00,INE929O14BC0, ,Commercial Papers,-,-,-,-
725912,Navi Finserv Limited,NFL171123,Navi Finserv Ltd,Suspended,F ,500000.00,INE342T14920, ,Commercial Papers,-,-,-,-
725913,Axis Finance Limited,AFL201123,Axis Finance Ltd,Delisted,F ,500000.00,INE891K14MT1, ,Commercial Papers,-,-,-,-
725914,TRUST INVESTMENT ADVISORS PRIVATE LIMITED,TIAPL201123,TRUST INVESTMENT ADVISORS Pvt Ltd,Delisted,F ,500000.00,INE723X14FV9, ,Commercial Papers,-,-,-,-
725915,Protium Finance Limited,PFL171123,Protium Finance Ltd,Delisted,F ,500000.00,INE0O3514012, ,Commercial Papers,-,-,-,-
725916,birla Group Holdings Private Limited,BGHPL201123,birla Group Holdings Pvt Ltd,Delisted,F ,500000.00,INE09OL14EE5, ,Commercial Papers,-,-,-,-
725917,Grasim Industries Ltd,GIL201123,Grasim Industries Ltd,Delisted,F ,500000.00,INE047A14859, ,Commercial Papers,-,-,-,-
725918,Bajaj Finance Limited,BFL171123,BFL-16-2-24-CP,Delisted,F ,500000.00,INE296A14WI6, ,Commercial Papers,-,-,-,-
725919,Jamnagar Utilities & Power Private Limited,JUPPL201123,Jamnagar Utilities & Power Pvt Ltd,Delisted,F ,500000.00,INE936D14303, ,Commercial Papers,-,-,-,-
725920,HDFC Securities Limited,HSL201123,HDFC Securities Ltd,Delisted,F ,500000.00,INE700G14HJ3, ,Commercial Papers,-,-,-,-
725921,TATA STEEL LIMITED,TSL201123,TATA STEEL Ltd,Delisted,F ,500000.00,INE081A14EO8, ,Commercial Papers,-,-,-,-
725922,TATA STEEL LIMITED,TSL201123A,TATA STEEL Ltd,Delisted,F ,500000.00,INE081A14EP5, ,Commercial Papers,-,-,-,-
725923,HDFC Securities Limited,HDFCS201123,HDFC Securities Ltd,Delisted,F ,500000.00,INE700G14HI5, ,Commercial Papers,-,-,-,-
725924,HDFC Securities Limited,HDFCS211123,HDFC Securities Ltd,Delisted,F ,500000.00,INE700G14HK1, ,Commercial Papers,-,-,-,-
725925,Tata Power Co. Ltd,TPCL211123,Tata Power Co Ltd,Delisted,F ,500000.00,INE245A14JF6, ,Commercial Papers,-,-,-,-
725926,HDFC Securities Limited,HSL201123A,HDFC Securities Ltd,Delisted,F ,500000.00,INE700G14HH7, ,Commercial Papers,-,-,-,-
725927,ICICI Securities Limited,ISL211123,ICICI Securities Ltd,Delisted,F ,500000.00,INE763G14RR3, ,Commercial Papers,-,-,-,-
725928,Axis Finance Limited,AFL211123,Axis Finance Ltd,Delisted,F ,500000.00,INE891K14MU9, ,Commercial Papers,-,-,-,-
725929,Tata Housing Development Company Limited,THDCL201123,Tata Housing Development Company Ltd,Delisted,F ,500000.00,INE582L14HB2, ,Commercial Papers,-,-,-,-
725930,SIKKA PORTS & TERMINALS LTD,SPTL201123,SIKKA PORTS & TERMINALS LTD,Delisted,F ,500000.00,INE941D14493, ,Commercial Papers,-,-,-,-
725931,REC LIMITED,RECL211123,REC Ltd,Delisted,F ,500000.00,INE020B14680, ,Commercial Papers,-,-,-,-
725932,Bajaj Financial Securities Limited,BFSL221123,Bajaj Financial Securities Ltd,Suspended,F ,500000.00,INE01C314569, ,Commercial Papers,-,-,-,-
725933,Axis Securities Limited,ASL221123,Axis Securities Ltd,Delisted,F ,500000.00,INE110O14BE3, ,Commercial Papers,-,-,-,-
725934,Nuvama Wealth and Investment Limited,NWIL221123,Nuvama Wealth and Investment Ltd,Delisted,F ,500000.00,INE523L14658, ,Commercial Papers,-,-,-,-
725935,Julius Baer Capital (India) Private Limited,JBCPL221123,Julius Baer Capital (India) Pvt Ltd,Delisted,F ,500000.00,INE824H14NG3, ,Commercial Papers,-,-,-,-
725936,Bajaj Finance Limited,BFL211123,Bajaj Finance Ltd,Delisted,F ,500000.00,INE296A14WK2, ,Commercial Papers,-,-,-,-
725937,Godrej Finance Limited,GFL221123,Godrej Finance Ltd,Delisted,F ,500000.00,INE02KN14168, ,Commercial Papers,-,-,-,-
725938,Nuvama Wealth Finance Limited,NWFL221123,Nuvama Wealth Finance Ltd,Delisted,F ,500000.00,INE918K14AV3, ,Commercial Papers,-,-,-,-
725939,Nuvama Wealth Finance Limited,NWFL221123A,Nuvama Wealth Finance Ltd,Suspended,F ,500000.00,INE918K14AU5, ,Commercial Papers,-,-,-,-
725940,Network 18 Media & Investments Limited,NMIL221123,Network 18 Media & Investments Ltd,Delisted,F ,500000.00,INE870H14RR4, ,Commercial Papers,-,-,-,-
725941,Aditya Birla Housing Finance Limited,ABHFL221123,Aditya Birla Housing Finance Ltd,Delisted,F ,500000.00,INE831R14DB9, ,Commercial Papers,-,-,-,-
725942,GIC Housing Finance Ltd.,GHFL231123,GIC Housing Finance Ltd,Delisted,F ,500000.00,INE289B14IS7, ,Commercial Papers,-,-,-,-
725943,Axis Finance Limited,AFL231123,Axis Finance Ltd,Delisted,F ,500000.00,INE891K14MV7, ,Commercial Papers,-,-,-,-
725944,Sterlite Technologies Limited.,STL231123,Sterlite Technologies Ltd,Delisted,F ,500000.00,INE089C14DC4, ,Commercial Papers,-,-,-,-
725945,ICICI Securities Limited,ISL231123,ICICI Securities Ltd,Delisted,F ,500000.00,INE763G14RS1, ,Commercial Papers,-,-,-,-
725946,ICICI Securities Limited,ISL231123A,ICICI Securities Ltd,Active,F ,500000.00,INE763G14RT9, ,Commercial Papers,-,-,-,-
725947,Bajaj Financial Securities Limited,BFSL231123,Bajaj Financial Securities Ltd,Delisted,F ,500000.00,INE01C314577, ,Commercial Papers,-,-,-,-
725948,HDFC Securities Limited,HSL231123,HDFC Securities Ltd,Delisted,F ,500000.00,INE700G14HL9, ,Commercial Papers,-,-,-,-
725949,J.K. CEMENT LTD,JKCL231123,JK CEMENT LTD,Delisted,F ,500000.00,INE823G14983, ,Commercial Papers,-,-,-,-
725950,Godrej Housing Finance Limited,GHFLD231123,Godrej Housing Finance Ltd,Delisted,F ,500000.00,INE02JD14310, ,Commercial Papers,-,-,-,-
725951,SBICAP Securities Limited,SBICAPS2311,SBICAP Securities Ltd,Delisted,F ,500000.00,INE212K14254, ,Commercial Papers,-,-,-,-
725952,Kotak Securities Limited,KSL231123,Kotak Securities Ltd,Delisted,F ,500000.00,INE028E14MQ9, ,Commercial Papers,-,-,-,-
725953,Krazybee Services Private Limited,KSPL231123,Krazybee Services Pvt Ltd,Suspended,F ,500000.00,INE07HK14169, ,Commercial Papers,-,-,-,-
725954,Kotak Mahindra Prime Limited,KMPL241123,Kotak Mahindra Prime Ltd,Delisted,F ,500000.00,INE916D142Y2, ,Commercial Papers,-,-,-,-
725955,SBICAP Securities Limited,SBISL241123,SBICAP Securities Ltd,Suspended,F ,500000.00,INE212K14247, ,Commercial Papers,-,-,-,-
725956,Century Textiles & Industries Ltd.,CTIL231123,Century Textiles & Industries Ltd,Suspended,F ,500000.00,INE055A14JS2, ,Commercial Papers,-,-,-,-
725957,Godrej Housing Finance Limited,GHFL241123,Godrej Housing Finance Ltd,Delisted,F ,500000.00,INE02JD14328, ,Commercial Papers,-,-,-,-
725958,Tata Power Co. Ltd,TPCL241123,Tata Power Co Ltd,Delisted,F ,500000.00,INE245A14JG4, ,Commercial Papers,-,-,-,-
725959,Godrej Finance Limited,GFL241123,Godrej Finance Ltd,Delisted,F ,500000.00,INE02KN14176, ,Commercial Papers,-,-,-,-
725960,Network 18 Media & Investments Limited,NMIL241123,Network 18 Media & Investments Ltd,Delisted,F ,500000.00,INE870H14RQ6, ,Commercial Papers,-,-,-,-
725961,ICICI Securities Limited,ISEC241123,ICICI Securities Ltd,Delisted,F ,500000.00,INE763G14RU7, ,Commercial Papers,-,-,-,-
725962,Time Technoplast Limited,TTL241123,Time Technoplast Ltd,Suspended,F ,500000.00,INE508G14FE5, ,Commercial Papers,-,-,-,-
725963,J.K. CEMENT LTD,JKCL241123,JK CEMENT LTD,Delisted,F ,500000.00,INE823G14991, ,Commercial Papers,-,-,-,-
725964,HDFC Securities Limited,HSL241123,HDFC Securities Ltd,Delisted,F ,500000.00,INE700G14HM7, ,Commercial Papers,-,-,-,-
725965,Kotak Mahindra Investments Limited,KMIL241123,Kotak Mahindra Investments Ltd,Delisted,F ,500000.00,INE975F14ZE6, ,Commercial Papers,-,-,-,-
725966,Axis Securities Limited,ASL281123,Axis Securities Ltd,Delisted,F ,500000.00,INE110O14BG8, ,Commercial Papers,-,-,-,-
725967,Network 18 Media & Investments Limited,NMIL281123,Network 18 Media & Investments Ltd,Delisted,F ,500000.00,INE870H14RS2, ,Commercial Papers,-,-,-,-
725968,Infina Finance Private Limited,IFPL241123,Infina Finance Pvt Ltd,Delisted,F ,500000.00,INE879F14IJ5, ,Commercial Papers,-,-,-,-
725969,Infina Finance Private Limited,IFPL241123A,Infina Finance Pvt Ltd,Delisted,F ,500000.00,INE879F14IK3, ,Commercial Papers,-,-,-,-
725970,ONGC Petro additions Limited.,OPAL241123,ONGC Petro additions Ltd,Suspended,F ,500000.00,INE163N14352, ,Commercial Papers,-,-,-,-
725971,Bajaj Financial Securities Limited,BFSL281123,Bajaj Financial Securities Ltd,Delisted,F ,500000.00,INE01C314593, ,Commercial Papers,-,-,-,-
725972,birla Group Holdings Private Limited,BGHPL281123,birla Group Holdings Pvt Ltd,Delisted,F ,500000.00,INE09OL14EF2, ,Commercial Papers,-,-,-,-
725973,Reliance Industries Ltd,RIL281123,Reliance Industries Ltd,Delisted,F ,500000.00,INE002A14KJ1, ,Commercial Papers,-,-,-,-
725974,Julius Baer Capital (India) Private Limited,JBCPL281123,Julius Baer Capital (India) Pvt Ltd,Delisted,F ,500000.00,INE824H14NH1, ,Commercial Papers,-,-,-,-
725975,Reliance Retail Ventures Limited,RRVL241123,Reliance Retail Ventures Ltd,Delisted,F ,500000.00,INE929O14BD8, ,Commercial Papers,-,-,-,-
725976,BOBCARD LIMITED,BOB241123,BOB Financial Solutions Ltd,Suspended,F ,500000.00,INE027214506, ,Commercial Papers,-,-,-,-
725977,Bajaj Housing Finance Limited,BHFL281123,Bajaj Housing Finance Ltd,Delisted,F ,500000.00,INE377Y14AN0, ,Commercial Papers,-,-,-,-
725978,ARKA FINCAP LIMITED,AFL291123,ARKA FINCAP Ltd,Delisted,F ,500000.00,INE03W114476, ,Commercial Papers,-,-,-,-
725979,POONAWALLA FINCORP LIMITED,PFL281123,POONAWALLA FINCORP Ltd,Delisted,F ,500000.00,INE511C14VU1, ,Commercial Papers,-,-,-,-
725980,POONAWALLA FINCORP LIMITED,PFL28112023,POONAWALLA FINCORP Ltd,Suspended,F ,500000.00,INE511C14VW7, ,Commercial Papers,-,-,-,-
725981,Bajaj Financial Securities Limited,BFSL291123,Bajaj Financial Securities Ltd,Delisted,F ,500000.00,INE01C314585, ,Commercial Papers,-,-,-,-
725982,SIKKA PORTS & TERMINALS LTD,SPTL281123,SIKKA PORTS & TERMINALS LTD,Delisted,F ,500000.00,INE941D14501, ,Commercial Papers,-,-,-,-
725983,Time Technoplast Limited,TTL291123,Time Technoplast Ltd,Delisted,F ,500000.00,INE508G14FF2, ,Commercial Papers,-,-,-,-
725984,Muthoot Capital Services Ltd.,MCSL291123,Muthoot Capital Services Ltd,Suspended,F ,500000.00,INE296G14180, ,Commercial Papers,-,-,-,-
725985,Reliance Industries Ltd,RIL291123,Reliance Industries Ltd,Delisted,F ,500000.00,INE002A14KK9, ,Commercial Papers,-,-,-,-
725986,Ashv Finance Limited,ASFL291123,Ashv Finance Ltd,Suspended,F ,500000.00,INE411R14026, ,Commercial Papers,-,-,-,-
725987,Kotak Securities Limited,KSL301123,Kotak Securities Ltd,Delisted,F ,500000.00,INE028E14MR7, ,Commercial Papers,-,-,-,-
725988,ICICI Securities Limited,ISEC301123,ICICI Securities Ltd,Delisted,F ,500000.00,INE763G14RV5, ,Commercial Papers,-,-,-,-
725989,ICICI Securities Limited,ISEC301123A,ICICI Securities Ltd,Suspended,F ,500000.00,INE763G14RW3, ,Commercial Papers,-,-,-,-
725990,Sterlite Technologies Limited.,STL301123,Sterlite Technologies Ltd,Delisted,F ,500000.00,INE089C14DD2, ,Commercial Papers,-,-,-,-
725991,POONAWALLA FINCORP LIMITED,PFL291123,POONAWALLA FINCORP Ltd,Delisted,F ,500000.00,INE511C14VV9, ,Commercial Papers,-,-,-,-
725992,Kotak Mahindra Prime Limited,KMPL301123,Kotak Mahindra Prime Ltd,Delisted,F ,500000.00,INE916D142Z9, ,Commercial Papers,-,-,-,-
725993,Krazybee Services Private Limited,KSPL291123,Krazybee Services Pvt Ltd,Delisted,F ,500000.00,INE07HK14177, ,Commercial Papers,-,-,-,-
725994,Reliance Industries Ltd,RIL301123,Reliance Industries Ltd,Delisted,F ,500000.00,INE002A14KI3, ,Commercial Papers,-,-,-,-
725995,Hinduja Leyland Finance Limited,HLFL291123,Hinduja Leyland Finance Ltd,Delisted,F ,500000.00,INE146O14BO6, ,Commercial Papers,-,-,-,-
725996,Hinduja Leyland Finance Limited,HLFL301123,Hinduja Leyland Finance Ltd,Delisted,F ,500000.00,INE146O14BP3, ,Commercial Papers,-,-,-,-
725997,TV18 Broadcast Ltd.,TVBL11223,TV18 Broadcast Ltd,Delisted,F ,500000.00,INE886H14IZ2, ,Commercial Papers,-,-,-,-
725998,Aditya Birla Housing Finance Limited,ABHFL301123,Aditya Birla Housing Finance Ltd,Delisted,F ,500000.00,INE831R14DC7, ,Commercial Papers,-,-,-,-
725999,HDFC Securities Limited,HDFCS301123,HDFC Securities Ltd,Delisted,F ,500000.00,INE700G14HN5, ,Commercial Papers,-,-,-,-
726000,Axis Securities Limited,ASL11223,Axis Securities Ltd,Delisted,F ,500000.00,INE110O14BH6, ,Commercial Papers,-,-,-,-
726001,Reliance Industries Ltd,RIL011223,Reliance Industries Ltd,Delisted,F ,500000.00,INE002A14KH5, ,Commercial Papers,-,-,-,-
726002,Adani Enterprises Ltd.,AEL011223,Adani Enterprises Ltd,Suspended,F ,500000.00,INE423A14TZ6, ,Commercial Papers,-,-,-,-
726003,Motilal Oswal Finvest Limited,MOFL011223,Motilal Oswal Finvest Ltd,Suspended,F ,500000.00,INE01WN14AO8, ,Commercial Papers,-,-,-,-
726004,Godrej Housing Finance Limited,GHFL41223,Godrej Housing Finance Ltd,Delisted,F ,500000.00,INE02JD14336, ,Commercial Papers,-,-,-,-
726005,Axis Securities Limited,ASL041223,Axis Securities Ltd,Delisted,F ,500000.00,INE110O14BI4, ,Commercial Papers,-,-,-,-
726006,Motilal Oswal Financial Services Limited,MOFSL011223,Motilal Oswal Financial Services Ltd,Delisted,F ,500000.00,INE338I14GC5, ,Commercial Papers,-,-,-,-
726007,Motilal Oswal Financial Services Limited,MOFS011223,Motilal Oswal Financial Services Ltd,Suspended,F ,500000.00,INE338I14GB7, ,Commercial Papers,-,-,-,-
726008,Reliance Retail Ventures Limited,RRVL011223,Reliance Retail Ventures Ltd,Delisted,F ,500000.00,INE929O14BE6, ,Commercial Papers,-,-,-,-
726009,HDFC Securities Limited,HDFCSL41223,HDFC Securities Ltd,Delisted,F ,500000.00,INE700G14HO3, ,Commercial Papers,-,-,-,-
726010,Tata Power Co. Ltd,TPCL041223,Tata Power Co Ltd,Delisted,F ,500000.00,INE245A14JH2, ,Commercial Papers,-,-,-,-
726011,ICICI Securities Limited,ISL041223,ICICI Securities Ltd,Delisted,F ,500000.00,INE763G14RX1, ,Commercial Papers,-,-,-,-
726012,Adani Enterprises Ltd.,AEL041223,Adani Enterprises Ltd,Suspended,F ,500000.00,INE423A14UA7, ,Commercial Papers,-,-,-,-
726013,Motilal Oswal Finvest Limited,MOFL041223,Motilal Oswal Finvest Ltd,Delisted,F ,500000.00,INE01WN14AP5, ,Commercial Papers,-,-,-,-
726014,Motilal Oswal Financial Services Limited,MOFSL41223,Motilal Oswal Financial Services Ltd,Delisted,F ,500000.00,INE338I14GD3, ,Commercial Papers,-,-,-,-
726015,Reliance Retail Ventures Limited,RRVL041223,Reliance Retail Ventures Ltd,Delisted,F ,500000.00,INE929O14BF3, ,Commercial Papers,-,-,-,-
726016,Godrej Finance Limited,GFL51223,Godrej Finance Ltd,Active,F ,500000.00,INE02KN14184, ,Commercial Papers,-,-,-,-
726017,Network 18 Media & Investments Limited,NMIL051223,Network 18 Media & Investments Ltd,Delisted,F ,500000.00,INE870H14RT0, ,Commercial Papers,-,-,-,-
726018,Julius Baer Capital (India) Private Limited,JBCPL051223,Julius Baer Capital (India) Pvt Ltd,Delisted,F ,500000.00,INE824H14NI9, ,Commercial Papers,-,-,-,-
726019,TV18 Broadcast Ltd.,TV18BL51223,TV18 Broadcast Ltd,Delisted,F ,500000.00,INE886H14JB1, ,Commercial Papers,-,-,-,-
726020,Larsen & Toubro Limited,LTL051223,Larsen & Toubro Ltd,Delisted,F ,500000.00,INE018A14KG3, ,Commercial Papers,-,-,-,-
726021,Godrej Housing Finance Limited,GHFL061223,Godrej Housing Finance Ltd,Suspended,F ,500000.00,INE02JD14344, ,Commercial Papers,-,-,-,-
726022,Kotak Mahindra Prime Limited,KMPL061223,Kotak Mahindra Prime Ltd,Suspended,F ,500000.00,INE916D143A0, ,Commercial Papers,-,-,-,-
726023,Network 18 Media & Investments Limited,NMIL061223,Network 18 Media & Investments Ltd,Suspended,F ,500000.00,INE870H14RU8, ,Commercial Papers,-,-,-,-
726024,Reliance Retail Ventures Limited,RRVL061223,Reliance Retail Ventures Ltd,Suspended,F ,500000.00,INE929O14BG1, ,Commercial Papers,-,-,-,-
726025,Aditya Birla Fashion and Retail Limited,ABFRL051223,Aditya Birla Fashion and Retail Ltd,Delisted,F ,500000.00,INE647O14FA3, ,Commercial Papers,-,-,-,-
726026,Motilal Oswal Finvest Limited,MOFL51223,Motilal Oswal Finvest Ltd,Delisted,F ,500000.00,INE01WN14AQ3, ,Commercial Papers,-,-,-,-
726027,Godrej Finance Limited,GFL61223,Godrej Finance Ltd,Suspended,F ,500000.00,INE02KN14192, ,Commercial Papers,-,-,-,-
726028,Axis Securities Limited,ASL061223,Axis Securities Ltd,Suspended,F ,500000.00,INE110O14BJ2, ,Commercial Papers,-,-,-,-
726029,ICICI Securities Limited,ISEC61223,ICICI Securities Ltd,Suspended,F ,500000.00,INE763G14RY9, ,Commercial Papers,-,-,-,-
726030,Kotak Securities Limited,KSL61226,Kotak Securities Ltd,Suspended,F ,500000.00,INE028E14MS5, ,Commercial Papers,-,-,-,-
726031,STANDARD CHARTERED CAPITAL LIMITED,SCCL61223,STANDARD CHARTERED CAPITAL Ltd,Active,F ,500000.00,INE403G14RT2, ,Commercial Papers,-,-,-,-
726032,Pilani Investment And Industries Corporation Limited,PIICL61223,Pilani Investment And Industries Corporation Ltd,Suspended,F ,500000.00,INE417C14611, ,Commercial Papers,-,-,-,-
726033,TV18 Broadcast Ltd.,TV18BL61223,TV18 Broadcast Ltd,Suspended,F ,500000.00,INE886H14JC9, ,Commercial Papers,-,-,-,-
726034,ICICI HOME FINANCE COMPANY LIMITED,IHFCL61223,ICICI HOME FINANCE COMPANY Ltd,Delisted,F ,500000.00,INE071G14FD6, ,Commercial Papers,-,-,-,-
726035,Julius Baer Capital (India) Private Limited,JBCPL61223,Julius Baer Capital (India) Pvt Ltd,Suspended,F ,500000.00,INE824H14NJ7, ,Commercial Papers,-,-,-,-
726036,HDFC Securities Limited,HDFCSL61223,HDFC Securities Ltd,Suspended,F ,500000.00,INE700G14HP0, ,Commercial Papers,-,-,-,-
726037,Aarti Industries Ltd,AIL061223,Aarti Industries Ltd,Delisted,F ,500000.00,INE769A14817, ,Commercial Papers,-,-,-,-
726038,Infina Finance Private Limited,IFPL61223,Infina Finance Pvt Ltd,Suspended,F ,500000.00,INE879F14IL1, ,Commercial Papers,-,-,-,-
726039,Motilal Oswal Financial Services Limited,MOFSL61223,Motilal Oswal Financial Services Ltd,Suspended,F ,500000.00,INE338I14GE1, ,Commercial Papers,-,-,-,-
726040,TATA STEEL LIMITED,TSL61223,TATA STEEL Ltd,Delisted,F ,500000.00,INE081A14EQ3, ,Commercial Papers,-,-,-,-
726041,Julius Baer Capital (India) Private Limited,JBCPL71223,Julius Baer Capital (India) Pvt Ltd,Suspended,F ,500000.00,INE824H14NK5, ,Commercial Papers,-,-,-,-
726042,Axis Finance Limited,AFL71223,Axis Finance Ltd,Suspended,F ,500000.00,INE891K14MW5, ,Commercial Papers,-,-,-,-
726043,ICICI HOME FINANCE COMPANY LIMITED,IHFCL71223,ICICI HOME FINANCE COMPANY Ltd,Suspended,F ,500000.00,INE071G14FE4, ,Commercial Papers,-,-,-,-
726044,Motilal Oswal Finvest Limited,MOFL061223,Motilal Oswal Finvest Ltd,Suspended,F ,500000.00,INE01WN14AR1, ,Commercial Papers,-,-,-,-
726045,Hinduja Leyland Finance Limited,HLFL051223,Hinduja Leyland Finance Ltd,Delisted,F ,500000.00,INE146O14BQ1, ,Commercial Papers,-,-,-,-
726046,ICICI Securities Limited,ISL071223,ICICI Securities Ltd,Active,F ,500000.00,INE763G14RZ6, ,Commercial Papers,-,-,-,-
726047,Bajaj Finance Limited,BFL061223,Bajaj Finance Ltd,Suspended,F ,500000.00,INE296A14WL0, ,Commercial Papers,-,-,-,-
726048,L&T Metro Rail (Hyderabad) Limited,LTMRH071223,L&T Metro Rail (Hyderabad) Ltd,Delisted,F ,500000.00,INE128M14712, ,Commercial Papers,-,-,-,-
726049,National Bank for Agriculture and Rural Development,NABAR071223,National Bank for Agriculture and Rural Development,Suspended,F ,500000.00,INE261F14KM6, ,Commercial Papers,-,-,-,-
726050,Sharekhan Limited,SL071223,Sharekhan Ltd,Active,F ,500000.00,INE211H14740, ,Commercial Papers,-,-,-,-
726051,HDFC Securities Limited,HDFCSL71223,HDFC Securities Ltd,Suspended,F ,500000.00,INE700G14HQ8, ,Commercial Papers,-,-,-,-
726052,Godrej Finance Limited,GFL81223,Godrej Finance Ltd,Suspended,F ,500000.00,INE02KN14200, ,Commercial Papers,-,-,-,-
726053,Redington Limited,RL081223,Redington Ltd,Suspended,F ,500000.00,INE891D14XX5, ,Commercial Papers,-,-,-,-
726054,Redington Limited,RL81223,Redington Ltd,Suspended,F ,500000.00,INE891D14XZ0, ,Commercial Papers,-,-,-,-
726055,BOBCARD LIMITED,BOB081223,BOB Financial Solutions Ltd,Suspended,F ,500000.00,INE027214514, ,Commercial Papers,-,-,-,-
726056,Hinduja Leyland Finance Limited,HLFL81223,Hinduja Leyland Finance Ltd,Suspended,F ,500000.00,INE146O14BR9, ,Commercial Papers,-,-,-,-
726057,TV18 Broadcast Ltd.,TVBL081223,TV18 Broadcast Ltd,Suspended,F ,500000.00,INE886H14JA3, ,Commercial Papers,-,-,-,-
726058,Kotak Mahindra Prime Limited,KMPL081223,Kotak Mahindra Prime Ltd,Delisted,F ,500000.00,INE916D143B8, ,Commercial Papers,-,-,-,-
726059,SBICAP Securities Limited,SSL081223,SBICAP Securities Ltd,Suspended,F ,500000.00,INE212K14262, ,Commercial Papers,-,-,-,-
726060,Bajaj Finance Limited,BFL071223,Bajaj Finance Ltd,Suspended,F ,500000.00,INE296A14WM8, ,Commercial Papers,-,-,-,-
726061,Network 18 Media & Investments Limited,NMIL081223,NMIL-7-3-24-CP,Suspended,F ,500000.00,INE870H14RV6, ,Commercial Papers,-,-,-,-
726062,Axis Securities Limited,ASL081223,ASL-7-3-24-CP,Suspended,F ,500000.00,INE110O14BK0, ,Commercial Papers,-,-,-,-
726063,Aditya Birla Housing Finance Limited,ABHFL71223,ABHFL-13-3-24-CP,Suspended,F ,500000.00,INE831R14DD5, ,Commercial Papers,-,-,-,-
726064,Motilal Oswal Financial Services Limited,MOFSL81223,Motilal Oswal Financial Services Ltd,Suspended,F ,500000.00,INE338I14GF8, ,Commercial Papers,-,-,-,-
726065,Redington Limited,RL111223,Redington Ltd,Delisted,F ,500000.00,INE891D14XY3, ,Commercial Papers,-,-,-,-
726066,National Bank for Agriculture and Rural Development,NBARD111223,National Bank for Agriculture and Rural Development,Suspended,F ,500000.00,INE261F14KN4, ,Commercial Papers,-,-,-,-
726067,360 ONE Prime Limited,360OP81223,360 ONE Prime Ltd,Suspended,F ,500000.00,INE248U14OM4, ,Commercial Papers,-,-,-,-
726068,HDFC Securities Limited,HSL111223,HDFC Securities Ltd,Suspended,F ,500000.00,INE700G14HR6, ,Commercial Papers,-,-,-,-
726069,TV18 Broadcast Ltd.,TV18111223,TV18 Broadcast Ltd,Suspended,F ,500000.00,INE886H14JD7, ,Commercial Papers,-,-,-,-
726070,ICICI Securities Limited,ISL111223,ICICI Securities Ltd,Active,F ,500000.00,INE763G14SA7, ,Commercial Papers,-,-,-,-
726071,Larsen & Toubro Limited,LTL121223,Larsen & Toubro Ltd,Suspended,F ,500000.00,INE018A14KH1, ,Commercial Papers,-,-,-,-
726072,Bajaj Finance Limited,BFL111223,Bajaj Finance Ltd,Suspended,F ,500000.00,INE296A14WN6, ,Commercial Papers,-,-,-,-
726073,360 ONE WAM LIMITED,360OW111223,360 ONE WAM Ltd,Suspended,F ,500000.00,INE466L14CK0, ,Commercial Papers,-,-,-,-
726074,Sterlite Technologies Limited.,STL121223,Sterlite Technologies Ltd,Suspended,F ,500000.00,INE089C14DE0, ,Commercial Papers,-,-,-,-
726075,L&T Metro Rail (Hyderabad) Limited,LTMRL111223,L&T Metro Rail (Hyderabad) Ltd,Suspended,F ,500000.00,INE128M14720, ,Commercial Papers,-,-,-,-
726076,TATA STEEL LIMITED,TSL111223,TATA STEEL Ltd,Suspended,F ,500000.00,INE081A14ER1, ,Commercial Papers,-,-,-,-
726077,TATA STEEL LIMITED,TSL11122023,TATA STEEL Ltd,Suspended,F ,500000.00,INE081A14ES9, ,Commercial Papers,-,-,-,-
726078,HDFC Securities Limited,HDFCS121223,HDFC Securities Ltd,Delisted,F ,500000.00,INE700G14HT2, ,Commercial Papers,-,-,-,-
726079,HDFC Credila Financial Services Ltd,HCFSL111223,HDFC Credila Financial Services Ltd,Suspended,F ,500000.00,INE539K14BF8, ,Commercial Papers,-,-,-,-
726080,HDFC Credila Financial Services Ltd,HCFSL121223,HDFC Credila Financial Services Ltd,Suspended,F ,500000.00,INE539K14BG6, ,Commercial Papers,-,-,-,-
726081,Infina Finance Private Limited,IFPL111223,Infina Finance Pvt Ltd,Active,F ,500000.00,INE879F14IM9, ,Commercial Papers,-,-,-,-
726082,Sharekhan Limited,SL111223,Sharekhan Ltd,Active,F ,500000.00,INE211H14732, ,Commercial Papers,-,-,-,-
726083,Sharekhan Limited,SL111223A,Sharekhan Ltd,Active,F ,500000.00,INE211H14757, ,Commercial Papers,-,-,-,-
726084,Sharekhan Limited,SL111223B,Sharekhan Ltd,Suspended,F ,500000.00,INE211H14765, ,Commercial Papers,-,-,-,-
726085,Grasim Industries Ltd,GIL121223,Grasim Industries Ltd,Suspended,F ,500000.00,INE047A14867, ,Commercial Papers,-,-,-,-
726086,SBICAP Securities Limited,SSL121223,SBICAP Securities Ltd,Suspended,F ,500000.00,INE212K14270, ,Commercial Papers,-,-,-,-
726087,BOBCARD LIMITED,BOB121223,BOB Financial Solutions Ltd,Suspended,F ,500000.00,INE027214522, ,Commercial Papers,-,-,-,-
726088,Bajaj Finance Limited,BFL121223,Bajaj Finance Ltd,Suspended,F ,500000.00,INE296A14WO4, ,Commercial Papers,-,-,-,-
726089,ICICI Securities Limited,ISL131223,ICICI Securities Ltd,Suspended,F ,500000.00,INE763G14SC3, ,Commercial Papers,-,-,-,-
726090,Bajaj Financial Securities Limited,BFSL131223,Bajaj Financial Securities Ltd,Suspended,F ,500000.00,INE01C314601, ,Commercial Papers,-,-,-,-
726091,Julius Baer Capital (India) Private Limited,JBCPL131223,Julius Baer Capital (India) Pvt Ltd,Suspended,F ,500000.00,INE824H14NM1, ,Commercial Papers,-,-,-,-
726092,Adani Enterprises Ltd.,AEL121223,Adani Enterprises Ltd,Suspended,F ,500000.00,INE423A14UB5, ,Commercial Papers,-,-,-,-
726093,Navi Finserv Limited,NFL121223,Navi Finserv Ltd,Suspended,F ,500000.00,INE342T14946, ,Commercial Papers,-,-,-,-
726094,Kotak Securities Limited,KSL131223,Kotak Securities Ltd,Suspended,F ,500000.00,INE028E14MT3, ,Commercial Papers,-,-,-,-
726095,Redington Limited,RL131223,Redington Ltd,Suspended,F ,500000.00,INE891D14YA1, ,Commercial Papers,-,-,-,-
726096,STANDARD CHARTERED SECURITIES (INDIA) LIMITED,SCSIL131223,STANDARD CHARTERED SECURITIES (INDIA) Ltd,Suspended,F ,500000.00,INE472H14243, ,Commercial Papers,-,-,-,-
726097,HDFC Securities Limited,HDFCS131223,HDFC Securities Ltd,Suspended,F ,500000.00,INE700G14HS4, ,Commercial Papers,-,-,-,-
726098,Bajaj Financial Securities Limited,BFSL131223A,Bajaj Financial Securities Ltd,Suspended,F ,500000.00,INE01C314619, ,Commercial Papers,-,-,-,-
726099,Bajaj Financial Securities Limited,BFSL141223,Bajaj Financial Securities Ltd,Suspended,F ,500000.00,INE01C314627, ,Commercial Papers,-,-,-,-
726100,Axis Securities Limited,ASL131223,Axis Securities Ltd,Suspended,F ,500000.00,INE110O14BL8, ,Commercial Papers,-,-,-,-
726101,Adani Enterprises Ltd.,AEL131223,Adani Enterprises Ltd,Suspended,F ,500000.00,INE423A14TU7, ,Commercial Papers,-,-,-,-
726102,Adani Enterprises Ltd.,AEL141223,Adani Enterprises Ltd,Suspended,F ,500000.00,INE423A14UC3, ,Commercial Papers,-,-,-,-
726103,Bajaj Finance Limited,BFL131223,Bajaj Finance Ltd,Suspended,F ,500000.00,INE296A14WP1, ,Commercial Papers,-,-,-,-
726104,Axis Finance Limited,AFL141223,Axis Finance Ltd,Delisted,F ,500000.00,INE891K14MX3, ,Commercial Papers,-,-,-,-
726105,ICICI Securities Limited,ISEC141223,ICICI Securities Ltd,Active,F ,500000.00,INE763G14SB5, ,Commercial Papers,-,-,-,-
726106,Redington Limited,RL141223,Redington Ltd,Suspended,F ,500000.00,INE891D14YB9, ,Commercial Papers,-,-,-,-
726107,Redington Limited,RL141223A,Redington Ltd,Suspended,F ,500000.00,INE891D14YC7, ,Commercial Papers,-,-,-,-
726108,National Bank for Agriculture and Rural Development,NBARD141223,National Bank for Agriculture and Rural Development,Suspended,F ,500000.00,INE261F14KO2, ,Commercial Papers,-,-,-,-
726109,TRUST INVESTMENT ADVISORS PRIVATE LIMITED,TIAPL141223,TRUST INVESTMENT ADVISORS Pvt Ltd,Suspended,F ,500000.00,INE723X14GA1, ,Commercial Papers,-,-,-,-
726110,Hinduja Leyland Finance Limited,HLFL141223,HLFL-12-3-24-CP,Suspended,F ,500000.00,INE146O14BS7, ,Commercial Papers,-,-,-,-
726111,HDFC Credila Financial Services Ltd,HCFSL141223,HCFSL-14-3-24CP,Suspended,F ,500000.00,INE539K14BH4, ,Commercial Papers,-,-,-,-
726112,CaratLane Trading Private Limited,CTPL141223,CTPL-7-3-24-CP,Suspended,F ,500000.00,INE015Y14542, ,Commercial Papers,-,-,-,-
726113,Nuvama Wealth Finance Limited,NWFL141223,NWFL-22-12-23-CP,Delisted,F ,500000.00,INE918K14AZ4, ,Commercial Papers,-,-,-,-
726114,Bajaj Housing Finance Limited,BHFL141223,Bajaj Housing Finance Ltd,Suspended,F ,500000.00,INE377Y14A08, ,Commercial Papers,-,-,-,-
726115,360 ONE WAM LIMITED,36OWL141223,360 ONE WAM Ltd,Suspended,F ,500000.00,INE466L14CL8, ,Commercial Papers,-,-,-,-
726116,Navi Finserv Limited,NFL141223,Navi Finserv Ltd,Suspended,F ,500000.00,INE342T14953, ,Commercial Papers,-,-,-,-
726117,Bajaj Finance Limited,BFL141223,Bajaj Finance Ltd,Suspended,F ,500000.00,INE296A14WQ9, ,Commercial Papers,-,-,-,-
726118,Kotak Mahindra Investments Limited,KMIL151223,Kotak Mahindra Investments Ltd,Delisted,F ,500000.00,INE975F14ZF3, ,Commercial Papers,-,-,-,-
726119,Axis Finance Limited,AFL151223,Axis Finance Ltd,Suspended,F ,500000.00,INE891K14MY1, ,Commercial Papers,-,-,-,-
726120,HDFC Securities Limited,HDFCS151223,HDFC Securities Ltd,Suspended,F ,500000.00,INE700G14HU0, ,Commercial Papers,-,-,-,-
726121,HDFC Securities Limited,HDFCS181223,HDFC Securities Ltd,Suspended,F ,500000.00,INE700G14HV8, ,Commercial Papers,-,-,-,-
726122,ICICI HOME FINANCE COMPANY LIMITED,IHFCL151223,ICICI HOME FINANCE COMPANY Ltd,Suspended,F ,500000.00,INE071G14FF1, ,Commercial Papers,-,-,-,-
726123,Motilal Oswal Finvest Limited,MOFL151223,Motilal Oswal Finvest Ltd,Delisted,F ,500000.00,INE01WN14AS9, ,Commercial Papers,-,-,-,-
726124,Larsen & Toubro Limited,LTL181223,Larsen & Toubro Ltd,Delisted,F ,500000.00,INE018A14KI9, ,Commercial Papers,-,-,-,-
726125,birla Group Holdings Private Limited,BGHPL181223,birla Group Holdings Pvt Ltd,Suspended,F ,500000.00,INE09OL14EG0, ,Commercial Papers,-,-,-,-
726126,L&T Metro Rail (Hyderabad) Limited,LTMRL151223,L&T Metro Rail (Hyderabad) Ltd,Delisted,F ,500000.00,INE128M14738, ,Commercial Papers,-,-,-,-
726127,Bajaj Financial Securities Limited,BFSL151223,Bajaj Financial Securities Ltd,Suspended,F ,500000.00,INE01C314635, ,Commercial Papers,-,-,-,-
726128,ICICI Securities Primary Dealership Limited,ISPDL151223,ICICI Securities Primary Dealership Ltd,Delisted,F ,500000.00,INE849D14HK3, ,Commercial Papers,-,-,-,-
726129,HDFC Credila Financial Services Ltd,HCFSL151223,HDFC Credila Financial Services Ltd,Suspended,F ,500000.00,INE539K14BI2, ,Commercial Papers,-,-,-,-
726130,Hinduja Leyland Finance Limited,HLFL151223,Hinduja Leyland Finance Ltd,Suspended,F ,500000.00,INE146O14BT5, ,Commercial Papers,-,-,-,-
726131,Pilani Investment And Industries Corporation Limited,PIICL151223,Pilani Investment And Industries Corporation Ltd,Suspended,F ,500000.00,INE417C14629, ,Commercial Papers,-,-,-,-
726132,Kotak Securities Limited,KSL181223,Kotak Securities Ltd,Suspended,F ,500000.00,INE028E14MU1, ,Commercial Papers,-,-,-,-
726133,Tata Housing Development Company Limited,THDCL181223,Tata Housing Development Company Ltd,Delisted,F ,500000.00,INE582L14HC0, ,Commercial Papers,-,-,-,-
726134,SBICAP Securities Limited,SSL181223,SBICAP Securities Ltd,Suspended,F ,500000.00,INE212K14288, ,Commercial Papers,-,-,-,-
726135,J.K. CEMENT LTD,JKCL191223,JK CEMENT LTD,Suspended,F ,500000.00,INE823G14AA7, ,Commercial Papers,-,-,-,-
726136,IndoStar Capital Finance Limited,ICFL18123,IndoStar Capital Finance Ltd,Delisted,F ,500000.00,INE896L14DI0, ,Commercial Papers,-,-,-,-
726137,IndoStar Capital Finance Limited,ICFL181223A,IndoStar Capital Finance Ltd,Suspended,F ,500000.00,INE896L14DJ8, ,Commercial Papers,-,-,-,-
726138,SEIL Energy India Limited,SEIL191223,SEIL Energy India Ltd,Suspended,F ,500000.00,INE460M14545, ,Commercial Papers,-,-,-,-
726139,Bajaj Finance Limited,BFL181223,Bajaj Finance Ltd,Suspended,F ,500000.00,INE296A14WR7, ,Commercial Papers,-,-,-,-
726140,Time Technoplast Limited,TTL191223,Time Technoplast Ltd,Suspended,F ,500000.00,INE508G14FD7, ,Commercial Papers,-,-,-,-
726141,Tata Power Co. Ltd,TPCL181223,Tata Power Co Ltd,Suspended,F ,500000.00,INE245A14JI0, ,Commercial Papers,-,-,-,-
726142,Julius Baer Capital (India) Private Limited,JBCPL191223,Julius Baer Capital (India) Pvt Ltd,Suspended,F ,500000.00,INE824H14NN9, ,Commercial Papers,-,-,-,-
726143,Axis Securities Limited,ASL201223,Axis Securities Ltd,Suspended,F ,500000.00,INE110O14BN4, ,Commercial Papers,-,-,-,-
726144,Axis Securities Limited,ASL191223,Axis Securities Ltd,Suspended,F ,500000.00,INE110O14BM6, ,Commercial Papers,-,-,-,-
726145,Motilal Oswal Finvest Limited,MOFL19123,Motilal Oswal Finvest Ltd,Suspended,F ,500000.00,INE01WN14AT7, ,Commercial Papers,-,-,-,-
726146,ICICI HOME FINANCE COMPANY LIMITED,IHFCL201223,ICICI HOME FINANCE COMPANY Ltd,Suspended,F ,500000.00,INE071G14FG9, ,Commercial Papers,-,-,-,-
726147,birla Group Holdings Private Limited,BGHPL201223,birla Group Holdings Pvt Ltd,Suspended,F ,500000.00,INE09OL14EH8, ,Commercial Papers,-,-,-,-
726148,HDFC Securities Limited,HSL201223,HDFC Securities Ltd,Suspended,F ,500000.00,INE700G14HW6, ,Commercial Papers,-,-,-,-
726149,IGH Holdings Private Limited,IGHHP201223,IGH Holdings Pvt Ltd,Active,F ,500000.00,INE02FN14192, ,Commercial Papers,-,-,-,-
726150,Kotak Securities Limited,KSL201223,Kotak Securities Ltd,Suspended,F ,500000.00,INE028E14MV9, ,Commercial Papers,-,-,-,-
726151,Mindspace Business Parks REIT,MBPR191223,Mindspace Business Parks REIT,Delisted,F ,500000.00,INE0CCU14021, ,Commercial Papers,-,-,-,-
726152,Infina Finance Private Limited,IFPL191223,Infina Finance Pvt Ltd,Active,F ,500000.00,INE879F14IN7, ,Commercial Papers,-,-,-,-
726153,Julius Baer Capital (India) Private Limited,JBCPL201223,Julius Baer Capital (India) Pvt Ltd,Suspended,F ,500000.00,INE824H14NO7, ,Commercial Papers,-,-,-,-
726154,Nuvama Wealth Finance Limited,NWFL201223,Nuvama Wealth Finance Ltd,Suspended,F ,500000.00,INE918K14BA5, ,Commercial Papers,-,-,-,-
726155,Bajaj Finance Limited,BFL191223,Bajaj Finance Ltd,Suspended,F ,500000.00,INE296A14WS5, ,Commercial Papers,-,-,-,-
726156,ICICI Securities Limited,ISEC201223,ICICI Securities Ltd,Active,F ,500000.00,INE763G14SD1, ,Commercial Papers,-,-,-,-
726157,Aditya Birla Fashion and Retail Limited,ABFRL201223,Aditya Birla Fashion and Retail Ltd,Suspended,F ,500000.00,INE647O14FB1, ,Commercial Papers,-,-,-,-
726158,TV18 Broadcast Ltd.,TV18B211223,TV18 Broadcast Ltd,Suspended,F ,500000.00,INE886H14JE5, ,Commercial Papers,-,-,-,-
726159,HDFC Securities Limited,HDFCS211223,HDFC Securities Ltd,Suspended,F ,500000.00,INE700G14HX4, ,Commercial Papers,-,-,-,-
726160,DMI Finance Private Limited,DFPL191223,DMI Finance Pvt Ltd,Suspended,F ,500000.00,INE604O14023, ,Commercial Papers,-,-,-,-
726161,Redington Limited,RL211223,Redington Ltd,Suspended,F ,500000.00,INE891D14YD5, ,Commercial Papers,-,-,-,-
726162,Redington Limited,RL211223A,Redington Ltd,Suspended,F ,500000.00,INE891D14YE3, ,Commercial Papers,-,-,-,-
726163,ARKA FINCAP LIMITED,AFL211223,ARKA FINCAP Ltd,Suspended,F ,500000.00,INE03W114492, ,Commercial Papers,-,-,-,-
726164,KEC International Ltd.,KECIL211223,KEC International Ltd,Suspended,F ,500000.00,INE389H14KA6, ,Commercial Papers,-,-,-,-
726165,ICICI Securities Limited,ISL211223,ICICI Securities Ltd,Active,F ,500000.00,INE763G14SE9, ,Commercial Papers,-,-,-,-
726166,Pilani Investment And Industries Corporation Limited,PICL211223,Pilani Investment And Industries Corporation Ltd,Suspended,F ,500000.00,INE417C14637, ,Commercial Papers,-,-,-,-
726167,STANDARD CHARTERED CAPITAL LIMITED,SCCL211223,STANDARD CHARTERED CAPITAL Ltd,Active,F ,500000.00,INE403G14RU0, ,Commercial Papers,-,-,-,-
726168,SBICAP Securities Limited,SSL201223,SBICAP Securities Ltd,Delisted,F ,500000.00,INE212K14296, ,Commercial Papers,-,-,-,-
726169,Adani Enterprises Ltd.,AEL211223,Adani Enterprises Ltd,Suspended,F ,500000.00,INE423A14UD1, ,Commercial Papers,-,-,-,-
726170,Adani Enterprises Ltd.,AEL211223A,Adani Enterprises Ltd,Suspended,F ,500000.00,INE423A14UE9, ,Commercial Papers,-,-,-,-
726171,IGH Holdings Private Limited,IGHHP221223,IGH Holdings Pvt Ltd,Active,F ,500000.00,INE02FN14200, ,Commercial Papers,-,-,-,-
726172,SBICAP Securities Limited,SBISL211223,SBICAP Securities Ltd,Suspended,F ,500000.00,INE212K14304, ,Commercial Papers,-,-,-,-
726173,Network 18 Media & Investments Limited,N18MI221223,Network 18 Media & Investments Ltd,Suspended,F ,500000.00,INE870H14RW4, ,Commercial Papers,-,-,-,-
726174,Julius Baer Capital (India) Private Limited,JBCIP221223,Julius Baer Capital (India) Pvt Ltd,Suspended,F ,500000.00,INE824H14NP4, ,Commercial Papers,-,-,-,-
726175,Kotak Securities Limited,KSL221223,Kotak Securities Ltd,Suspended,F ,500000.00,INE028E14MW7, ,Commercial Papers,-,-,-,-
726176,Kotak Mahindra Investments Limited,KMIL221223,Kotak Mahindra Investments Ltd,Delisted,F ,500000.00,INE975F14ZG1, ,Commercial Papers,-,-,-,-
726177,Julius Baer Capital (India) Private Limited,JBCI221223,Julius Baer Capital (India) Pvt Ltd,Suspended,F ,500000.00,INE824H14NL3, ,Commercial Papers,-,-,-,-
726178,HDFC Securities Limited,HDFCS221223,HDFC Securities Ltd,Suspended,F ,500000.00,INE700G14HY2, ,Commercial Papers,-,-,-,-
726179,Redington Limited,RL221223,Redington Ltd,Suspended,F ,500000.00,INE891D14YF0, ,Commercial Papers,-,-,-,-
726180,Kotak Securities Limited,KSL261223,Kotak Securities Ltd,Suspended,F ,500000.00,INE028E14MX5, ,Commercial Papers,-,-,-,-
726181,Bajaj Housing Finance Limited,BHFL221223,Bajaj Housing Finance Ltd,Suspended,F ,500000.00,INE377Y14AP5, ,Commercial Papers,-,-,-,-
726182,IGH Holdings Private Limited,IHPL261223,IGH Holdings Pvt Ltd,Active,F ,500000.00,INE02FN14218, ,Commercial Papers,-,-,-,-
726183,KEC International Ltd.,KECIL261223,KEC International Ltd,Suspended,F ,500000.00,INE389H14KB4, ,Commercial Papers,-,-,-,-
726184,HDFC Securities Limited,HDFCS261223,HDFC Securities Ltd,Suspended,F ,500000.00,INE700G14HZ9, ,Commercial Papers,-,-,-,-
726185,Infina Finance Private Limited,IFPL221223,Infina Finance Pvt Ltd,Active,F ,500000.00,INE879F14IP2, ,Commercial Papers,-,-,-,-
726186,Larsen & Toubro Limited,LTL221223,LTL-21-3-24-CP,Suspended,F ,500000.00,INE018A14KJ7, ,Commercial Papers,-,-,-,-
726187,Infina Finance Private Limited,IFPL221223A,Infina Finance Pvt Ltd,Delisted,F ,500000.00,INE879F14IO5, ,Commercial Papers,-,-,-,-
726188,SBICAP Securities Limited,SBICS221223,SBICSL-22-3-24-CP,Suspended,F ,500000.00,INE212K14312, ,Commercial Papers,-,-,-,-
726189,L&T Metro Rail (Hyderabad) Limited,LTMRL261223,L&T Metro Rail (Hyderabad) Ltd,Suspended,F ,500000.00,INE128M14746, ,Commercial Papers,-,-,-,-
726190,BOBCARD LIMITED,BOB261223,BOB Financial Solutions Ltd,Suspended,F ,500000.00,INE027214530, ,Commercial Papers,-,-,-,-
726191,HDFC Securities Limited,HSL271223,HDFC Securities Ltd,Suspended,F ,500000.00,INE700G14IA0, ,Commercial Papers,-,-,-,-
726192,Network 18 Media & Investments Limited,N18MI271223,Network 18 Media & Investments Ltd,Suspended,F ,500000.00,INE870H14RX2, ,Commercial Papers,-,-,-,-
726193,STANDARD CHARTERED CAPITAL LIMITED,SCCL271223,STANDARD CHARTERED CAPITAL Ltd,Active,F ,500000.00,INE403G14RV8, ,Commercial Papers,-,-,-,-
726194,birla Group Holdings Private Limited,BGHPL271223,birla Group Holdings Pvt Ltd,Active,F ,500000.00,INE09OL14EI6, ,Commercial Papers,-,-,-,-
726195,TV18 Broadcast Ltd.,TBL271223,TV18 Broadcast Ltd,Suspended,F ,500000.00,INE886H14JF2, ,Commercial Papers,-,-,-,-
726196,SBICAP Securities Limited,SBISL271223,SBICAP Securities Ltd,Suspended,F ,500000.00,INE212K14320, ,Commercial Papers,-,-,-,-
726197,IGH Holdings Private Limited,IHPL271223,IGH Holdings Pvt Ltd,Active,F ,500000.00,INE02FN14234, ,Commercial Papers,-,-,-,-
726198,360 ONE Prime Limited,OPL221223,360 ONE Prime Ltd,Suspended,F ,500000.00,INE248U14OP7, ,Commercial Papers,-,-,-,-
726199,360 ONE Prime Limited,OPL221223A,360 ONE Prime Ltd,Suspended,F ,500000.00,INE248U14OO0, ,Commercial Papers,-,-,-,-
726200,Time Technoplast Limited,TTL281223,Time Technoplast Ltd,Suspended,F ,500000.00,INE508G14FH8, ,Commercial Papers,-,-,-,-
726201,Bajaj Housing Finance Limited,BHFL271223,Bajaj Housing Finance Ltd,Suspended,F ,500000.00,INE377Y14AQ3, ,Commercial Papers,-,-,-,-
726202,Navi Finserv Limited,NFL271223,Navi Finserv Ltd,Suspended,F ,500000.00,INE342T14987, ,Commercial Papers,-,-,-,-
726203,KEC International Ltd.,KECIL281223,KEC International Ltd,Suspended,F ,500000.00,INE389H14KC2, ,Commercial Papers,-,-,-,-
726204,IGH Holdings Private Limited,IHPL281223,IGH Holdings Pvt Ltd,Active,F ,500000.00,INE02FN14226, ,Commercial Papers,-,-,-,-
726205,POONAWALLA FINCORP LIMITED,PFL281223,POONAWALLA FINCORP Ltd,Suspended,F ,500000.00,INE511C14VY3, ,Commercial Papers,-,-,-,-
726206,STANDARD CHARTERED CAPITAL LIMITED,SCCL291223,STANDARD CHARTERED CAPITAL Ltd,Active,F ,500000.00,INE403G14RX4, ,Commercial Papers,-,-,-,-
726207,STANDARD CHARTERED CAPITAL LIMITED,SCCL291223A,STANDARD CHARTERED CAPITAL Ltd,Active,F ,500000.00,INE403G14RW6, ,Commercial Papers,-,-,-,-
726208,Larsen & Toubro Limited,LTL291223,Larsen & Toubro Ltd,Delisted,F ,500000.00,INE018A14KK5, ,Commercial Papers,-,-,-,-
726209,SBICAP Securities Limited,SBISL291223,SBICAP Securities Ltd,Suspended,F ,500000.00,INE212K14338, ,Commercial Papers,-,-,-,-
726210,KEC International Ltd.,KIL291223,KEC International Ltd,Suspended,F ,500000.00,INE389H14KD0, ,Commercial Papers,-,-,-,-
726211,Nuvama Wealth and Investment Limited,NWIL291223,Nuvama Wealth and Investment Ltd,Suspended,F ,500000.00,INE523L14666, ,Commercial Papers,-,-,-,-
726212,Nuvama Wealth and Investment Limited,NWIL291223A,Nuvama Wealth and Investment Ltd,Suspended,F ,500000.00,INE523L14674, ,Commercial Papers,-,-,-,-
726213,Tata Realty and Infrastructure Limited,TRIL281223,TRIL-26-3-24-CP,Suspended,F ,500000.00,INE371K14BT7, ,Commercial Papers,-,-,-,-
726214,Can Fin Homes Ltd.,CFHL291223,Can Fin Homes Ltd,Delisted,F ,500000.00,INE477A14CR5, ,Commercial Papers,-,-,-,-
726215,Krazybee Services Private Limited,KSPL291223,Krazybee Services Pvt Ltd,Active,F ,500000.00,INE07HK14185, ,Commercial Papers,-,-,-,-
726216,Kirloskar Ferrous Industries Ltd.,KFIL291223,KFIL-28-3-24-CP,Suspended,F ,500000.00,INE884B14523, ,Commercial Papers,-,-,-,-
726217,BOBCARD LIMITED,BOB291223,Bobcard Ltd,Suspended,F ,500000.00,INE027214548, ,Commercial Papers,-,-,-,-
726218,SBICAP Securities Limited,SSL010124,SBICAP Securities Ltd,Suspended,F ,500000.00,INE212K14346, ,Commercial Papers,-,-,-,-
726219,360 ONE Prime Limited,360OPL2124,360 ONE Prime Ltd,Suspended,F ,500000.00,INE248U14OQ5, ,Commercial Papers,-,-,-,-
726220,ICICI Securities Limited,ISL030124,ICICI Securities Ltd,Suspended,F ,500000.00,INE763G14SG4, ,Commercial Papers,-,-,-,-
726221,ICICI Securities Limited,ISL030124A,ICICI Securities Ltd,Active,F ,500000.00,INE763G14SF6, ,Commercial Papers,-,-,-,-
726222,HDFC Securities Limited,HSL040124,HDFC Securities Ltd,Suspended,F ,500000.00,INE700G14IB8, ,Commercial Papers,-,-,-,-
726223,POONAWALLA FINCORP LIMITED,PFL030124,POONAWALLA FINCORP Ltd,Suspended,F ,500000.00,INE511C14VZ0, ,Commercial Papers,-,-,-,-
726224,ICICI Securities Limited,ISEC04124,ICICI Securities Ltd,Suspended,F ,500000.00,INE763G14SH2, ,Commercial Papers,-,-,-,-
726225,L&T Metro Rail (Hyderabad) Limited,LTMRL4124,L&T Metro Rail (Hyderabad) Ltd,Suspended,F ,500000.00,INE128M14753, ,Commercial Papers,-,-,-,-
726226,Time Technoplast Limited,TTL05124,Time Technoplast Ltd,Suspended,F ,500000.00,INE508G14FI6, ,Commercial Papers,-,-,-,-
726227,Axis Securities Limited,ASL05124,Axis Securities Ltd,Delisted,F ,500000.00,INE110O14BO2, ,Commercial Papers,-,-,-,-
726228,Axis Securities Limited,ASL50124,Axis Securities Ltd,Suspended,F ,500000.00,INE110O14BP9, ,Commercial Papers,-,-,-,-
726229,ICICI Securities Limited,ISL05124,ICICI Securities Ltd,Suspended,F ,500000.00,INE763G14SI0, ,Commercial Papers,-,-,-,-
726230,STANDARD CHARTERED SECURITIES (INDIA) LIMITED,SCSIL4124,STANDARD CHARTERED SECURITIES (INDIA) Ltd,Suspended,F ,500000.00,INE472H14250, ,Commercial Papers,-,-,-,-
726231,Larsen & Toubro Limited,LTL5123,Larsen & Toubro Ltd,Delisted,F ,500000.00,INE018A14KL3, ,Commercial Papers,-,-,-,-
726232,UGRO CAPITAL LIMITED,UCL4124,UGRO CAPITAL Ltd,Suspended,F ,500000.00,INE583D14329, ,Commercial Papers,-,-,-,-
726233,SBICAP Securities Limited,SBICAPS5123,SBICAP Securities Ltd,Suspended,F ,500000.00,INE212K14353, ,Commercial Papers,-,-,-,-
726234,POONAWALLA FINCORP LIMITED,PFL05123,POONAWALLA FINCORP Ltd,Suspended,F ,500000.00,INE511C14WA1, ,Commercial Papers,-,-,-,-
726235,Julius Baer Capital (India) Private Limited,JBCPL8124,Julius Baer Capital (India) Pvt Ltd,Delisted,F ,500000.00,INE824H14NQ2, ,Commercial Papers,-,-,-,-
726236,National Bank for Agriculture and Rural Development,NBARD8123,National Bank for Agriculture and Rural Development,Suspended,F ,500000.00,INE261F14KQ7, ,Commercial Papers,-,-,-,-
726237,National Bank for Agriculture and Rural Development,NBRD80124,National Bank for Agriculture and Rural Development,Suspended,F ,500000.00,INE261F14KP9, ,Commercial Papers,-,-,-,-
726238,Can Fin Homes Ltd.,CFHL80124,Can Fin Homes Ltd,Suspended,F ,500000.00,INE477A14CS3, ,Commercial Papers,-,-,-,-
726239,Embassy Office Parks REIT,EOPR8123,Embassy Office Parks REIT,Delisted,F ,500000.00,INE041014015, ,Commercial Papers,-,-,-,-
726240,Embassy Office Parks REIT,EOPR8124A,Embassy Office Parks REIT,Active,F ,500000.00,INE041014023, ,Commercial Papers,-,-,-,-
726241,Axis Securities Limited,ASL9124,Axis Securities Ltd,Delisted,F ,500000.00,INE110O14BQ7, ,Commercial Papers,-,-,-,-
726242,SBICAP Securities Limited,SBICAP91024,SBICAP Securities Ltd,Suspended,F ,500000.00,INE212K14361, ,Commercial Papers,-,-,-,-
726243,Bajaj Finance Limited,BFL090124,Bajaj Finance Ltd,Active,F ,500000.00,INE296A14WU1, ,Commercial Papers,-,-,-,-
726244,Larsen & Toubro Limited,LTL10124,Larsen & Toubro Ltd,Suspended,F ,500000.00,INE018A14KM1, ,Commercial Papers,-,-,-,-
726245,Bajaj Finance Limited,BFL10124,Bajaj Finance Ltd,Active,F ,500000.00,INE296A14WT3, ,Commercial Papers,-,-,-,-
726246,HDFC Securities Limited,HSL11124,HDFC Securities Ltd,Delisted,F ,500000.00,INE700G14IC6, ,Commercial Papers,-,-,-,-
726247,Julius Baer Capital (India) Private Limited,JBCPL11124,Julius Baer Capital (India) Pvt Ltd,Suspended,F ,500000.00,INE824H14NR0, ,Commercial Papers,-,-,-,-
726248,NLC Tamilnadu Power Limited,NLCTPL11124,NLC Tamilnadu Power Ltd,Suspended,F ,500000.00,INE05C614394, ,Commercial Papers,-,-,-,-
726249,SBICAP Securities Limited,SBISP10124,SBICAP Securities Ltd,Suspended,F ,500000.00,INE212K14379, ,Commercial Papers,-,-,-,-
726250,DMI Finance Private Limited,DMIFPL10124,DMI Finance Pvt Ltd,Suspended,F ,500000.00,INE604O14031, ,Commercial Papers,-,-,-,-
726251,Reliance Retail Ventures Limited,RRVL11124,Reliance Retail Ventures Ltd,Suspended,F ,500000.00,INE929O14BH9, ,Commercial Papers,-,-,-,-
726252,ONGC Petro additions Limited.,OPAL11124,ONGC Petro additions Ltd,Suspended,F ,500000.00,INE163N14360, ,Commercial Papers,-,-,-,-
726253,Aditya Birla Fashion and Retail Limited,ABFRL110124,Aditya Birla Fashion and Retail Ltd,Suspended,F ,500000.00,INE647O14FC9, ,Commercial Papers,-,-,-,-
726254,Infina Finance Private Limited,IFPL110124,Infina Finance Pvt Ltd,Delisted,F ,500000.00,INE879F14IQ0, ,Commercial Papers,-,-,-,-
726255,Bajaj Housing Finance Limited,BHFL11124,Bajaj Housing Finance Ltd,Suspended,F ,500000.00,INE377Y14AS9, ,Commercial Papers,-,-,-,-
726256,SEIL Energy India Limited,SEIL120124,SEIL Energy India Ltd,Suspended,F ,500000.00,INE460M14552, ,Commercial Papers,-,-,-,-
726257,Bajaj Housing Finance Limited,BHFL11124A,Bajaj Housing Finance Ltd,Active,F ,500000.00,INE377Y14AR1, ,Commercial Papers,-,-,-,-
726258,Julius Baer Capital (India) Private Limited,JBCIPL12124,Julius Baer Capital (India) Pvt Ltd,Suspended,F ,500000.00,INE824H14NT6, ,Commercial Papers,-,-,-,-
726259,Julius Baer Capital (India) Private Limited,JBCIP12124,Julius Baer Capital (India) Pvt Ltd,Suspended,F ,500000.00,INE824H14NS8, ,Commercial Papers,-,-,-,-
726260,National Bank for Agriculture and Rural Development,NBARD12124,National Bank for Agriculture and Rural Development,Suspended,F ,500000.00,INE261F14KR5, ,Commercial Papers,-,-,-,-
726261,360 ONE Prime Limited,360OPL12124,360 ONE Prime Ltd,Suspended,F ,500000.00,INE248U14OR3, ,Commercial Papers,-,-,-,-
726262,Bajaj Housing Finance Limited,BHFL120124,Bajaj Housing Finance Ltd,Suspended,F ,500000.00,INE377Y14AT7, ,Commercial Papers,-,-,-,-
726263,Pilani Investment And Industries Corporation Limited,PICL150124,Pilani Investment And Industries Corporation Ltd,Active,F ,500000.00,INE417C14645, ,Commercial Papers,-,-,-,-
726264,Reliance Retail Ventures Limited,RRVL12124,Reliance Retail Ventures Ltd,Suspended,F ,500000.00,INE929O14BI7, ,Commercial Papers,-,-,-,-
726265,Shriram Housing Finance Limited,SHFL12124,Shriram Housing Finance Ltd,Active,F ,500000.00,INE432R14261, ,Commercial Papers,-,-,-,-
726266,Motilal Oswal Financial Services Limited,MOFSL12123,Motilal Oswal Financial Services Ltd,Suspended,F ,500000.00,INE338I14GG6, ,Commercial Papers,-,-,-,-
726267,HDFC Securities Limited,HDFCSL15124,HDFC Securities Ltd,Delisted,F ,500000.00,INE700G14ID4, ,Commercial Papers,-,-,-,-
726268,IGH Holdings Private Limited,IGHHPL16124,IGH Holdings Pvt Ltd,Active,F ,500000.00,INE02FN14242, ,Commercial Papers,-,-,-,-
726269,Julius Baer Capital (India) Private Limited,JBCIPL16124,Julius Baer Capital (India) Pvt Ltd,Suspended,F ,500000.00,INE824H14NV2, ,Commercial Papers,-,-,-,-
726270,Julius Baer Capital (India) Private Limited,JBCPL16124,Julius Baer Capital (India) Pvt Ltd,Active,F ,500000.00,INE824H14NU4, ,Commercial Papers,-,-,-,-
726271,Nuvama Wealth Management Limited,NWML16124,Nuvama Wealth Management Ltd,Suspended,F ,500000.00,INE531F14DS4, ,Commercial Papers,-,-,-,-
726272,Bajaj Finance Limited,BFL15124,BFL-15-1-25-CP,Active,F ,500000.00,INE296A14WV9, ,Commercial Papers,-,-,-,-
726273,SBICAP Securities Limited,SBISL16124,SBICAP Securities Ltd,Suspended,F ,500000.00,INE212K14395, ,Commercial Papers,-,-,-,-
726274,SBICAP Securities Limited,SBIS16124,SBICAP Securities Ltd,Suspended,F ,500000.00,INE212K14387, ,Commercial Papers,-,-,-,-
726275,POONAWALLA FINCORP LIMITED,PFL160124,POONAWALLA FINCORP Ltd,Suspended,F ,500000.00,INE511C14WB9, ,Commercial Papers,-,-,-,-
726276,Nuvama Wealth Finance Limited,NWFL160124,Nuvama Wealth Finance Ltd,Suspended,F ,500000.00,INE918K14BB3, ,Commercial Papers,-,-,-,-
726277,Motilal Oswal Financial Services Limited,MOFS16124,Motilal Oswal Financial Services Ltd,Suspended,F ,500000.00,INE338I14GI2, ,Commercial Papers,-,-,-,-
726278,Motilal Oswal Financial Services Limited,MOFS16124A,Motilal Oswal Financial Services Ltd,Suspended,F ,500000.00,INE338I14GH4, ,Commercial Papers,-,-,-,-
726279,Bajaj Finance Limited,BFL170124,Bajaj Finance Ltd,Suspended,F ,500000.00,INE296A14WW7, ,Commercial Papers,-,-,-,-
726280,Motilal Oswal Financial Services Limited,MOFS17124,Motilal Oswal Financial Services Ltd,Suspended,F ,500000.00,INE338I14GM4, ,Commercial Papers,-,-,-,-
726281,Motilal Oswal Financial Services Limited,MOFS17124A,Motilal Oswal Financial Services Ltd,Suspended,F ,500000.00,INE338I14GJ0, ,Commercial Papers,-,-,-,-
726282,Axis Securities Limited,ASL170124,Axis Securities Ltd,Delisted,F ,500000.00,INE110O14BR5, ,Commercial Papers,-,-,-,-
726283,Axis Securities Limited,AS170124,Axis Securities Ltd,Delisted,F ,500000.00,INE110O14BS3, ,Commercial Papers,-,-,-,-
726284,Motilal Oswal Financial Services Limited,MOFS18124,Motilal Oswal Financial Services Ltd,Suspended,F ,500000.00,INE338I14GK8, ,Commercial Papers,-,-,-,-
726285,birla Group Holdings Private Limited,BGHL19124,birla Group Holdings Pvt Ltd,Active,F ,500000.00,INE09OL14EJ4, ,Commercial Papers,-,-,-,-
726286,Godrej Housing Finance Limited,GHFL19124,Godrej Housing Finance Ltd,Suspended,F ,500000.00,INE02JD14351, ,Commercial Papers,-,-,-,-
726287,HDFC Securities Limited,HSL18124,HDFC Securities Ltd,Suspended,F ,500000.00,INE700G14IE2, ,Commercial Papers,-,-,-,-
726288,Reliance Industries Ltd,RIL190124,Reliance Industries Ltd,Suspended,F ,500000.00,INE002A14KL7, ,Commercial Papers,-,-,-,-
726289,Adani Enterprises Ltd.,AEL180124,Adani Enterprises Ltd,Suspended,F ,500000.00,INE423A14UH2, ,Commercial Papers,-,-,-,-
726290,Bajaj Finance Limited,BFL180124,Bajaj Finance Ltd,Suspended,F ,500000.00,INE296A14WX5, ,Commercial Papers,-,-,-,-
726291,Adani Enterprises Ltd.,AE180124,Adani Enterprises Ltd,Suspended,F ,500000.00,INE423A14UI0, ,Commercial Papers,-,-,-,-
726292,SEIL Energy India Limited,SEIL190124,SEIL Energy India Ltd,Suspended,F ,500000.00,INE460M14560, ,Commercial Papers,-,-,-,-
726293,Infina Finance Private Limited,IFPL190124,Infina Finance Pvt Ltd,Active,F ,500000.00,INE879F14IR8, ,Commercial Papers,-,-,-,-
726294,Motilal Oswal Financial Services Limited,MOFS190124,Motilal Oswal Financial Services Ltd,Suspended,F ,500000.00,INE338I14GL6, ,Commercial Papers,-,-,-,-
726295,SIKKA PORTS & TERMINALS LTD,SPTL190124,SIKKA PORTS & TERMINALS LTD,Delisted,F ,500000.00,INE941D14519, ,Commercial Papers,-,-,-,-
726296,Kotak Securities Limited,KSL23124,Kotak Securities Ltd,Suspended,F ,500000.00,INE028E14MY3, ,Commercial Papers,-,-,-,-
726297,Bajaj Finance Limited,BFL19124,Bajaj Finance Ltd,Suspended,F ,500000.00,INE296A14WY3, ,Commercial Papers,-,-,-,-
726298,Bajaj Financial Securities Limited,BFSL19124,Bajaj Financial Securities Ltd,Suspended,F ,500000.00,INE01C314643, ,Commercial Papers,-,-,-,-
726299,Tata Housing Development Company Limited,THDC19124,Tata Housing Development Company Ltd,Suspended,F ,500000.00,INE582L14HD8, ,Commercial Papers,-,-,-,-
726300,Axis Securities Limited,ASL19124,Axis Securities Ltd,Suspended,F ,500000.00,INE110O14BU9, ,Commercial Papers,-,-,-,-
726301,IGH Holdings Private Limited,IHPL23124,IGH Holdings Pvt Ltd,Active,F ,500000.00,INE02FN14259, ,Commercial Papers,-,-,-,-
726302,Reliance Industries Ltd,RIL230124,Reliance Industries Ltd,Suspended,F ,500000.00,INE002A14KM5, ,Commercial Papers,-,-,-,-
726303,Reliance Industries Ltd,RIL23124,RIL-7-3-24-CP,Suspended,F ,500000.00,INE002A14KO1, ,Commercial Papers,-,-,-,-
726304,HDFC Securities Limited,HSL190124,HSL-2-4-24-CP,Suspended,F ,500000.00,INE700G14IH5, ,Commercial Papers,-,-,-,-
726305,HDFC Securities Limited,HSL19124,HSL-3-4-24-CP,Suspended,F ,500000.00,INE700G14IG7, ,Commercial Papers,-,-,-,-
726306,Reliance Industries Ltd,RIL2312024,RIL-11-3-24-CP,Suspended,F ,500000.00,INE002A14KP8, ,Commercial Papers,-,-,-,-
726307,HDFC Securities Limited,HSL1912024,HSL-19-4-24-CP,Suspended,F ,500000.00,INE700G14IF9, ,Commercial Papers,-,-,-,-
726308,Pilani Investment And Industries Corporation Limited,PICL230124,PICL-21-1-25-CP,Active,F ,500000.00,INE417C14652, ,Commercial Papers,-,-,-,-
726309,Grasim Industries Ltd,GIL230124,Grasim Industries Ltd,Delisted,F ,500000.00,INE047A14875, ,Commercial Papers,-,-,-,-
726310,GIC Housing Finance Ltd.,GHFL24124,GIC Housing Finance Ltd,Delisted,F ,500000.00,INE289B14IT5, ,Commercial Papers,-,-,-,-
726311,Axis Securities Limited,ASL24124,Axis Securities Ltd,Suspended,F ,500000.00,INE110O14BT1, ,Commercial Papers,-,-,-,-
726312,Nuvama Wealth Management Limited,NWML230124,Nuvama Wealth Management Ltd,Active,F ,500000.00,INE531F14DT2, ,Commercial Papers,-,-,-,-
726313,HDFC Securities Limited,HSL230124,HDFC Securities Ltd,Suspended,F ,500000.00,INE700G14IJ1, ,Commercial Papers,-,-,-,-
726314,Nuvama Wealth Finance Limited,NWFL23124,Nuvama Wealth Finance Ltd,Delisted,F ,500000.00,INE918K14AR1, ,Commercial Papers,-,-,-,-
726315,Nuvama Wealth Finance Limited,NWFL23124A,Nuvama Wealth Finance Ltd,Active,F ,500000.00,INE918K14BC1, ,Commercial Papers,-,-,-,-
726316,ICICI Securities Limited,ISEC24124,ICICI Securities Ltd,Suspended,F ,500000.00,INE763G14SJ8, ,Commercial Papers,-,-,-,-
726317,SBICAP Securities Limited,SSL230124,SBICAP Securities Ltd,Suspended,F ,500000.00,INE212K14403, ,Commercial Papers,-,-,-,-
726318,ICICI Securities Limited,ISEC24124A,ICICI Securities Ltd,Active,F ,500000.00,INE763G14SK6, ,Commercial Papers,-,-,-,-
726319,SBICAP Securities Limited,SS230124,SBICAP Securities Ltd,Suspended,F ,500000.00,INE212K14411, ,Commercial Papers,-,-,-,-
726320,Century Textiles & Industries Ltd.,CTIL230124,Century Textiles & Industries Ltd,Suspended,F ,500000.00,INE055A14JT0, ,Commercial Papers,-,-,-,-
726321,Bajaj Finance Limited,BFL230124,BFL-23-4-24-CP,Suspended,F ,500000.00,INE296A14WZ0, ,Commercial Papers,-,-,-,-
726322,SBICAP Securities Limited,SSL240124,SBICAP Securities Ltd,Suspended,F ,500000.00,INE212K14429, ,Commercial Papers,-,-,-,-
726323,KEC International Ltd.,KEC250125,KEC International Ltd,Suspended,F ,500000.00,INE389H14KE8, ,Commercial Papers,-,-,-,-
726324,Grasim Industries Ltd,GIL25124,Grasim Industries Ltd,Suspended,F ,500000.00,INE047A14883, ,Commercial Papers,-,-,-,-
726325,HDFC Securities Limited,HSL250124,HDFC Securities Ltd,Active,F ,500000.00,INE700G14IK9, ,Commercial Papers,-,-,-,-
726326,Julius Baer Capital (India) Private Limited,JBC250124,Julius Baer Capital (India) Pvt Ltd,Suspended,F ,500000.00,INE824H14NW0, ,Commercial Papers,-,-,-,-
726327,L&T Metro Rail (Hyderabad) Limited,LTMR250124,L&T Metro Rail (Hyderabad) Ltd,Suspended,F ,500000.00,INE128M14761, ,Commercial Papers,-,-,-,-
726328,Kotak Securities Limited,KSL240124,Kotak Securities Ltd,Suspended,F ,500000.00,INE028E14MZ0, ,Commercial Papers,-,-,-,-
726329,Reliance Industries Ltd,RIL250124,Reliance Industries Ltd,Suspended,F ,500000.00,INE002A14KN3, ,Commercial Papers,-,-,-,-
726330,National Bank for Agriculture and Rural Development,NBARD25124,National Bank for Agriculture and Rural Development,Suspended,F ,500000.00,INE261F14KS3, ,Commercial Papers,-,-,-,-
726331,SBICAP Securities Limited,SBISL25124,SBICAP Securities Ltd,Suspended,F ,500000.00,INE212K14437, ,Commercial Papers,-,-,-,-
726332,SBICAP Securities Limited,SBISL25124A,SBICAP Securities Ltd,Suspended,F ,500000.00,INE212K14445, ,Commercial Papers,-,-,-,-
726333,SBICAP Securities Limited,SBISL25124B,SBICAP Securities Ltd,Suspended,F ,500000.00,INE212K14452, ,Commercial Papers,-,-,-,-
726334,Grasim Industries Ltd,GIL29124,Grasim Industries Ltd,Delisted,F ,500000.00,INE047A14891, ,Commercial Papers,-,-,-,-
726335,Julius Baer Capital (India) Private Limited,JBPL290124,Julius Baer Capital (India) Pvt Ltd,Suspended,F ,500000.00,INE824H14NY6, ,Commercial Papers,-,-,-,-
726336,Adani Enterprises Ltd.,AEL250124,Adani Enterprises Ltd,Suspended,F ,500000.00,INE423A14UJ8, ,Commercial Papers,-,-,-,-
726337,360 ONE WAM LIMITED,OWL25124,360 ONE WAM Ltd,Suspended,F ,500000.00,INE466L14CN4, ,Commercial Papers,-,-,-,-
726338,ICICI Securities Limited,ISEC29124,ICICI Securities Ltd,Active,F ,500000.00,INE763G14SL4, ,Commercial Papers,-,-,-,-
726339,ECL Finance Limited,EFL250124,ECL Finance Ltd,Suspended,F ,500000.00,INE804I14WS9, ,Commercial Papers,-,-,-,-
726340,L&T Metro Rail (Hyderabad) Limited,LMRL29124,L&T Metro Rail (Hyderabad) Ltd,Delisted,F ,500000.00,INE128M14779, ,Commercial Papers,-,-,-,-
726341,SBICAP Securities Limited,SSL290124,SBICAP Securities Ltd,Suspended,F ,500000.00,INE212K14460, ,Commercial Papers,-,-,-,-
726342,Network 18 Media & Investments Limited,NMIL290124,Network 18 Media & Investments Ltd,Suspended,F ,500000.00,INE870H14RZ7, ,Commercial Papers,-,-,-,-
726343,Network 18 Media & Investments Limited,NMIL29124,Network 18 Media & Investments Ltd,Suspended,F ,500000.00,INE870H14RY0, ,Commercial Papers,-,-,-,-
726344,Axis Securities Limited,ASL290124,Axis Securities Ltd,Active,F ,500000.00,INE110O14BV7, ,Commercial Papers,-,-,-,-
726345,HDFC Securities Limited,HSL290124,HDFC Securities Ltd,Suspended,F ,500000.00,INE700G14II3, ,Commercial Papers,-,-,-,-
726346,Mirae Asset Capital Markets (India) Private Limited,MACM300124,Mirae Asset Capital Markets (India) Pvt Ltd,Suspended,F ,500000.00,INE0T2V14012, ,Commercial Papers,-,-,-,-
726347,ICICI Securities Limited,ISL300124,ICICI Securities Ltd,Active,F ,500000.00,INE763G14SM2, ,Commercial Papers,-,-,-,-
726348,Julius Baer Capital (India) Private Limited,JBC30124,Julius Baer Capital (India) Pvt Ltd,Suspended,F ,500000.00,INE824H14NZ3, ,Commercial Papers,-,-,-,-
726349,TRUST INVESTMENT ADVISORS PRIVATE LIMITED,TIAP300124,TRUST INVESTMENT ADVISORS Pvt Ltd,Suspended,F ,500000.00,INE723X14EA6, ,Commercial Papers,-,-,-,-
726350,STANDARD CHARTERED CAPITAL LIMITED,SCCL300124,STANDARD CHARTERED CAPITAL Ltd,Active,F ,500000.00,INE403G14RY2, ,Commercial Papers,-,-,-,-
726351,HDFC Securities Limited,HDFC30124,HDFC Securities Ltd,Suspended,F ,500000.00,INE700G14IL7, ,Commercial Papers,-,-,-,-
726352,Tata Housing Development Company Limited,THDC30124,Tata Housing Development Company Ltd,Suspended,F ,500000.00,INE582L14HE6, ,Commercial Papers,-,-,-,-
726353,National Bank for Agriculture and Rural Development,NBAD30124,National Bank for Agriculture and Rural Development,Suspended,F ,500000.00,INE261F14KT1, ,Commercial Papers,-,-,-,-
726354,PVR INOX LIMITED,PIL300124,PVR INOX Ltd,Active,F ,500000.00,INE191H14470, ,Commercial Papers,-,-,-,-
726355,ICICI Securities Limited,ISL310124,ICICI Securities Ltd,Suspended,F ,500000.00,INE763G14SO8, ,Commercial Papers,-,-,-,-
726356,ICICI Securities Limited,ISL310124A,ICICI Securities Ltd,Active,F ,500000.00,INE763G14SN0, ,Commercial Papers,-,-,-,-
726357,Adani Enterprises Ltd.,AEL310124,Adani Enterprises Ltd,Suspended,F ,500000.00,INE423A14UK6, ,Commercial Papers,-,-,-,-
726358,Axis Finance Limited,AFL310124,Axis Finance Ltd,Suspended,F ,500000.00,INE891K14MZ8, ,Commercial Papers,-,-,-,-
726359,VIVRITI CAPITAL LIMITED,VCL310124,VIVRITI CAPITAL Ltd,Suspended,F ,500000.00,INE01HV14417, ,Commercial Papers,-,-,-,-
726360,NLC Tamilnadu Power Limited,NTPL01224,NLC Tamilnadu Power Ltd,Suspended,F ,500000.00,INE05C614402, ,Commercial Papers,-,-,-,-
726361,Redington Limited,RL010224,Redington Ltd,Suspended,F ,500000.00,INE891D14YG8, ,Commercial Papers,-,-,-,-
726362,Redington Limited,RL01224,Redington Ltd,Suspended,F ,500000.00,INE891D14YH6, ,Commercial Papers,-,-,-,-
726363,Motilal Oswal Finvest Limited,MOFL31124,Motilal Oswal Finvest Ltd,Suspended,F ,500000.00,INE01WN14AV3, ,Commercial Papers,-,-,-,-
726364,PAISALO DIGITAL LIMITED,PDL300124,PDL-30-4-24-CP,Suspended,F ,500000.00,INE420C14060, ,Commercial Papers,-,-,-,-
726365,Motilal Oswal Financial Services Limited,MOFS010224,Motilal Oswal Financial Services Ltd,Suspended,F ,500000.00,INE338I14GN2, ,Commercial Papers,-,-,-,-
726366,ICICI Securities Limited,ISL010224,ICICI Securities Ltd,Suspended,F ,500000.00,INE763G14SR1, ,Commercial Papers,-,-,-,-
726367,ICICI Securities Limited,ISL1224,ICICI Securities Ltd,Active,F ,500000.00,INE763G14SQ3, ,Commercial Papers,-,-,-,-
726368,ICICI Securities Limited,ISL01224,ICICI Securities Ltd,Active,F ,500000.00,INE763G14SP5, ,Commercial Papers,-,-,-,-
726369,Axis Finance Limited,AFL01224,Axis Finance Ltd,Suspended,F ,500000.00,INE891K14NA9, ,Commercial Papers,-,-,-,-
726370,360 ONE WAM LIMITED,925OWL25,360 ONE WAM Ltd,Active,F ,500000.00,INE466L14CP9, ,Commercial Papers,-,-,-,-
726371,360 ONE WAM LIMITED,OWL020224,360 ONE WAM Ltd,Suspended,F ,500000.00,INE466L14CO2, ,Commercial Papers,-,-,-,-
726372,360 ONE Prime Limited,360OPL24,360 ONE Prime Ltd,Active,F ,500000.00,INE248U14OU7, ,Commercial Papers,-,-,-,-
726373,Julius Baer Capital (India) Private Limited,JBCP020224,Julius Baer Capital (India) Pvt Ltd,Suspended,F ,500000.00,INE824H14OA4, ,Commercial Papers,-,-,-,-
726374,ICICI Securities Limited,ISL020224,ICICI Securities Ltd,Active,F ,500000.00,INE763G14SS9, ,Commercial Papers,-,-,-,-
726375,HDFC Securities Limited,HSL020224,HDFC Securities Ltd,Suspended,F ,500000.00,INE700G14IM5, ,Commercial Papers,-,-,-,-
726376,HDFC Securities Limited,HSL050224,HDFC Securities Ltd,Suspended,F ,500000.00,INE700G14IN3, ,Commercial Papers,-,-,-,-
726377,Bajaj Financial Securities Limited,BFSL020224,Bajaj Financial Securities Ltd,Suspended,F ,500000.00,INE01C314650, ,Commercial Papers,-,-,-,-
726378,L&T Metro Rail (Hyderabad) Limited,LTMR020224,L&T Metro Rail (Hyderabad) Ltd,Suspended,F ,500000.00,INE128M14787, ,Commercial Papers,-,-,-,-
726379,Motilal Oswal Financial Services Limited,MOFS020224,Motilal Oswal Financial Services Ltd,Suspended,F ,500000.00,INE338I14GO0, ,Commercial Papers,-,-,-,-
726380,ICICI Securities Limited,ISL050224,ISL-6-5-24-CP,Suspended,F ,500000.00,INE763G14ST7, ,Commercial Papers,-,-,-,-
726381,Godrej Housing Finance Limited,GHFL5224,GHFL-6-5-24-CP,Suspended,F ,500000.00,INE02JD14369, ,Commercial Papers,-,-,-,-
726382,POONAWALLA FINCORP LIMITED,PFL020224,PFL-3-5-24-CP,Suspended,F ,500000.00,INE511C14WC7, ,Commercial Papers,-,-,-,-
726383,Bajaj Finance Limited,BFL020224,BFL-30-1-25-CP,Active,F ,500000.00,INE296A14XA1, ,Commercial Papers,-,-,-,-
726384,360 ONE WAM LIMITED,OWL2224,360OWL-3-5-24,Suspended,F ,500000.00,INE466L14CR5, ,Commercial Papers,-,-,-,-
726385,Kotak Securities Limited,KSL2224,KSL-3-5-24-CP,Suspended,F ,500000.00,INE028E14NA1, ,Commercial Papers,-,-,-,-
726386,Infina Finance Private Limited,IFPL2224,IFPL-1-2-25*CP,Active,F ,500000.00,INE879F14IS6, ,Commercial Papers,-,-,-,-
726387,SEIL Energy India Limited,SEIL060224,SEIL Energy India Ltd,Suspended,F ,500000.00,INE460M14578, ,Commercial Papers,-,-,-,-
726388,Network 18 Media & Investments Limited,NMIL050224,Network 18 Media & Investments Ltd,Suspended,F ,500000.00,INE870H14SC4, ,Commercial Papers,-,-,-,-
726389,HDFC Securities Limited,HSL060224,HDFC Securities Ltd,Suspended,F ,500000.00,INE700G14IO1, ,Commercial Papers,-,-,-,-
726390,Nuvama Wealth Finance Limited,NWFL060224,Nuvama Wealth Finance Ltd,Delisted,F ,500000.00,INE918K14BD9, ,Commercial Papers,-,-,-,-
726391,Network 18 Media & Investments Limited,NMIL060224,Network 18 Media & Investments Ltd,Suspended,F ,500000.00,INE870H14SB6, ,Commercial Papers,-,-,-,-
726392,ICICI HOME FINANCE COMPANY LIMITED,IHFC060224,ICICI HOME FINANCE COMPANY Ltd,Suspended,F ,500000.00,INE071G14FH7, ,Commercial Papers,-,-,-,-
726393,Tata Realty and Infrastructure Limited,TRIL050224,Tata Realty and Infrastructure Ltd,Suspended,F ,500000.00,INE371K14BU5, ,Commercial Papers,-,-,-,-
726394,Axis Securities Limited,ASL050224,Axis Securities Ltd,Suspended,F ,500000.00,INE110O14BW5, ,Commercial Papers,-,-,-,-
726395,ICICI HOME FINANCE COMPANY LIMITED,IHFC60224,ICICI HOME FINANCE COMPANY Ltd,Suspended,F ,500000.00,INE071G14FI5, ,Commercial Papers,-,-,-,-
726396,Julius Baer Capital (India) Private Limited,JBCL060224,Julius Baer Capital (India) Pvt Ltd,Active,F ,500000.00,INE824H14OB2, ,Commercial Papers,-,-,-,-
726397,ECL Finance Limited,EFL050224,ECL Finance Ltd,Suspended,F ,500000.00,INE804I14WU5, ,Commercial Papers,-,-,-,-
726398,Bajaj Financial Securities Limited,BFSL050224,Bajaj Financial Securities Ltd,Suspended,F ,500000.00,INE01C314676, ,Commercial Papers,-,-,-,-
726399,birla Group Holdings Private Limited,BGHL060224,birla Group Holdings Pvt Ltd,Active,F ,500000.00,INE09OL14EK2, ,Commercial Papers,-,-,-,-
726400,birla Group Holdings Private Limited,BGHL6224,birla Group Holdings Pvt Ltd,Active,F ,500000.00,INE09OL14EM8, ,Commercial Papers,-,-,-,-
726401,POONAWALLA FINCORP LIMITED,PFL060224,POONAWALLA FINCORP Ltd,Suspended,F ,500000.00,INE511C14WD5, ,Commercial Papers,-,-,-,-
726402,ICICI Securities Limited,ISL070224,ICICI Securities Ltd,Active,F ,500000.00,INE763G14SV3, ,Commercial Papers,-,-,-,-
726403,Aditya Birla Housing Finance Limited,ABHF060224,Aditya Birla Housing Finance Ltd,Suspended,F ,500000.00,INE831R14DE3, ,Commercial Papers,-,-,-,-
726404,Julius Baer Capital (India) Private Limited,JBCL070224,Julius Baer Capital (India) Pvt Ltd,Suspended,F ,500000.00,INE824H14OC0, ,Commercial Papers,-,-,-,-
726405,Julius Baer Capital (India) Private Limited,JBCL70224,Julius Baer Capital (India) Pvt Ltd,Suspended,F ,500000.00,INE824H14OD8, ,Commercial Papers,-,-,-,-
726406,Motilal Oswal Finvest Limited,MOFL060224,Motilal Oswal Finvest Ltd,Suspended,F ,500000.00,INE01WN14AW1, ,Commercial Papers,-,-,-,-
726407,GIC Housing Finance Ltd.,GICH070224,GIC Housing Finance Ltd,Suspended,F ,500000.00,INE289B14IU3, ,Commercial Papers,-,-,-,-
726408,Kotak Securities Limited,KSL060224,Kotak Securities Ltd,Suspended,F ,500000.00,INE028E14NB9, ,Commercial Papers,-,-,-,-
726409,360 ONE Prime Limited,OPL060224,360 ONE Prime Ltd,Suspended,F ,500000.00,INE248U14OV5, ,Commercial Papers,-,-,-,-
726410,Motilal Oswal Financial Services Limited,MOFS060224,Motilal Oswal Financial Services Ltd,Suspended,F ,500000.00,INE338I14GP7, ,Commercial Papers,-,-,-,-
726411,Pilani Investment And Industries Corporation Limited,PIIC070224,Pilani Investment And Industries Corporation Ltd,Active,F ,500000.00,INE417C14678, ,Commercial Papers,-,-,-,-
726412,Tata Realty and Infrastructure Limited,TRIL060224,Tata Realty and Infrastructure Ltd,Suspended,F ,500000.00,INE371K14BV3, ,Commercial Papers,-,-,-,-
726413,Network 18 Media & Investments Limited,NMIL070224,Network 18 Media & Investments Ltd,Suspended,F ,500000.00,INE870H14SA8, ,Commercial Papers,-,-,-,-
726414,Navi Finserv Limited,NFL060224,Navi Finserv Ltd,Suspended,F ,500000.00,INE342T14AF0, ,Commercial Papers,-,-,-,-
726415,Can Fin Homes Ltd.,CFHL7224,Can Fin Homes Ltd,Suspended,F ,500000.00,INE477A14CT1, ,Commercial Papers,-,-,-,-
726416,Motilal Oswal Financial Services Limited,MOFL7224,Motilal Oswal Financial Services Ltd,Active,F ,500000.00,INE338I14GQ5, ,Commercial Papers,-,-,-,-
726417,Bajaj Financial Securities Limited,BFSL080224,Bajaj Financial Securities Ltd,Suspended,F ,500000.00,INE01C314668, ,Commercial Papers,-,-,-,-
726418,Axis Finance Limited,AFL070224,Axis Finance Ltd,Suspended,F ,500000.00,INE891K14NC5, ,Commercial Papers,-,-,-,-
726419,ICICI Securities Limited,ISL080224,ICICI Securities Ltd,Suspended,F ,500000.00,INE763G14SU5, ,Commercial Papers,-,-,-,-
726420,Axis Finance Limited,AFL070224A,Axis Finance Ltd,Suspended,F ,500000.00,INE891K14NB7, ,Commercial Papers,-,-,-,-
726421,Axis Finance Limited,AFL080224,Axis Finance Ltd,Suspended,F ,500000.00,INE891K14ND3, ,Commercial Papers,-,-,-,-
726422,HDFC Securities Limited,HSL080224,HDFC Securities Ltd,Suspended,F ,500000.00,INE700G14IQ6, ,Commercial Papers,-,-,-,-
726423,HDFC Securities Limited,HSL070224,HDFC Securities Ltd,Suspended,F ,500000.00,INE700G14IP8, ,Commercial Papers,-,-,-,-
726424,Motilal Oswal Financial Services Limited,MOFS080224,Motilal Oswal Financial Services Ltd,Active,F ,500000.00,INE338I14GR3, ,Commercial Papers,-,-,-,-
726425,birla Group Holdings Private Limited,BGHP090224,birla Group Holdings Pvt Ltd,Active,F ,500000.00,INE09OL14EL0, ,Commercial Papers,-,-,-,-
726426,360 ONE Prime Limited,OPL08224,360 ONE Prime Ltd,Suspended,F ,500000.00,INE248U14OW3, ,Commercial Papers,-,-,-,-
726427,Pilani Investment And Industries Corporation Limited,PICL090224,Pilani Investment And Industries Corporation Ltd,Active,F ,500000.00,INE417C14660, ,Commercial Papers,-,-,-,-
726428,HDFC Credila Financial Services Ltd,HCFS080224,HDFC Credila Financial Services Ltd,Active,F ,500000.00,INE539K14BJ0, ,Commercial Papers,-,-,-,-
726429,HDFC Securities Limited,HSL09224,HDFC Securities Ltd,Suspended,F ,500000.00,INE700G14IR4, ,Commercial Papers,-,-,-,-
726430,HDFC Securities Limited,HSL090224,HDFC Securities Ltd,Suspended,F ,500000.00,INE700G14IS2, ,Commercial Papers,-,-,-,-
726431,Can Fin Homes Ltd.,CFHL080224,Can Fin Homes Ltd,Suspended,F ,500000.00,INE477A14CU9, ,Commercial Papers,-,-,-,-
726432,360 ONE WAM LIMITED,360O080224,360 ONE WAM Ltd,Suspended,F ,500000.00,INE466L14CU9, ,Commercial Papers,-,-,-,-
726433,ICICI Securities Limited,ISL090224,ICICI Securities Ltd,Suspended,F ,500000.00,INE763G14SW1, ,Commercial Papers,-,-,-,-
726434,Infina Finance Private Limited,IFPL9224,Infina Finance Pvt Ltd,Active,F ,500000.00,INE879F14IT4, ,Commercial Papers,-,-,-,-
726435,Kotak Securities Limited,KSL09224,Kotak Securities Ltd,Suspended,F ,500000.00,INE028E14NC7, ,Commercial Papers,-,-,-,-
726436,POONAWALLA FINCORP LIMITED,PFL09224,POONAWALLA FINCORP Ltd,Suspended,F ,500000.00,INE511C14WE3, ,Commercial Papers,-,-,-,-
726437,HDFC Securities Limited,HSL120224,HDFC Securities Ltd,Suspended,F ,500000.00,INE700G14IU8, ,Commercial Papers,-,-,-,-
726438,SIKKA PORTS & TERMINALS LTD,SPTL090224,SIKKA PORTS & TERMINALS LTD,Delisted,F ,500000.00,INE941D14527, ,Commercial Papers,-,-,-,-
726439,360 ONE Prime Limited,OPL090224,360 ONE Prime Ltd,Suspended,F ,500000.00,INE248U14OX1, ,Commercial Papers,-,-,-,-
726440,Axis Securities Limited,ASL120224,Axis Securities Ltd,Suspended,F ,500000.00,INE110O14BX3, ,Commercial Papers,-,-,-,-
726441,Motilal Oswal Finvest Limited,MOFL9224,Motilal Oswal Finvest Ltd,Suspended,F ,500000.00,INE01WN14AX9, ,Commercial Papers,-,-,-,-
726442,Motilal Oswal Finvest Limited,MOFL9224A,Motilal Oswal Finvest Ltd,Active,F ,500000.00,INE01WN14AY7, ,Commercial Papers,-,-,-,-
726443,Motilal Oswal Financial Services Limited,MOFSL9224,Motilal Oswal Financial Services Ltd,Suspended,F ,500000.00,INE338I14GS1, ,Commercial Papers,-,-,-,-
726444,360 ONE WAM LIMITED,360OWL9224,360 ONE WAM Ltd,Suspended,F ,500000.00,INE466L14CT1, ,Commercial Papers,-,-,-,-
726445,STANDARD CHARTERED SECURITIES (INDIA) LIMITED,SCSL120224,STANDARD CHARTERED SECURITIES (INDIA) Ltd,Active,F ,500000.00,INE472H14276, ,Commercial Papers,-,-,-,-
726446,STANDARD CHARTERED CAPITAL LIMITED,SCCL12224,STANDARD CHARTERED CAPITAL Ltd,Active,F ,500000.00,INE403G14RZ9, ,Commercial Papers,-,-,-,-
726447,ICICI Securities Limited,ISEC12224,ICICI Securities Ltd,Suspended,F ,500000.00,INE763G14SX9, ,Commercial Papers,-,-,-,-
726448,Julius Baer Capital (India) Private Limited,JBCL12224,Julius Baer Capital (India) Pvt Ltd,Suspended,F ,500000.00,INE824H14OE6, ,Commercial Papers,-,-,-,-
726449,UGRO CAPITAL LIMITED,UCL12224,UGRO CAPITAL Ltd,Suspended,F ,500000.00,INE583D14345, ,Commercial Papers,-,-,-,-
726450,UGRO CAPITAL LIMITED,UCL120224,UGRO CAPITAL Ltd,Suspended,F ,500000.00,INE583D14337, ,Commercial Papers,-,-,-,-
726451,Kotak Securities Limited,KSL12224,Kotak Securities Ltd,Active,F ,500000.00,INE028E14ND5, ,Commercial Papers,-,-,-,-
726452,TATA STEEL LIMITED,TSL12224,TATA STEEL Ltd,Suspended,F ,500000.00,INE081A14ET7, ,Commercial Papers,-,-,-,-
726453,Axis Securities Limited,ASL13224,Axis Securities Ltd,Suspended,F ,500000.00,INE110O14BY1, ,Commercial Papers,-,-,-,-
726454,PAISALO DIGITAL LIMITED,PDL12224,PAISALO DIGITAL Ltd,Suspended,F ,500000.00,INE420C14078, ,Commercial Papers,-,-,-,-
726455,Motilal Oswal Finvest Limited,MOFL120224,Motilal Oswal Finvest Ltd,Active,F ,500000.00,INE01WN14AZ4, ,Commercial Papers,-,-,-,-
726456,Adani Enterprises Ltd.,AEL120224,Adani Enterprises Ltd,Suspended,F ,500000.00,INE423A14UL4, ,Commercial Papers,-,-,-,-
726457,Kotak Mahindra Prime Limited,KMPL130224,Kotak Mahindra Prime Ltd,Active,F ,500000.00,INE916D143C6, ,Commercial Papers,-,-,-,-
726458,HDFC Securities Limited,HSL130224,HDFC Securities Ltd,Suspended,F ,500000.00,INE700G14IV6, ,Commercial Papers,-,-,-,-
726459,Network 18 Media & Investments Limited,NMIL140224,Network 18 Media & Investments Ltd,Suspended,F ,500000.00,INE870H14SD2, ,Commercial Papers,-,-,-,-
726460,Aditya Birla Housing Finance Limited,ABHFL13224,Aditya Birla Housing Finance Ltd,Suspended,F ,500000.00,INE831R14DF0, ,Commercial Papers,-,-,-,-
726461,Bajaj Housing Finance Limited,BHFL130224,Bajaj Housing Finance Ltd,Suspended,F ,500000.00,INE377Y14AU5, ,Commercial Papers,-,-,-,-
726462,Tata Power Co. Ltd,TPCL14224,Tata Power Co Ltd,Suspended,F ,500000.00,INE245A14JJ8, ,Commercial Papers,-,-,-,-
726463,GIC Housing Finance Ltd.,GICHFL15224,GIC Housing Finance Ltd,Suspended,F ,500000.00,INE289B14IV1, ,Commercial Papers,-,-,-,-
726464,Axis Securities Limited,ASL15224,Axis Securities Ltd,Suspended,F ,500000.00,INE110O14CA9, ,Commercial Papers,-,-,-,-
726465,ICICI Securities Limited,ISEC15224,ICICI Securities Ltd,Suspended,F ,500000.00,INE763G14SY7, ,Commercial Papers,-,-,-,-
726466,Bajaj Financial Securities Limited,BFSL14224,Bajaj Financial Securities Ltd,Suspended,F ,500000.00,INE01C314684, ,Commercial Papers,-,-,-,-
726467,Bajaj Finance Limited,BFL14224,Bajaj Finance Ltd,Suspended,F ,500000.00,INE296A14XB9, ,Commercial Papers,-,-,-,-
726468,Godrej Finance Limited,GFL15224,Godrej Finance Ltd,Suspended,F ,500000.00,INE02KN14218, ,Commercial Papers,-,-,-,-
726469,Godrej Housing Finance Limited,GHFL16224,Godrej Housing Finance Ltd,Suspended,F ,500000.00,INE02JD14377, ,Commercial Papers,-,-,-,-
726470,Kotak Securities Limited,KSL15224,Kotak Securities Ltd,Suspended,F ,500000.00,INE028E14NE3, ,Commercial Papers,-,-,-,-
726471,Reliance Retail Ventures Limited,RRVL160224,Reliance Retail Ventures Ltd,Suspended,F ,500000.00,INE929O14BK3, ,Commercial Papers,-,-,-,-
726472,Bajaj Financial Securities Limited,BFSL150224,Bajaj Financial Securities Ltd,Suspended,F ,500000.00,INE01C314692, ,Commercial Papers,-,-,-,-
726473,SIKKA PORTS & TERMINALS LTD,SPTL16224,SIKKA PORTS & TERMINALS LTD,Delisted,F ,500000.00,INE941D14535, ,Commercial Papers,-,-,-,-
726474,HDFC Securities Limited,HSL160224,HDFC Securities Ltd,Suspended,F ,500000.00,INE700G14IW4, ,Commercial Papers,-,-,-,-
726475,Axis Securities Limited,ASL160224,Axis Securities Ltd,Suspended,F ,500000.00,INE110O14BZ8, ,Commercial Papers,-,-,-,-
726476,Aarti Industries Ltd,AIL160224,Aarti Industries Ltd,Suspended,F ,500000.00,INE769A14833, ,Commercial Papers,-,-,-,-
726477,Reliance Retail Ventures Limited,RRVL14224,Reliance Retail Ventures Ltd,Suspended,F ,500000.00,INE929O14BJ5, ,Commercial Papers,-,-,-,-
726478,birla Group Holdings Private Limited,BGHPL16224,birla Group Holdings Pvt Ltd,Active,F ,500000.00,INE09OL14EN6, ,Commercial Papers,-,-,-,-
726479,birla Group Holdings Private Limited,BGHPL16224A,birla Group Holdings Pvt Ltd,Suspended,F ,500000.00,INE09OL14EO4, ,Commercial Papers,-,-,-,-
726480,ICICI Securities Limited,ISL160224,ICICI Securities Ltd,Suspended,F ,500000.00,INE763G14TA5, ,Commercial Papers,-,-,-,-
726481,ICICI Securities Limited,ISL16224,ICICI Securities Ltd,Suspended,F ,500000.00,INE763G14SZ4, ,Commercial Papers,-,-,-,-
726482,360 ONE Prime Limited,OPL160224,360 ONE Prime Ltd,Suspended,F ,500000.00,INE248U14OY9, ,Commercial Papers,-,-,-,-
726483,TATA STEEL LIMITED,TSL160224,TATA STEEL Ltd,Suspended,F ,500000.00,INE081A14EU5, ,Commercial Papers,-,-,-,-
726484,Aditya Birla Housing Finance Limited,ABHF16224,Aditya Birla Housing Finance Ltd,Suspended,F ,500000.00,INE831R14DG8, ,Commercial Papers,-,-,-,-
726485,Bajaj Financial Securities Limited,BFSL16224,Bajaj Financial Securities Ltd,Suspended,F ,500000.00,INE01C314700, ,Commercial Papers,-,-,-,-
726486,Tata Housing Development Company Limited,THDC16224,Tata Housing Development Company Ltd,Suspended,F ,500000.00,INE582L14HF3, ,Commercial Papers,-,-,-,-
726487,Tata Power Co. Ltd,TPCL16224,Tata Power Co Ltd,Suspended,F ,500000.00,INE245A14JK6, ,Commercial Papers,-,-,-,-
726488,360 ONE WAM LIMITED,OWL160224,360 ONE WAM Ltd,Suspended,F ,500000.00,INE466L14CX3, ,Commercial Papers,-,-,-,-
726489,360 ONE WAM LIMITED,OWL160224A,360 ONE WAM Ltd,Suspended,F ,500000.00,INE466L14CV7, ,Commercial Papers,-,-,-,-
726490,Godrej Housing Finance Limited,GHFL200224,Godrej Housing Finance Ltd,Suspended,F ,500000.00,INE02JD14385, ,Commercial Papers,-,-,-,-
726491,Jamnagar Utilities & Power Private Limited,JUPPL16224,Jamnagar Utilities & Power Pvt Ltd,Delisted,F ,500000.00,INE936D14311, ,Commercial Papers,-,-,-,-
726492,Julius Baer Capital (India) Private Limited,JBCL20224,Julius Baer Capital (India) Pvt Ltd,Suspended,F ,500000.00,INE824H14OF3, ,Commercial Papers,-,-,-,-
726493,STANDARD CHARTERED SECURITIES (INDIA) LIMITED,SCSL20224,STANDARD CHARTERED SECURITIES (INDIA) Ltd,Active,F ,500000.00,INE472H14284, ,Commercial Papers,-,-,-,-
726494,STANDARD CHARTERED CAPITAL LIMITED,SCCL20224,STANDARD CHARTERED CAPITAL Ltd,Active,F ,500000.00,INE403G14SA0, ,Commercial Papers,-,-,-,-
726495,ICICI Securities Limited,ISEC200224,ICICI Securities Ltd,Suspended,F ,500000.00,INE763G14TB3, ,Commercial Papers,-,-,-,-
726496,HDFC Securities Limited,HSL210224,HDFC Securities Ltd,Suspended,F ,500000.00,INE700G14IZ7, ,Commercial Papers,-,-,-,-
726497,HDFC Securities Limited,HSL20224,HDFC Securities Ltd,Suspended,F ,500000.00,INE700G14IX2, ,Commercial Papers,-,-,-,-
726498,Motilal Oswal Finvest Limited,MOFL200224,Motilal Oswal Finvest Ltd,Active,F ,500000.00,INE01WN14BA5, ,Commercial Papers,-,-,-,-
726499,Aditya Birla Housing Finance Limited,ABHF20224,Aditya Birla Housing Finance Ltd,Suspended,F ,500000.00,INE831R14DH6, ,Commercial Papers,-,-,-,-
726500,Hinduja Leyland Finance Limited,HLFL20224,Hinduja Leyland Finance Ltd,Suspended,F ,500000.00,INE146O14BU3, ,Commercial Papers,-,-,-,-
726501,Time Technoplast Limited,TTL21224,Time Technoplast Ltd,Suspended,F ,500000.00,INE508G14FK2, ,Commercial Papers,-,-,-,-
726502,Sterlite Technologies Limited.,STL200224,Sterlite Technologies Ltd,Suspended,F ,500000.00,INE089C14DF7, ,Commercial Papers,-,-,-,-
726503,POONAWALLA FINCORP LIMITED,PFL200224,POONAWALLA FINCORP Ltd,Suspended,F ,500000.00,INE511C14WF0, ,Commercial Papers,-,-,-,-
726504,Bajaj Financial Securities Limited,BFSL210224,Bajaj Financial Securities Ltd,Suspended,F ,500000.00,INE01C314726, ,Commercial Papers,-,-,-,-
726505,ICICI Securities Limited,ISEC21224,ICICI Securities Ltd,Suspended,F ,500000.00,INE763G14TC1, ,Commercial Papers,-,-,-,-
726506,ICICI Securities Limited,ISEC21224A,ICICI Securities Ltd,Active,F ,500000.00,INE763G14TD9, ,Commercial Papers,-,-,-,-
726507,Julius Baer Capital (India) Private Limited,JBCP210224,Julius Baer Capital (India) Pvt Ltd,Active,F ,500000.00,INE824H14OH9, ,Commercial Papers,-,-,-,-
726508,Bajaj Finance Limited,BFL20224,Bajaj Finance Ltd,Suspended,F ,500000.00,INE296A14XC7, ,Commercial Papers,-,-,-,-
726509,Godrej Housing Finance Limited,GHFL210224,Godrej Housing Finance Ltd,Suspended,F ,500000.00,INE02JD14393, ,Commercial Papers,-,-,-,-
726510,IndoStar Capital Finance Limited,ICFL21224,IndoStar Capital Finance Ltd,Suspended,F ,500000.00,INE896L14DK6, ,Commercial Papers,-,-,-,-
726511,STANDARD CHARTERED SECURITIES (INDIA) LIMITED,SCSL22224,STANDARD CHARTERED SECURITIES (INDIA) Ltd,Active,F ,500000.00,INE472H14292, ,Commercial Papers,-,-,-,-
726512,Nuvama Wealth and Investment Limited,NWIL210224,Nuvama Wealth and Investment Ltd,Suspended,F ,500000.00,INE523L14682, ,Commercial Papers,-,-,-,-
726513,Bajaj Finance Limited,BFL210224,Bajaj Finance Ltd,Suspended,F ,500000.00,INE296A14XD5, ,Commercial Papers,-,-,-,-
726514,Bajaj Finance Limited,BFL210224A,Bajaj Finance Ltd,Suspended,F ,500000.00,INE296A14XE3, ,Commercial Papers,-,-,-,-
726515,SIKKA PORTS & TERMINALS LTD,SPTL220224,SIKKA PORTS & TERMINALS LTD,Delisted,F ,500000.00,INE941D14543, ,Commercial Papers,-,-,-,-
726516,Kotak Securities Limited,KSL22224,Kotak Securities Ltd,Suspended,F ,500000.00,INE028E14NF0, ,Commercial Papers,-,-,-,-
726517,Julius Baer Capital (India) Private Limited,JBCL220224,Julius Baer Capital (India) Pvt Ltd,Suspended,F ,500000.00,INE824H14OG1, ,Commercial Papers,-,-,-,-
726518,birla Group Holdings Private Limited,BGHL220224,birla Group Holdings Pvt Ltd,Active,F ,500000.00,INE09OL14EP1, ,Commercial Papers,-,-,-,-
726519,Hinduja Leyland Finance Limited,HLFL210224,Hinduja Leyland Finance Ltd,Suspended,F ,500000.00,INE146O14BV1, ,Commercial Papers,-,-,-,-
726520,ICICI Securities Limited,ISL220224,ICICI Securities Ltd,Active,F ,500000.00,INE763G14TE7, ,Commercial Papers,-,-,-,-
726521,birla Group Holdings Private Limited,BGHP220224,birla Group Holdings Pvt Ltd,Suspended,F ,500000.00,INE09OL14EQ9, ,Commercial Papers,-,-,-,-
726522,SIKKA PORTS & TERMINALS LTD,SPTL230224,SIKKA PORTS & TERMINALS LTD,Delisted,F ,500000.00,INE941D14550, ,Commercial Papers,-,-,-,-
726523,Godrej Finance Limited,GFL230224,Godrej Finance Ltd,Active,F ,500000.00,INE02KN14226, ,Commercial Papers,-,-,-,-
726524,Axis Securities Limited,ASL230224,Axis Securities Ltd,Suspended,F ,500000.00,INE110O14CB7, ,Commercial Papers,-,-,-,-
726525,Pilani Investment And Industries Corporation Limited,PIIC23224,Pilani Investment And Industries Corporation Ltd,Suspended,F ,500000.00,INE417C14686, ,Commercial Papers,-,-,-,-
726526,Godrej Housing Finance Limited,GHFL23224,Godrej Housing Finance Ltd,Active,F ,500000.00,INE02JD14401, ,Commercial Papers,-,-,-,-
726527,ICICI Securities Limited,ISEC23224,ICICI Securities Ltd,Suspended,F ,500000.00,INE763G14TF4, ,Commercial Papers,-,-,-,-
726528,SBICAP Securities Limited,SBICA23224,SBICAP Securities Ltd,Active,F ,500000.00,INE212K14478, ,Commercial Papers,-,-,-,-
726529,Kotak Securities Limited,KSL23224,Kotak Securities Ltd,Active,F ,500000.00,INE028E14NG8, ,Commercial Papers,-,-,-,-
726530,Bajaj Financial Securities Limited,BFSL230224,Aditya Birla Fashion and Retail Ltd,Suspended,F ,500000.00,INE01C314718, ,Commercial Papers,-,-,-,-
726531,POONAWALLA FINCORP LIMITED,PFL23224,POONAWALLA FINCORP Ltd,Suspended,F ,500000.00,INE511C14WG8, ,Commercial Papers,-,-,-,-
726532,Kotak Mahindra Investments Limited,KMIL26224,Kotak Mahindra Investments Ltd,Delisted,F ,500000.00,INE975F14ZH9, ,Commercial Papers,-,-,-,-
726533,Grasim Industries Ltd,GIL26224,Grasim Industries Ltd,Suspended,F ,500000.00,INE047A14909, ,Commercial Papers,-,-,-,-
726534,birla Group Holdings Private Limited,BGHP230224,birla Group Holdings Pvt Ltd,Suspended,F ,500000.00,INE09OL14ES5, ,Commercial Papers,-,-,-,-
726535,Bajaj Finance Limited,BFL230224,Bajaj Finance Ltd,Suspended,F ,500000.00,INE296A14XF0, ,Commercial Papers,-,-,-,-
726536,Hinduja Leyland Finance Limited,HLFL230224,Hinduja Leyland Finance Ltd,Active,F ,500000.00,INE146O14BW9, ,Commercial Papers,-,-,-,-
726537,HDFC Securities Limited,HDFC260224,HDFC Securities Ltd,Suspended,F ,500000.00,INE700G14JA8, ,Commercial Papers,-,-,-,-
726538,HDFC Securities Limited,HDFC230224,HDFC Securities Ltd,Suspended,F ,500000.00,INE700G14IY0, ,Commercial Papers,-,-,-,-
726539,Motilal Oswal Financial Services Limited,MOFS23224,Motilal Oswal Financial Services Ltd,Suspended,F ,500000.00,INE338I14GU7, ,Commercial Papers,-,-,-,-
726540,Adani Enterprises Ltd.,AEL23224,Adani Enterprises Ltd,Suspended,F ,500000.00,INE423A14UN0, ,Commercial Papers,-,-,-,-
726541,Julius Baer Capital (India) Private Limited,JBCP260224,Julius Baer Capital (India) Pvt Ltd,Suspended,F ,500000.00,INE824H14OI7, ,Commercial Papers,-,-,-,-
726542,Reliance Retail Ventures Limited,RRVL23224,Reliance Retail Ventures Ltd,Suspended,F ,500000.00,INE929O14BL1, ,Commercial Papers,-,-,-,-
726543,Network 18 Media & Investments Limited,NMIL260224,Network 18 Media & Investments Ltd,Suspended,F ,500000.00,INE870H14SF7, ,Commercial Papers,-,-,-,-
726544,Axis Securities Limited,ASL26224,Axis Securities Ltd,Suspended,F ,500000.00,INE110O14CC5, ,Commercial Papers,-,-,-,-
726545,HDFC Credila Financial Services Ltd,HCFS26224,HDFC Credila Financial Services Ltd,Active,F ,500000.00,INE539K14BK8, ,Commercial Papers,-,-,-,-
726546,Axis Securities Limited,ASL27224,Axis Securities Ltd,Suspended,F ,500000.00,INE110O14CD3, ,Commercial Papers,-,-,-,-
726547,Julius Baer Capital (India) Private Limited,JBCL27224,Julius Baer Capital (India) Pvt Ltd,Suspended,F ,500000.00,INE824H14OJ5, ,Commercial Papers,-,-,-,-
726548,ICICI Securities Limited,ISL27224,ICICI Securities Ltd,Suspended,F ,500000.00,INE763G14TG2, ,Commercial Papers,-,-,-,-
726549,birla Group Holdings Private Limited,BGHP270224,birla Group Holdings Pvt Ltd,Suspended,F ,500000.00,INE09OL14ER7, ,Commercial Papers,-,-,-,-
726550,Network 18 Media & Investments Limited,N18M27224,Network 18 Media & Investments Ltd,Suspended,F ,500000.00,INE870H14SE0, ,Commercial Papers,-,-,-,-
726551,360 ONE WAM LIMITED,OWL260224,360 ONE WAM Ltd,Suspended,F ,500000.00,INE466L14CY1, ,Commercial Papers,-,-,-,-
726552,Axis Finance Limited,AFL26224,Axis Finance Ltd,Suspended,F ,500000.00,INE891K14NE1, ,Commercial Papers,-,-,-,-
726553,Axis Finance Limited,AFL26224A,Axis Finance Ltd,Suspended,F ,500000.00,INE891K14NF8, ,Commercial Papers,-,-,-,-
726554,Axis Finance Limited,AFL26224B,Axis Finance Ltd,Active,F ,500000.00,INE891K14NG6, ,Commercial Papers,-,-,-,-
726555,ICICI Securities Limited,ISL26224,ICICI Securities Ltd,Suspended,F ,500000.00,INE763G14TH0, ,Commercial Papers,-,-,-,-
726556,Bajaj Housing Finance Limited,BHFL260224,Bajaj Housing Finance Ltd,Active,F ,500000.00,INE377Y14AV3, ,Commercial Papers,-,-,-,-
726557,SBICAP Securities Limited,SSL260224,SBICAP Securities Ltd,Suspended,F ,500000.00,INE212K14486, ,Commercial Papers,-,-,-,-
726558,STANDARD CHARTERED CAPITAL LIMITED,SCCL28224,STANDARD CHARTERED CAPITAL Ltd,Active,F ,500000.00,INE403G14SB8, ,Commercial Papers,-,-,-,-
726559,HDFC Securities Limited,HSL27224,HDFC Securities Ltd,Suspended,F ,500000.00,INE700G14JB6, ,Commercial Papers,-,-,-,-
726560,BOBCARD LIMITED,BOB27224,Bobcard Ltd,Suspended,F ,500000.00,INE027214563, ,Commercial Papers,-,-,-,-
726561,Shriram Housing Finance Limited,SHFL270224,Shriram Housing Finance Ltd,Active,F ,500000.00,INE432R14279, ,Commercial Papers,-,-,-,-
726562,BOBCARD LIMITED,BOB270224,Bobcard Ltd,Suspended,F ,500000.00,INE027214555, ,Commercial Papers,-,-,-,-
726563,ONGC Petro additions Limited.,OPAL270224,ONGC Petro additions Ltd,Active,F ,500000.00,INE163N14378, ,Commercial Papers,-,-,-,-
726564,Godrej Finance Limited,GFL280224,Godrej Finance Ltd,Active,F ,500000.00,INE02KN14242, ,Commercial Papers,-,-,-,-
726565,Godrej Finance Limited,GF280224A,Godrej Finance Ltd,Suspended,F ,500000.00,INE02KN14234, ,Commercial Papers,-,-,-,-
726566,Hinduja Leyland Finance Limited,HLFL27224,Hinduja Leyland Finance Ltd,Active,F ,500000.00,INE146O14BX7, ,Commercial Papers,-,-,-,-
726567,Hinduja Leyland Finance Limited,HLFL27224A,Hinduja Leyland Finance Ltd,Active,F ,500000.00,INE146O14BY5, ,Commercial Papers,-,-,-,-
726568,Axis Securities Limited,ASL280224,Axis Securities Ltd,Active,F ,500000.00,INE110O14CE1, ,Commercial Papers,-,-,-,-
726569,ARKA FINCAP LIMITED,AFL27224,ARKA FINCAP Ltd,Suspended,F ,500000.00,INE03W114500, ,Commercial Papers,-,-,-,-
726570,Julius Baer Capital (India) Private Limited,JBCIP28224,Julius Baer Capital (India) Pvt Ltd,Suspended,F ,500000.00,INE824H14OK3, ,Commercial Papers,-,-,-,-
726571,Grasim Industries Ltd,GIL28224,Grasim Industries Ltd,Suspended,F ,500000.00,INE047A14917, ,Commercial Papers,-,-,-,-
726572,ICICI Securities Limited,ISL290224,ICICI Securities Ltd,Suspended,F ,500000.00,INE763G14TJ6, ,Commercial Papers,-,-,-,-
726573,HDFC Securities Limited,HSL290224,HDFC Securities Ltd,Suspended,F ,500000.00,INE700G14JC4, ,Commercial Papers,-,-,-,-
726574,Kotak Mahindra Prime Limited,KMPL290224,Kotak Mahindra Prime Ltd,Suspended,F ,500000.00,INE916D143D4, ,Commercial Papers,-,-,-,-
726575,L&T Metro Rail (Hyderabad) Limited,LTMRL29224,L&T Metro Rail (Hyderabad) Ltd,Suspended,F ,500000.00,INE128M14795, ,Commercial Papers,-,-,-,-
726576,Kotak Securities Limited,KSL29224,Kotak Securities Ltd,Suspended,F ,500000.00,INE028E14NH6, ,Commercial Papers,-,-,-,-
726577,Aditya Birla Housing Finance Limited,ABHFL28224,Aditya Birla Housing Finance Ltd,Suspended,F ,500000.00,INE831R14DI4, ,Commercial Papers,-,-,-,-
726578,ICICI Securities Limited,ISL280224,ICICI Securities Ltd,Suspended,F ,500000.00,INE763G14TI8, ,Commercial Papers,-,-,-,-
726579,Larsen & Toubro Limited,LTL29224,Larsen & Toubro Ltd,Suspended,F ,500000.00,INE018A14KN9, ,Commercial Papers,-,-,-,-
726580,Larsen & Toubro Limited,LTL29224A,Larsen & Toubro Ltd,Suspended,F ,500000.00,INE018A14KO7, ,Commercial Papers,-,-,-,-
726581,Julius Baer Capital (India) Private Limited,JBCPL29224,JBCIPL-30-5-24-CP,Suspended,F ,500000.00,INE824H14OL1, ,Commercial Papers,-,-,-,-
726582,Bajaj Finance Limited,BFL28224,BFL-29-5-24-CP,Suspended,F ,500000.00,INE296A14XG8, ,Commercial Papers,-,-,-,-
726583,POONAWALLA FINCORP LIMITED,PFL280224,PFL-29-5-24-CP,Suspended,F ,500000.00,INE511C14WH6, ,Commercial Papers,-,-,-,-
726584,Network 18 Media & Investments Limited,N18M29224,N18MIL-30-5-24-CP,Suspended,F ,500000.00,INE870H14SG5, ,Commercial Papers,-,-,-,-
726585,HDFC Credila Financial Services Ltd,HCFS290224,HCFS-27-2-25-CP,Active,F ,500000.00,INE539K14BL6, ,Commercial Papers,-,-,-,-
726586,Motilal Oswal Financial Services Limited,MOFSL28224,MOFSL-29-5-24-CP,Suspended,F ,500000.00,INE338I14GV5, ,Commercial Papers,-,-,-,-
726587,Axis Securities Limited,ASL1324,Axis Securities Ltd,Active,F ,500000.00,INE110O14CF8, ,Commercial Papers,-,-,-,-
726588,Infina Finance Private Limited,IFPL29224,Infina Finance Pvt Ltd,Suspended,F ,500000.00,INE879F14IU2, ,Commercial Papers,-,-,-,-
726589,TV18 Broadcast Ltd.,TV18B1324,TV18 Broadcast Ltd,Suspended,F ,500000.00,INE886H14JG0, ,Commercial Papers,-,-,-,-
726590,TRUST INVESTMENT ADVISORS PRIVATE LIMITED,TIDP290224,TRUST INVESTMENT ADVISORS Pvt Ltd,Suspended,F ,500000.00,INE723X14GK0, ,Commercial Papers,-,-,-,-
726591,Axis Finance Limited,AFL29224,Axis Finance Ltd,Suspended,F ,500000.00,INE891K14NH4, ,Commercial Papers,-,-,-,-
726592,Aditya Birla Housing Finance Limited,ABFL290224,Aditya Birla Housing Finance Ltd,Suspended,F ,500000.00,INE831R14DJ2, ,Commercial Papers,-,-,-,-
726593,Julius Baer Capital (India) Private Limited,JBCP010324,Julius Baer Capital (India) Pvt Ltd,Active,F ,500000.00,INE824H14OM9, ,Commercial Papers,-,-,-,-
726594,ICICI HOME FINANCE COMPANY LIMITED,IHFC010324,ICICI HOME FINANCE COMPANY Ltd,Suspended,F ,500000.00,INE071G14FJ3, ,Commercial Papers,-,-,-,-
726595,JSW Steel Coated Products Limited,JSWC010324,JSW Steel Coated Products Ltd,Suspended,F ,500000.00,INE02NH14032, ,Commercial Papers,-,-,-,-
726596,Reliance Retail Ventures Limited,RRVL010324,Reliance Retail Ventures Ltd,Suspended,F ,500000.00,INE929O14BM9, ,Commercial Papers,-,-,-,-
726597,Julius Baer Capital (India) Private Limited,JBC010324,Julius Baer Capital (India) Pvt Ltd,Suspended,F ,500000.00,INE824H14ON7, ,Commercial Papers,-,-,-,-
726598,Motilal Oswal Financial Services Limited,MOFS01324,Motilal Oswal Financial Services Ltd,Suspended,F ,500000.00,INE338I14GW3, ,Commercial Papers,-,-,-,-
726599,HDFC Securities Limited,HDFCSL1324,HDFCSL-31-5-24-CP,Suspended,F ,500000.00,INE700G14JD2, ,Commercial Papers,-,-,-,-
726600,Bajaj Finance Limited,BFL010324,BFL-31-5-24-CP,Suspended,F ,500000.00,INE296A14XH6, ,Commercial Papers,-,-,-,-
726601,Tata Power Co. Ltd,TPCL1324,TPCL-30-5-24-CP,Suspended,F ,500000.00,INE245A14JL4, ,Commercial Papers,-,-,-,-
726602,Axis Finance Limited,AFL010324,AFL-27-2-25-CP,Active,F ,500000.00,INE891K14NJ0, ,Commercial Papers,-,-,-,-
726603,Godrej Housing Finance Limited,GHFL4324,GHFL-3-6-24-CP,Suspended,F ,500000.00,INE02JD14419, ,Commercial Papers,-,-,-,-
726604,Axis Finance Limited,AFL01324,AFL-20-2-25-CP,Active,F ,500000.00,INE891K14NI2, ,Commercial Papers,-,-,-,-
726605,Nuvama Wealth and Investment Limited,NWIL4324,NWIL-31-10-24-CP,Active,F ,500000.00,INE523L14708, ,Commercial Papers,-,-,-,-
726606,Julius Baer Capital (India) Private Limited,JBCP4324,JBCPL-3-6-24-CP,Suspended,F ,500000.00,INE824H14OO5, ,Commercial Papers,-,-,-,-
726607,Nuvama Wealth Finance Limited,NWFL4324,NWFL-29-11-24-CP,Active,F ,500000.00,INE918K14BE7, ,Commercial Papers,-,-,-,-
726608,JM Financial Properties and Holdings Limited,JMFP040324,JMFPHL-3-9-24-CP,Suspended,F ,500000.00,INE525R14940, ,Commercial Papers,-,-,-,-
726609,ICICI Securities Limited,ISL050324,ICICI Securities Ltd,Active,F ,500000.00,INE763G14TK4, ,Commercial Papers,-,-,-,-
726610,HDFC Securities Limited,HDFCSL5324,HDFC Securities Ltd,Suspended,F ,500000.00,INE700G14JE0, ,Commercial Papers,-,-,-,-
726611,Nuvama Wealth Finance Limited,NWFL5324,Nuvama Wealth Finance Ltd,Suspended,F ,500000.00,INE918K14BF4, ,Commercial Papers,-,-,-,-
726612,Axis Securities Limited,ASL5324,Axis Securities Ltd,Suspended,F ,500000.00,INE110O14CJ0, ,Commercial Papers,-,-,-,-
726613,L&T Metro Rail (Hyderabad) Limited,LTMR4324,L&T Metro Rail (Hyderabad) Ltd,Suspended,F ,500000.00,INE128M14803, ,Commercial Papers,-,-,-,-
726614,Axis Securities Limited,ASL4324,Axis Securities Ltd,Suspended,F ,500000.00,INE110O14CG6, ,Commercial Papers,-,-,-,-
726615,Reliance Retail Ventures Limited,RRVL4324,Reliance Retail Ventures Ltd,Suspended,F ,500000.00,INE929O14BN7, ,Commercial Papers,-,-,-,-
726616,360 ONE Prime Limited,360OPL4324,360 ONE Prime Ltd,Active,F ,500000.00,INE248U14PB4, ,Commercial Papers,-,-,-,-
726617,TV18 Broadcast Ltd.,TVBL050324,TV18 Broadcast Ltd,Suspended,F ,500000.00,INE886H14JH8, ,Commercial Papers,-,-,-,-
726618,Network 18 Media & Investments Limited,NMIL050324,Network 18 Media & Investments Ltd,Suspended,F ,500000.00,INE870H14SH3, ,Commercial Papers,-,-,-,-
726619,Motilal Oswal Financial Services Limited,MOFSL4324,Motilal Oswal Financial Services Ltd,Suspended,F ,500000.00,INE338I14GX1, ,Commercial Papers,-,-,-,-
726620,Hinduja Leyland Finance Limited,HLFL040324,Hinduja Leyland Finance Ltd,Suspended,F ,500000.00,INE146O14BZ2, ,Commercial Papers,-,-,-,-
726621,STANDARD CHARTERED CAPITAL LIMITED,SCCL05324,STANDARD CHARTERED CAPITAL Ltd,Active,F ,500000.00,INE403G14SC6, ,Commercial Papers,-,-,-,-
726622,Bajaj Finance Limited,BFL5324,Bajaj Finance Ltd,Suspended,F ,500000.00,INE296A14XI4, ,Commercial Papers,-,-,-,-
726623,HDFC Securities Limited,HDFCSL6324,HDFC Securities Ltd,Suspended,F ,500000.00,INE700G14JG5, ,Commercial Papers,-,-,-,-
726624,ICICI Securities Limited,ISL060324,ICICI Securities Ltd,Active,F ,500000.00,INE763G14TN8, ,Commercial Papers,-,-,-,-
726625,Pilani Investment And Industries Corporation Limited,PIACL06324,Pilani Investment And Industries Corporation Ltd,Suspended,F ,500000.00,INE417C14694, ,Commercial Papers,-,-,-,-
726626,360 ONE Prime Limited,360OPL5324,360 ONE Prime Ltd,Suspended,F ,500000.00,INE248U14PA6, ,Commercial Papers,-,-,-,-
726627,Bajaj Financial Securities Limited,BFSL5324,Bajaj Financial Securities Ltd,Suspended,F ,500000.00,INE01C314734, ,Commercial Papers,-,-,-,-
726628,Axis Securities Limited,ASL6324,Axis Securities Ltd,Suspended,F ,500000.00,INE110O14CI2, ,Commercial Papers,-,-,-,-
726629,Kotak Mahindra Prime Limited,KMPL060324,Kotak Mahindra Prime Ltd,Active,F ,500000.00,INE916D143E2, ,Commercial Papers,-,-,-,-
726630,Kotak Securities Limited,KSL06324,Kotak Securities Ltd,Suspended,F ,500000.00,INE028E14NI4, ,Commercial Papers,-,-,-,-
726631,birla Group Holdings Private Limited,BGHPL6324,birla Group Holdings Pvt Ltd,Suspended,F ,500000.00,INE09OL14ET3, ,Commercial Papers,-,-,-,-
726632,Network 18 Media & Investments Limited,NMIL070324,Network 18 Media & Investments Ltd,Suspended,F ,500000.00,INE870H14SJ9, ,Commercial Papers,-,-,-,-
726633,Aarti Industries Ltd,AIL7324,Aarti Industries Ltd,Suspended,F ,500000.00,INE769A14841, ,Commercial Papers,-,-,-,-
726634,TV18 Broadcast Ltd.,TVBL070324,TV18 Broadcast Ltd,Suspended,F ,500000.00,INE886H14JI6, ,Commercial Papers,-,-,-,-
726635,Axis Securities Limited,ASL070324,Axis Securities Ltd,Suspended,F ,500000.00,INE110O14CH4, ,Commercial Papers,-,-,-,-
726636,ICICI Securities Limited,ISL70324,ICICI Securities Ltd,Suspended,F ,500000.00,INE763G14TL2, ,Commercial Papers,-,-,-,-
726637,ICICI Securities Limited,ISL07324,ICICI Securities Ltd,Active,F ,500000.00,INE763G14TM0, ,Commercial Papers,-,-,-,-
726638,Motilal Oswal Finvest Limited,MOFL6324,Motilal Oswal Finvest Ltd,Suspended,F ,500000.00,INE01WN14BB3, ,Commercial Papers,-,-,-,-
726639,Hinduja Leyland Finance Limited,HLFL6324,Hinduja Leyland Finance Ltd,Suspended,F ,500000.00,INE146O14CA3, ,Commercial Papers,-,-,-,-
726640,National Bank for Agriculture and Rural Development,NBARD6324,NBARD-5-6-24-CP,Suspended,F ,500000.00,INE261F14LD3, ,Commercial Papers,-,-,-,-
726641,POONAWALLA FINCORP LIMITED,PFL6324,PFL-5-6-24-CP,Suspended,F ,500000.00,INE511C14WI4, ,Commercial Papers,-,-,-,-
726642,Julius Baer Capital (India) Private Limited,JBCL070324,JBCL-6-6-24-CP,Suspended,F ,500000.00,INE824H14OR8, ,Commercial Papers,-,-,-,-
726643,Kotak Securities Limited,KSL07324,KSL-6-6-24-CP,Suspended,F ,500000.00,INE028E14NJ2, ,Commercial Papers,-,-,-,-
726644,Julius Baer Capital (India) Private Limited,JBCL70324,JBCL-5-9-24-CP,Active,F ,500000.00,INE824H14OQ0, ,Commercial Papers,-,-,-,-
726645,Bajaj Finance Limited,BFL060324,BFL-5-6-24-CP,Suspended,F ,500000.00,INE296A14XJ2, ,Commercial Papers,-,-,-,-
726646,Redington Limited,RL07324,RL-4-6-24-CP,Suspended,F ,500000.00,INE891D14YI4, ,Commercial Papers,-,-,-,-
726647,Kirloskar Ferrous Industries Ltd.,KFIL6324,KFIL-30-8-24-CP,Active,F ,500000.00,INE884B14531, ,Commercial Papers,-,-,-,-
726648,Bajaj Finance Limited,BFL60324,BFL-6-3-25-CP,Active,F ,500000.00,INE296A14XL8, ,Commercial Papers,-,-,-,-
726649,SEIL Energy India Limited,SEIL07324,SEIL-17-5-24-CP,Suspended,F ,500000.00,INE460M14586, ,Commercial Papers,-,-,-,-
726650,Nuvama Wealth and Investment Limited,NWIL11324,Nuvama Wealth and Investment Ltd,Active,F ,500000.00,INE523L14716, ,Commercial Papers,-,-,-,-
726651,Bajaj Finance Limited,BFL07324,Bajaj Finance Ltd,Active,F ,500000.00,INE296A14XK0, ,Commercial Papers,-,-,-,-
726652,STANDARD CHARTERED CAPITAL LIMITED,SCCL110324,STANDARD CHARTERED CAPITAL Ltd,Active,F ,500000.00,INE403G14SD4, ,Commercial Papers,-,-,-,-
726653,Hinduja Leyland Finance Limited,HLFL7324,Hinduja Leyland Finance Ltd,Suspended,F ,500000.00,INE146O14CB1, ,Commercial Papers,-,-,-,-
726654,Hinduja Leyland Finance Limited,HLFL7324A,Hinduja Leyland Finance Ltd,Active,F ,500000.00,INE146O14CC9, ,Commercial Papers,-,-,-,-
726655,TV18 Broadcast Ltd.,T18BL11324,TV18 Broadcast Ltd,Suspended,F ,500000.00,INE886H14JJ4, ,Commercial Papers,-,-,-,-
726656,Grasim Industries Ltd,GIL07324,Grasim Industries Ltd,Suspended,F ,500000.00,INE047A14925, ,Commercial Papers,-,-,-,-
726657,Bajaj Financial Securities Limited,BFSL7324,Bajaj Financial Securities Ltd,Suspended,F ,500000.00,INE01C314742, ,Commercial Papers,-,-,-,-
726658,Motilal Oswal Finvest Limited,MOFL07324,Motilal Oswal Finvest Ltd,Suspended,F ,500000.00,INE01WN14BC1, ,Commercial Papers,-,-,-,-
726659,HT Media Ltd,HTML7324,HT Media Ltd,Suspended,F ,500000.00,INE501G14DN6, ,Commercial Papers,-,-,-,-
726660,Axis Securities Limited,ASL11324,Axis Securities Ltd,Suspended,F ,500000.00,INE110O14CK8, ,Commercial Papers,-,-,-,-
726661,ICICI Securities Limited,ISL11324,ICICI Securities Ltd,Active,F ,500000.00,INE763G14TO6, ,Commercial Papers,-,-,-,-
726662,National Bank for Agriculture and Rural Development,NBRD7324,National Bank for Agriculture and Rural Development,Suspended,F ,500000.00,INE261F14LF8, ,Commercial Papers,-,-,-,-
726663,ARKA FINCAP LIMITED,AFL7324,ARKA FINCAP Ltd,Suspended,F ,500000.00,INE03W114518, ,Commercial Papers,-,-,-,-
726664,ARKA FINCAP LIMITED,AFL07324,ARKA FINCAP Ltd,Active,F ,500000.00,INE03W114526, ,Commercial Papers,-,-,-,-
726665,Mahindra Rural Housing Finance Limited,MRHF110324,Mahindra Rural Housing Finance Ltd,Active,F ,500000.00,INE950O14BQ6, ,Commercial Papers,-,-,-,-
726666,Manappuram Finance Limited,MNFL070324,Manappuram Finance Ltd,Suspended,F ,500000.00,INE522D14NZ2, ,Commercial Papers,-,-,-,-
726667,BOBCARD LIMITED,BOB07324,Bobcard Ltd,Suspended,F ,500000.00,INE027214571, ,Commercial Papers,-,-,-,-
726668,Motilal Oswal Financial Services Limited,MOFS070324,MOFS-7-3-25-CP,Active,F ,500000.00,INE338I14GY9, ,Commercial Papers,-,-,-,-
726669,HDFC Securities Limited,HSL070324,HSL-6-6-24-CP,Suspended,F ,500000.00,INE700G14JF7, ,Commercial Papers,-,-,-,-
726670,Axis Securities Limited,ASL12324,Axis Securities Ltd,Suspended,F ,500000.00,INE110O14CL6, ,Commercial Papers,-,-,-,-
726671,Larsen & Toubro Limited,LTL120324,Larsen & Toubro Ltd,Suspended,F ,500000.00,INE018A14KP4, ,Commercial Papers,-,-,-,-
726672,ICICI Securities Limited,ISL120324,ICICI Securities Ltd,Suspended,F ,500000.00,INE763G14TP3, ,Commercial Papers,-,-,-,-
726673,HDFC Securities Limited,HSL12324,HDFC Securities Ltd,Suspended,F ,500000.00,INE700G14JH3, ,Commercial Papers,-,-,-,-
726674,Julius Baer Capital (India) Private Limited,JBCPL12324,Julius Baer Capital (India) Pvt Ltd,Suspended,F ,500000.00,INE824H14OS6, ,Commercial Papers,-,-,-,-
726675,Tata Realty and Infrastructure Limited,TRIL11324,Tata Realty and Infrastructure Ltd,Suspended,F ,500000.00,INE371K14BW1, ,Commercial Papers,-,-,-,-
726676,Adani Enterprises Ltd.,AEL11324,Adani Enterprises Ltd,Active,F ,500000.00,INE423A14UO8, ,Commercial Papers,-,-,-,-
726677,Godrej Finance Limited,GFL12324,Godrej Finance Ltd,Suspended,F ,500000.00,INE02KN14259, ,Commercial Papers,-,-,-,-
726678,Godrej Housing Finance Limited,GHFL12324,Godrej Housing Finance Ltd,Suspended,F ,500000.00,INE02JD14427, ,Commercial Papers,-,-,-,-
726679,Tata Housing Development Company Limited,THDC11324,Tata Housing Development Company Ltd,Suspended,F ,500000.00,INE582L14HG1, ,Commercial Papers,-,-,-,-
726680,Bajaj Finance Limited,BFL11324,Bajaj Finance Ltd,Active,F ,500000.00,INE296A14XM6, ,Commercial Papers,-,-,-,-
726681,Bajaj Finance Limited,BFL110324,Bajaj Finance Ltd,Suspended,F ,500000.00,INE296A14XO2, ,Commercial Papers,-,-,-,-
726682,ICICI Securities Primary Dealership Limited,ISPDL12324,ICICI Securities Primary Dealership Ltd,Delisted,F ,500000.00,INE849D14HL1, ,Commercial Papers,-,-,-,-
726683,SBICAP Securities Limited,SBISL11324,SBISL-10-6-24-CP,Suspended,F ,500000.00,INE212K14536, ,Commercial Papers,-,-,-,-
726684,Godrej Finance Limited,GFL13324,Godrej Finance Ltd,Suspended,F ,500000.00,INE02KN14267, ,Commercial Papers,-,-,-,-
726685,birla Group Holdings Private Limited,BGHPL13324,birla Group Holdings Pvt Ltd,Active,F ,500000.00,INE09OL14EU1, ,Commercial Papers,-,-,-,-
726686,birla Group Holdings Private Limited,BGHP130324,birla Group Holdings Pvt Ltd,Suspended,F ,500000.00,INE09OL14EV9, ,Commercial Papers,-,-,-,-
726687,Bajaj Finance Limited,BFL120324,Bajaj Finance Ltd,Active,F ,500000.00,INE296A14XN4, ,Commercial Papers,-,-,-,-
726688,Bajaj Finance Limited,BFL120324A,Bajaj Finance Ltd,Suspended,F ,500000.00,INE296A14XP9, ,Commercial Papers,-,-,-,-
726689,Hindustan Media Ventures Limited,HMVL12324,Hindustan Media Ventures Ltd,Suspended,F ,500000.00,INE871K14406, ,Commercial Papers,-,-,-,-
726690,IndoStar Capital Finance Limited,ICFL12324,IndoStar Capital Finance Ltd,Active,F ,500000.00,INE896L14DL4, ,Commercial Papers,-,-,-,-
726691,National Bank for Agriculture and Rural Development,NBARD12324,National Bank for Agriculture and Rural Development,Suspended,F ,500000.00,INE261F14LG6, ,Commercial Papers,-,-,-,-
726692,SBICAP Securities Limited,SBISL12324,SBICAP Securities Ltd,Suspended,F ,500000.00,INE212K14528, ,Commercial Papers,-,-,-,-
726693,ICICI Securities Limited,ISL130324,ICICI Securities Ltd,Suspended,F ,500000.00,INE763G14TQ1, ,Commercial Papers,-,-,-,-
726694,Bajaj Housing Finance Limited,BHFL120324,Bajaj Housing Finance Ltd,Active,F ,500000.00,INE377Y14AW1, ,Commercial Papers,-,-,-,-
726695,BOBCARD LIMITED,BOB12324,Bobcard Ltd,Suspended,F ,500000.00,INE027214589, ,Commercial Papers,-,-,-,-
726696,Kotak Securities Limited,KSL130324,Kotak Securities Ltd,Suspended,F ,500000.00,INE028E14NK0, ,Commercial Papers,-,-,-,-
726697,National Bank for Agriculture and Rural Development,NBRD120324,National Bank for Agriculture and Rural Development,Suspended,F ,500000.00,INE261F14LE1, ,Commercial Papers,-,-,-,-
726698,Aditya Birla Fashion and Retail Limited,ABFR120324,Aditya Birla Fashion and Retail Ltd,Suspended,F ,500000.00,INE647O14FD7, ,Commercial Papers,-,-,-,-
726699,STANDARD CHARTERED CAPITAL LIMITED,SCCL130324,STANDARD CHARTERED CAPITAL Ltd,Active,F ,500000.00,INE403G14SE2, ,Commercial Papers,-,-,-,-
726700,STANDARD CHARTERED CAPITAL LIMITED,SCCL13324,STANDARD CHARTERED CAPITAL Ltd,Active,F ,500000.00,INE403G14SF9, ,Commercial Papers,-,-,-,-
726701,Network 18 Media & Investments Limited,N18MI13324,Network 18 Media & Investments Ltd,Suspended,F ,500000.00,INE870H14SI1, ,Commercial Papers,-,-,-,-
726702,Hinduja Leyland Finance Limited,HLFL13324,HLFL-13-3-25-CP,Active,F ,500000.00,INE146O14CD7, ,Commercial Papers,-,-,-,-
726703,National Bank for Agriculture and Rural Development,NBARD13324,NBARD-13-4-24-CP,Suspended,F ,500000.00,INE261F14LH4, ,Commercial Papers,-,-,-,-
726704,SBICAP Securities Limited,SBISL13324,SBICAPSL-12-6-24-CP,Suspended,F ,500000.00,INE212K14494, ,Commercial Papers,-,-,-,-
726705,ECL Finance Limited,ECLFL13324,ECLFL-12-6-24-CP,Suspended,F ,500000.00,INE804I14WV3, ,Commercial Papers,-,-,-,-
726706,Julius Baer Capital (India) Private Limited,JBC140324,JBC-13-6-24-CP,Suspended,F ,500000.00,INE824H14OT4, ,Commercial Papers,-,-,-,-
726707,Eris Lifesciences Limited,ELL13324,ELL-11-6-24-CP,Suspended,F ,500000.00,INE406M14027, ,Commercial Papers,-,-,-,-
726708,Bajaj Financial Securities Limited,BFSL13324,BFSL-12-6-24-CP,Suspended,F ,500000.00,INE01C314759, ,Commercial Papers,-,-,-,-
726709,TRUST INVESTMENT ADVISORS PRIVATE LIMITED,TIAPL14324,TIAPL-13-6-24-CP,Suspended,F ,500000.00,INE723X14GO2, ,Commercial Papers,-,-,-,-
726710,Redington Limited,RL140324,RL-13-6-24-CP,Suspended,F ,500000.00,INE891D14YK0, ,Commercial Papers,-,-,-,-
726711,Pilani Investment And Industries Corporation Limited,PIIC150324,Pilani Investment And Industries Corporation Ltd,Suspended,F ,500000.00,INE417C14702, ,Commercial Papers,-,-,-,-
726712,ICICI Securities Limited,ISL150324,ICICI Securities Ltd,Suspended,F ,500000.00,INE763G14TR9, ,Commercial Papers,-,-,-,-
726713,Kotak Securities Limited,KSL150324,Kotak Securities Ltd,Suspended,F ,500000.00,INE028E14NL8, ,Commercial Papers,-,-,-,-
726714,National Bank for Agriculture and Rural Development,NBARD15324,National Bank for Agriculture and Rural Development,Suspended,F ,500000.00,INE261F14LK8, ,Commercial Papers,-,-,-,-
726715,HDFC Securities Limited,HSL150324,HDFC Securities Ltd,Suspended,F ,500000.00,INE700G14JI1, ,Commercial Papers,-,-,-,-
726716,Bajaj Finance Limited,BFL140324,BFL-13-6-24-CP,Suspended,F ,500000.00,INE296A14XQ7, ,Commercial Papers,-,-,-,-
726717,birla Group Holdings Private Limited,BGHP150324,BGHP-14-6-24-CP,Suspended,F ,500000.00,INE09OL14EW7, ,Commercial Papers,-,-,-,-
726718,Redington Limited,RL150324,RL-14-6-24-CP,Suspended,F ,500000.00,INE891D14YJ2, ,Commercial Papers,-,-,-,-
726719,Godrej Housing Finance Limited,GHFL150324,GHFL-13-3-25-CP,Active,F ,500000.00,INE02JD14435, ,Commercial Papers,-,-,-,-
726720,National Bank for Agriculture and Rural Development,NABA140324,NABARD-13-6-24-CP,Suspended,F ,500000.00,INE261F14LI2, ,Commercial Papers,-,-,-,-
726721,SBICAP Securities Limited,SBIS140324,SBISL-13-6-24-CP,Suspended,F ,500000.00,INE212K14510, ,Commercial Papers,-,-,-,-
726722,BOBCARD LIMITED,BOB150324,Bobcard Ltd,Suspended,F ,500000.00,INE027214597, ,Commercial Papers,-,-,-,-
726723,Bajaj Financial Securities Limited,BFSL15324,Bajaj Financial Securities Ltd,Suspended,F ,500000.00,INE01C314767, ,Commercial Papers,-,-,-,-
726724,Bajaj Finance Limited,BFL15324,Bajaj Finance Ltd,Suspended,F ,500000.00,INE296A14XR5, ,Commercial Papers,-,-,-,-
726725,Navi Finserv Limited,NFL15324,Navi Finserv Ltd,Suspended,F ,500000.00,INE342T14AG8, ,Commercial Papers,-,-,-,-
726726,Motilal Oswal Financial Services Limited,MOFS150324,Motilal Oswal Financial Services Ltd,Active,F ,500000.00,INE338I14GZ6, ,Commercial Papers,-,-,-,-
726727,SBICAP Securities Limited,SBISL15324,SBICAP Securities Ltd,Suspended,F ,500000.00,INE212K14502, ,Commercial Papers,-,-,-,-
726728,HDFC Credila Financial Services Ltd,HCFS150324,HDFC Credila Financial Services Ltd,Suspended,F ,500000.00,INE539K14BM4, ,Commercial Papers,-,-,-,-
726729,SBICAP Securities Limited,SSL18324,SBICAP Securities Ltd,Suspended,F ,500000.00,INE212K14544, ,Commercial Papers,-,-,-,-
726730,Axis Securities Limited,ASL18324,ASL-14-6-24-CP,Suspended,F ,500000.00,INE110O14CN2, ,Commercial Papers,-,-,-,-
726731,Aditya Birla Housing Finance Limited,ABHFL18324,ABHFL-14-6-24-CP,Suspended,F ,500000.00,INE831R14DK0, ,Commercial Papers,-,-,-,-
726732,Axis Securities Limited,ASL19324,ASL-18-6-24-CP,Suspended,F ,500000.00,INE110O14CM4, ,Commercial Papers,-,-,-,-
726733,IGH Holdings Private Limited,IGHHP19324,IGHHPL-19-3-25-CP,Active,F ,500000.00,INE02FN14267, ,Commercial Papers,-,-,-,-
726734,STANDARD CHARTERED SECURITIES (INDIA) LIMITED,SCSL190324,SCSL-16-9-24-CP,Active,F ,500000.00,INE472H14326, ,Commercial Papers,-,-,-,-
726735,STANDARD CHARTERED SECURITIES (INDIA) LIMITED,SCSL19324,SCSL-19-3-25-CP,Active,F ,500000.00,INE472H14318, ,Commercial Papers,-,-,-,-
726736,Tata Realty and Infrastructure Limited,TRIL18324,TRIL-14-6-24-CP,Suspended,F ,500000.00,INE371K14BX9, ,Commercial Papers,-,-,-,-
726737,ICICI Securities Limited,ISL190324,ISL-18-6-24-CP,Suspended,F ,500000.00,INE763G14TS7, ,Commercial Papers,-,-,-,-
726738,Adani Enterprises Ltd.,AEL190324,AEL-19-3-25-CP,Active,F ,500000.00,INE423A14UP5, ,Commercial Papers,-,-,-,-
726739,Manappuram Finance Limited,MFL18324,MFL-14-6-24-CP,Suspended,F ,500000.00,INE522D14OA3, ,Commercial Papers,-,-,-,-
726740,360 ONE Prime Limited,OPL18324,360OPL-19-6-24-CP,Suspended,F ,500000.00,INE248U14PE8, ,Commercial Papers,-,-,-,-
726741,Motilal Oswal Financial Services Limited,MOFL18324,MOFSL-18-3-25-CP,Active,F ,500000.00,INE338I14HA7, ,Commercial Papers,-,-,-,-
726742,Kotak Securities Limited,KSL20324,Kotak Securities Ltd,Suspended,F ,500000.00,INE028E14NM6, ,Commercial Papers,-,-,-,-
726743,birla Group Holdings Private Limited,BGHL20324,birla Group Holdings Pvt Ltd,Suspended,F ,500000.00,INE09OL14EX5, ,Commercial Papers,-,-,-,-
726744,birla Group Holdings Private Limited,BGHPL20324,birla Group Holdings Pvt Ltd,Active,F ,500000.00,INE09OL14EY3, ,Commercial Papers,-,-,-,-
726745,Manappuram Finance Limited,MFL19324,Manappuram Finance Ltd,Suspended,F ,500000.00,INE522D14OB1, ,Commercial Papers,-,-,-,-
726746,ONGC Petro additions Limited.,OPAL19324,ONGC Petro additions Ltd,Suspended,F ,500000.00,INE163N14386, ,Commercial Papers,-,-,-,-
726747,National Bank for Agriculture and Rural Development,NBARD19324,National Bank for Agriculture and Rural Development,Suspended,F ,500000.00,INE261F14LL6, ,Commercial Papers,-,-,-,-
726748,Samunnati Financial Intermediation & Services Private Limited,SFIL19324,Samunnati Financial Intermediation & Services Pvt Ltd,Delisted,F ,500000.00,INE551U14114, ,Commercial Papers,-,-,-,-
726749,SBICAP Securities Limited,SBISL19324,SBICAP Securities Ltd,Suspended,F ,500000.00,INE212K14551, ,Commercial Papers,-,-,-,-
726750,Motilal Oswal Financial Services Limited,MOFSL19324,Motilal Oswal Financial Services Ltd,Suspended,F ,500000.00,INE338I14HB5, ,Commercial Papers,-,-,-,-
726751,HDFC Securities Limited,HSL200324,HDFC Securities Ltd,Suspended,F ,500000.00,INE700G14JK7, ,Commercial Papers,-,-,-,-
726752,HDFC Securities Limited,HSL19324,HDFC Securities Ltd,Suspended,F ,500000.00,INE700G14JJ9, ,Commercial Papers,-,-,-,-
726753,Reliance Retail Ventures Limited,RRVL20324,Reliance Retail Ventures Ltd,Suspended,F ,500000.00,INE929O14BO5, ,Commercial Papers,-,-,-,-
726754,Pilani Investment And Industries Corporation Limited,PICL20324,PICL-20-3-25-CP,Active,F ,500000.00,INE417C14728, ,Commercial Papers,-,-,-,-
726755,Redington Limited,RL20324,RL-19-6-24-CP,Suspended,F ,500000.00,INE891D14YL8, ,Commercial Papers,-,-,-,-
726756,Kotak Securities Limited,KSL190324,KSL-18-6-24-CP,Suspended,F ,500000.00,INE028E14NN4, ,Commercial Papers,-,-,-,-
726757,POONAWALLA FINCORP LIMITED,PFL20324,POONAWALLA FINCORP Ltd,Suspended,F ,500000.00,INE511C14WJ2, ,Commercial Papers,-,-,-,-
726758,SBICAP Securities Limited,SSL20324,SBICAP Securities Ltd,Suspended,F ,500000.00,INE212K14569, ,Commercial Papers,-,-,-,-
726759,HDFC Securities Limited,HSL21324,HDFC Securities Ltd,Suspended,F ,500000.00,INE700G14JM3, ,Commercial Papers,-,-,-,-
726760,birla Group Holdings Private Limited,BGHPL21324,BGHPL-21-3-25-CP,Active,F ,500000.00,INE09OL14EZ0, ,Commercial Papers,-,-,-,-
726761,Pilani Investment And Industries Corporation Limited,PIICL21324,PIICL-21-3-25-CP,Active,F ,500000.00,INE417C14710, ,Commercial Papers,-,-,-,-
726762,Reliance Jio Infocomm Limited,RJIL210324,RJIL-21-5-24-CP,Suspended,F ,500000.00,INE110L14RW7, ,Commercial Papers,-,-,-,-
726763,L&T Metro Rail (Hyderabad) Limited,LTMRL21324,LTMRHL-10-6-24-CP,Suspended,F ,500000.00,INE128M14811, ,Commercial Papers,-,-,-,-
726764,Reliance Jio Infocomm Limited,RJIL21324,RJIL-19-4-24-CP,Suspended,F ,500000.00,INE110L14RY3, ,Commercial Papers,-,-,-,-
726765,Larsen & Toubro Limited,LTL210324,LTL-30-5-24-CP,Suspended,F ,500000.00,INE018A14KR0, ,Commercial Papers,-,-,-,-
726766,Larsen & Toubro Limited,LTL21324,LTL-19-4-24-CP,Suspended,F ,500000.00,INE018A14KQ2, ,Commercial Papers,-,-,-,-
726767,Tata Housing Development Company Limited,THDC21324,Tata Housing Development Company Ltd,Suspended,F ,500000.00,INE582L14HI7, ,Commercial Papers,-,-,-,-
726768,Tata Housing Development Company Limited,THD21324,Tata Housing Development Company Ltd,Suspended,F ,500000.00,INE582L14HH9, ,Commercial Papers,-,-,-,-
726769,National Bank for Agriculture and Rural Development,NBAR21324,National Bank for Agriculture and Rural Development,Suspended,F ,500000.00,INE261F14LJ0, ,Commercial Papers,-,-,-,-
726770,Axis Finance Limited,AFL220324,Axis Finance Ltd,Active,F ,500000.00,INE891K14NL6, ,Commercial Papers,-,-,-,-
726771,ARKA FINCAP LIMITED,AFL220324A,ARKA FINCAP Ltd,Active,F ,500000.00,INE03W114534, ,Commercial Papers,-,-,-,-
726772,Nuvama Wealth Finance Limited,NWFL22324,Nuvama Wealth Finance Ltd,Suspended,F ,500000.00,INE918K14BG2, ,Commercial Papers,-,-,-,-
726773,Kotak Securities Limited,KSL220324,Kotak Securities Ltd,Suspended,F ,500000.00,INE028E14NO2, ,Commercial Papers,-,-,-,-
726774,Julius Baer Capital (India) Private Limited,JBCP220324,Julius Baer Capital (India) Pvt Ltd,Suspended,F ,500000.00,INE824H14OU2, ,Commercial Papers,-,-,-,-
726775,Mirae Asset Capital Markets (India) Private Limited,MACM21324,Mirae Asset Capital Markets (India) Pvt Ltd,Suspended,F ,500000.00,INE0T2V14020, ,Commercial Papers,-,-,-,-
726776,ICICI Securities Limited,ISL220324,ICICI Securities Ltd,Suspended,F ,500000.00,INE763G14TU3, ,Commercial Papers,-,-,-,-
726777,ICICI Securities Limited,ISL220324A,ICICI Securities Ltd,Suspended,F ,500000.00,INE763G14TT5, ,Commercial Papers,-,-,-,-
726778,HDFC Securities Limited,HSL220324,HDFC Securities Ltd,Suspended,F ,500000.00,INE700G14JL5, ,Commercial Papers,-,-,-,-
726779,KEC International Ltd.,KECL220324,KEC International Ltd,Suspended,F ,500000.00,INE389H14KF5, ,Commercial Papers,-,-,-,-
726780,Infina Finance Private Limited,IFPL220324,Infina Finance Pvt Ltd,Suspended,F ,500000.00,INE879F14IV0, ,Commercial Papers,-,-,-,-
726781,Can Fin Homes Ltd.,CFHL220324,Can Fin Homes Ltd,Suspended,F ,500000.00,INE477A14CV7, ,Commercial Papers,-,-,-,-
726782,Aditya Birla Housing Finance Limited,ABHF220324,Aditya Birla Housing Finance Ltd,Suspended,F ,500000.00,INE831R14DM6, ,Commercial Papers,-,-,-,-
726783,Reliance Retail Ventures Limited,RRVL220324,Reliance Retail Ventures Ltd,Suspended,F ,500000.00,INE929O14BQ0, ,Commercial Papers,-,-,-,-
726784,Nexus Select Trust,NST220324,Nexus Select Trust,Active,F ,500000.00,INE0NDH14015, ,Commercial Papers,-,-,-,-
726785,Aditya Birla Housing Finance Limited,ABHF22324,Aditya Birla Housing Finance Ltd,Active,F ,500000.00,INE831R14DL8, ,Commercial Papers,-,-,-,-
726786,SBICAP Securities Limited,SSL220324,SBICAP Securities Ltd,Suspended,F ,500000.00,INE212K14585, ,Commercial Papers,-,-,-,-
726787,TV18 Broadcast Ltd.,TV18B22324,TV18 Broadcast Ltd,Suspended,F ,500000.00,INE886H14JK2, ,Commercial Papers,-,-,-,-
726788,POONAWALLA FINCORP LIMITED,PFL22324,POONAWALLA FINCORP Ltd,Suspended,F ,500000.00,INE511C14WK0, ,Commercial Papers,-,-,-,-
726789,Reliance Retail Ventures Limited,RRVL22324,Reliance Retail Ventures Ltd,Suspended,F ,500000.00,INE929O14BP2, ,Commercial Papers,-,-,-,-
726790,Axis Finance Limited,AFL26324,Axis Finance Ltd,Active,F ,500000.00,INE891K14NK8, ,Commercial Papers,-,-,-,-
726791,HDFC Securities Limited,HDFCS26324,HDFC Securities Ltd,Suspended,F ,500000.00,INE700G14JN1, ,Commercial Papers,-,-,-,-
726792,Reliance Jio Infocomm Limited,RJIL26324,Reliance Jio Infocomm Ltd,Suspended,F ,500000.00,INE110L14RX5, ,Commercial Papers,-,-,-,-
726793,Network 18 Media & Investments Limited,N18MI22324,Network 18 Media & Investments Ltd,Suspended,F ,500000.00,INE870H14SK7, ,Commercial Papers,-,-,-,-
726794,Adani Enterprises Ltd.,AEL26324,Adani Enterprises Ltd,Active,F ,500000.00,INE423A14US9, ,Commercial Papers,-,-,-,-
726795,IndoStar Capital Finance Limited,ICFL26324,IndoStar Capital Finance Ltd,Active,F ,500000.00,INE896L14DM2, ,Commercial Papers,-,-,-,-
726796,SBICAP Securities Limited,SBISL26324,SBICAP Securities Ltd,Suspended,F ,500000.00,INE212K14593, ,Commercial Papers,-,-,-,-
726797,Aditya Birla Housing Finance Limited,AHFL26324,Aditya Birla Housing Finance Ltd,Suspended,F ,500000.00,INE831R14DN4, ,Commercial Papers,-,-,-,-
726798,Muthoot Capital Services Ltd.,MCSL270324,MCSL-26-6-24-CP,Suspended,F ,500000.00,INE296G14206, ,Commercial Papers,-,-,-,-
726799,Julius Baer Capital (India) Private Limited,JBC270324,JBC-24-9-24-CP,Active,F ,500000.00,INE824H14OV0, ,Commercial Papers,-,-,-,-
726800,Time Technoplast Limited,TTL270324,TTL-25-9-24-CP,Active,F ,500000.00,INE508G14FN6, ,Commercial Papers,-,-,-,-
726801,Sterlite Technologies Limited.,STL270324,STL-26-4-24-CP,Suspended,F ,500000.00,INE089C14DG5, ,Commercial Papers,-,-,-,-
726802,ICICI Securities Limited,ISL270324,ISL-26-6-24-CP,Suspended,F ,500000.00,INE763G14TW9, ,Commercial Papers,-,-,-,-
726803,ICICI Securities Limited,ISL27324,ISL-24-9-24-CP,Active,F ,500000.00,INE763G14TV1, ,Commercial Papers,-,-,-,-
726804,ICICI Securities Limited,ISLD27324,ISLD-10-3-25-CP,Active,F ,500000.00,INE763G14TX7, ,Commercial Papers,-,-,-,-
726805,L&T Metro Rail (Hyderabad) Limited,LMRL27324,L&T Metro Rail (Hyderabad) Ltd,Suspended,F ,500000.00,INE128M14829, ,Commercial Papers,-,-,-,-
726806,L&T Metro Rail (Hyderabad) Limited,LTRL270324,L&T Metro Rail (Hyderabad) Ltd,Suspended,F ,500000.00,INE128M14837, ,Commercial Papers,-,-,-,-
726807,Adani Enterprises Ltd.,AEL27324,Adani Enterprises Ltd,Suspended,F ,500000.00,INE423A14UT7, ,Commercial Papers,-,-,-,-
726808,Sterlite Technologies Limited.,STL280324,STL-29-4-24-CP,Suspended,F ,500000.00,INE089C14DH3, ,Commercial Papers,-,-,-,-
726809,SEIL Energy India Limited,SEIL280324,SEIL-19-6-24-CP,Suspended,F ,500000.00,INE460M14594, ,Commercial Papers,-,-,-,-
726810,Redington Limited,RL28324,RL-26-6-24-CP,Suspended,F ,500000.00,INE891D14YM6, ,Commercial Papers,-,-,-,-
726811,Time Technoplast Limited,TTL280324,TTL-27-6-24-CP,Suspended,F ,500000.00,INE508G14FL0, ,Commercial Papers,-,-,-,-
726812,VIVRITI CAPITAL LIMITED,VCL27324,VCL-23-9-24-CP,Active,F ,500000.00,INE01HV14425, ,Commercial Papers,-,-,-,-
726813,ICICI HOME FINANCE COMPANY LIMITED,IHFC280324,IHFC-27-6-24-CP,Suspended,F ,500000.00,INE071G14FL9, ,Commercial Papers,-,-,-,-
726814,Nuvama Wealth Finance Limited,NWFL28324,NWFL-24-9-24-CP,Active,F ,500000.00,INE918K14BH0, ,Commercial Papers,-,-,-,-
726815,ARKA FINCAP LIMITED,AFL28324,ARKA FINCAP Ltd,Active,F ,500000.00,INE03W114542, ,Commercial Papers,-,-,-,-
726816,BOBCARD LIMITED,BCL28324,BOBCARD Ltd,Suspended,F ,500000.00,INE027214605, ,Commercial Papers,-,-,-,-
726817,DMI Finance Private Limited,DFPL28324,DMI Finance Pvt Ltd,Suspended,F ,500000.00,INE604O14049, ,Commercial Papers,-,-,-,-
726818,Can Fin Homes Ltd.,CFHL2424,Can Fin Homes Ltd,Suspended,F ,500000.00,INE477A14CW5, ,Commercial Papers,-,-,-,-
726819,Motilal Oswal Financial Services Limited,MOFS2424,Motilal Oswal Financial Services Ltd,Active,F ,500000.00,INE338I14HC3, ,Commercial Papers,-,-,-,-
726820,Time Technoplast Limited,TTL342024,Time Technoplast Ltd,Suspended,F ,500000.00,INE508G14FM8, ,Commercial Papers,-,-,-,-
726821,Time Technoplast Limited,TTL442024,Time Technoplast Ltd,Suspended,F ,500000.00,INE508G14FP1, ,Commercial Papers,-,-,-,-
726822,NLC Tamilnadu Power Limited,NTPL50424,NLC Tamilnadu Power Ltd,Suspended,F ,500000.00,INE05C614410, ,Commercial Papers,-,-,-,-
726823,ICICI Securities Limited,ISL050424,ICICI Securities Ltd,Suspended,F ,500000.00,INE763G14TZ2, ,Commercial Papers,-,-,-,-
726824,Kotak Mahindra Prime Limited,KMPL50424,KMPL-3-1-25-CP,Active,F ,500000.00,INE916D143F9, ,Commercial Papers,-,-,-,-
726825,ICICI Securities Limited,ISL050424A,ISL-24-6-24-CP,Suspended,F ,500000.00,INE763G14TY5, ,Commercial Papers,-,-,-,-
726826,360 ONE Prime Limited,OPL542024,360 ONE Prime Ltd,Suspended,F ,500000.00,INE248U14PG3, ,Commercial Papers,-,-,-,-
726827,Axis Securities Limited,ASL542024,Axis Securities Ltd,Suspended,F ,500000.00,INE110O14CO0, ,Commercial Papers,-,-,-,-
726828,Kotak Securities Limited,KSL542024,Kotak Securities Ltd,Suspended,F ,500000.00,INE028E14NP9, ,Commercial Papers,-,-,-,-
726829,Nuvama Wealth Management Limited,NWML5424,Nuvama Wealth Management Ltd,Suspended,F ,500000.00,INE531F14DY2, ,Commercial Papers,-,-,-,-
726830,Julius Baer Capital (India) Private Limited,JBCPL10424,Julius Baer Capital (India) Pvt Ltd,Suspended,F ,500000.00,INE824H14OX6, ,Commercial Papers,-,-,-,-
726831,Julius Baer Capital (India) Private Limited,JBCIP10424,Julius Baer Capital (India) Pvt Ltd,Suspended,F ,500000.00,INE824H14OW8, ,Commercial Papers,-,-,-,-
726832,TV18 Broadcast Ltd.,TV18B10424,TV18 Broadcast Ltd,Suspended,F ,500000.00,INE886H14JL0, ,Commercial Papers,-,-,-,-
726833,Network 18 Media & Investments Limited,N18MI10424,Network 18 Media & Investments Ltd,Suspended,F ,500000.00,INE870H14SL5, ,Commercial Papers,-,-,-,-
726834,360 ONE Prime Limited,360OPL8424,360 ONE Prime Ltd,Suspended,F ,500000.00,INE248U14PC2, ,Commercial Papers,-,-,-,-
726835,POONAWALLA FINCORP LIMITED,PFL8424,POONAWALLA FINCORP Ltd,Suspended,F ,500000.00,INE511C14WL8, ,Commercial Papers,-,-,-,-
726836,DMI Finance Private Limited,DMIFPL8424,DMI Finance Pvt Ltd,Suspended,F ,500000.00,INE604O14056, ,Commercial Papers,-,-,-,-
726837,SEIL Energy India Limited,SEIL100424,SEIL Energy India Ltd,Suspended,F ,500000.00,INE460M14602, ,Commercial Papers,-,-,-,-
726838,Time Technoplast Limited,TTL100424,Time Technoplast Ltd,Suspended,F ,500000.00,INE508G14FR7, ,Commercial Papers,-,-,-,-
726839,Adani Enterprises Ltd.,AEL10424,Adani Enterprises Ltd,Suspended,F ,500000.00,INE423A14UV3, ,Commercial Papers,-,-,-,-
726840,Navi Finserv Limited,NFL10424,Navi Finserv Ltd,Suspended,F ,500000.00,INE342T14AK0, ,Commercial Papers,-,-,-,-
726841,Time Technoplast Limited,TTL120424,Time Technoplast Ltd,Suspended,F ,500000.00,INE508G14FS5, ,Commercial Papers,-,-,-,-
726842,Tata Housing Development Company Limited,THDC120424,Tata Housing Development Company Ltd,Suspended,F ,500000.00,INE582L14HK3, ,Commercial Papers,-,-,-,-
726843,Reliance Jio Infocomm Limited,RJIL150424,Reliance Jio Infocomm Ltd,Suspended,F ,500000.00,INE110L14SA1, ,Commercial Papers,-,-,-,-
726844,Reliance Jio Infocomm Limited,RJI150424,Reliance Jio Infocomm Ltd,Suspended,F ,500000.00,INE110L14RZ0, ,Commercial Papers,-,-,-,-
726845,ICICI Securities Limited,ISL150424,ICICI Securities Ltd,Suspended,F ,500000.00,INE763G14UA3, ,Commercial Papers,-,-,-,-
726846,Bajaj Finance Limited,BFL120424,Bajaj Finance Ltd,Suspended,F ,500000.00,INE296A14XS3, ,Commercial Papers,-,-,-,-
726847,Motilal Oswal Financial Services Limited,MOFS12424,Motilal Oswal Financial Services Ltd,Suspended,F ,500000.00,INE338I14HE9, ,Commercial Papers,-,-,-,-
726848,Aditya Birla Housing Finance Limited,ABHFL12424,Aditya Birla Housing Finance Ltd,Suspended,F ,500000.00,INE831R14DO2, ,Commercial Papers,-,-,-,-
726849,Motilal Oswal Financial Services Limited,MOFS120424,Motilal Oswal Financial Services Ltd,Suspended,F ,500000.00,INE338I14HD1, ,Commercial Papers,-,-,-,-
726850,ARKA FINCAP LIMITED,AFL12424,ARKA FINCAP Ltd,Suspended,F ,500000.00,INE03W114559, ,Commercial Papers,-,-,-,-
726851,PVR INOX LIMITED,PIL12424,PVR INOX Ltd,Active,F ,500000.00,INE191H14488, ,Commercial Papers,-,-,-,-
726852,Adani Enterprises Ltd.,AEL150424,Adani Enterprises Ltd,Suspended,F ,500000.00,INE423A14UW1, ,Commercial Papers,-,-,-,-
726853,Bajaj Finance Limited,BFL150424,Bajaj Finance Ltd,Suspended,F ,500000.00,INE296A14XT1, ,Commercial Papers,-,-,-,-
726854,Grasim Industries Ltd,GIL15424,Grasim Industries Ltd,Active,F ,500000.00,INE047A14933, ,Commercial Papers,-,-,-,-
726855,Axis Finance Limited,AFL160424,Axis Finance Ltd,Suspended,F ,500000.00,INE891K14NM4, ,Commercial Papers,-,-,-,-
726856,360 ONE Prime Limited,360OP15424,360 ONE Prime Ltd,Suspended,F ,500000.00,INE248U14PH1, ,Commercial Papers,-,-,-,-
726857,Tata Housing Development Company Limited,THDC15424,Tata Housing Development Company Ltd,Suspended,F ,500000.00,INE582L14HL1, ,Commercial Papers,-,-,-,-
726858,TV18 Broadcast Ltd.,TVBL160424,TV18 Broadcast Ltd,Suspended,F ,500000.00,INE886H14JM8, ,Commercial Papers,-,-,-,-
726859,ICICI Securities Primary Dealership Limited,ISPD150424,ICICI Securities Primary Dealership Ltd,Delisted,F ,500000.00,INE849D14HM9, ,Commercial Papers,-,-,-,-
726860,SEIL Energy India Limited,SEIL160424,SEIL Energy India Ltd,Suspended,F ,500000.00,INE460M14610, ,Commercial Papers,-,-,-,-
726861,360 ONE Prime Limited,360OP16424,360 ONE Prime Ltd,Suspended,F ,500000.00,INE248U14PI9, ,Commercial Papers,-,-,-,-
726862,POONAWALLA FINCORP LIMITED,PFL16424,POONAWALLA FINCORP Ltd,Suspended,F ,500000.00,INE511C14WM6, ,Commercial Papers,-,-,-,-
726863,Aditya Birla Housing Finance Limited,ABHFL16424,Aditya Birla Housing Finance Ltd,Suspended,F ,500000.00,INE831R14DP9, ,Commercial Papers,-,-,-,-
726864,Hinduja Leyland Finance Limited,HLFL16424,Hinduja Leyland Finance Ltd,Suspended,F ,500000.00,INE146O14CE5, ,Commercial Papers,-,-,-,-
726865,Adani Enterprises Ltd.,AEL16424,Adani Enterprises Ltd,Active,F ,500000.00,INE423A14UX9, ,Commercial Papers,-,-,-,-
726866,Bajaj Finance Limited,BFL16424,Bajaj Finance Ltd,Suspended,F ,500000.00,INE296A14XU9, ,Commercial Papers,-,-,-,-
726867,Kotak Securities Limited,KSL16424,Kotak Securities Ltd,Suspended,F ,500000.00,INE028E14NQ7, ,Commercial Papers,-,-,-,-
726868,Nuvama Wealth Finance Limited,NWFL18424,Nuvama Wealth Finance Ltd,Suspended,F ,500000.00,INE918K14BJ6, ,Commercial Papers,-,-,-,-
726869,Mahindra Rural Housing Finance Limited,MRHFL18424,Mahindra Rural Housing Finance Ltd,Active,F ,500000.00,INE950O14BR4, ,Commercial Papers,-,-,-,-
726870,Redington Limited,RL18424,Redington Ltd,Suspended,F ,500000.00,INE891D14YN4, ,Commercial Papers,-,-,-,-
726871,Motilal Oswal Financial Services Limited,MOFSL16424,Motilal Oswal Financial Services Ltd,Active,F ,500000.00,INE338I14HF6, ,Commercial Papers,-,-,-,-
726872,Motilal Oswal Financial Services Limited,MOFS16424A,Motilal Oswal Financial Services Ltd,Suspended,F ,500000.00,INE338I14HG4, ,Commercial Papers,-,-,-,-
726873,360 ONE WAM LIMITED,OWL160424,360 ONE WAM Ltd,Suspended,F ,500000.00,INE466L14DC5, ,Commercial Papers,-,-,-,-
726874,Axis Securities Limited,ASL180424,Axis Securities Ltd,Suspended,F ,500000.00,INE110O14CP7, ,Commercial Papers,-,-,-,-
726875,Titan Company Limited,TCL120424,Titan Company Ltd,Suspended,F ,500000.00,INE280A14336, ,Commercial Papers,-,-,-,-
726876,Titan Company Limited,TCL12424,Titan Company Ltd,Suspended,F ,500000.00,INE280A14328, ,Commercial Papers,-,-,-,-
726877,Navi Finserv Limited,NFL160424,Navi Finserv Ltd,Suspended,F ,500000.00,INE342T14AN4, ,Commercial Papers,-,-,-,-
726878,Fedbank Financial Services Limited,FFSL180424,Fedbank Financial Services Ltd,Suspended,F ,500000.00,INE007N14DO8, ,Commercial Papers,-,-,-,-
726879,Krazybee Services Private Limited,KSPL180424,Krazybee Services Pvt Ltd,Suspended,F ,500000.00,INE07HK14193, ,Commercial Papers,-,-,-,-
726880,Navi Finserv Limited,NFL180424,Navi Finserv Ltd,Active,F ,500000.00,INE342T14AO2, ,Commercial Papers,-,-,-,-
726881,Bajaj Finance Limited,BFL180424,Bajaj Finance Ltd,Suspended,F ,500000.00,INE296A14XV7, ,Commercial Papers,-,-,-,-
726882,Axis Securities Limited,ASL190424,Axis Securities Ltd,Suspended,F ,500000.00,INE110O14CQ5, ,Commercial Papers,-,-,-,-
726883,TV18 Broadcast Ltd.,TVBL190424,TV18 Broadcast Ltd,Suspended,F ,500000.00,INE886H14JN6, ,Commercial Papers,-,-,-,-
726884,Network 18 Media & Investments Limited,NMIL190424,Network 18 Media & Investments Ltd,Suspended,F ,500000.00,INE870H14SN1, ,Commercial Papers,-,-,-,-
726885,Bajaj Finance Limited,BFL190424,Bajaj Finance Ltd,Active,F ,500000.00,INE296A14XX3, ,Commercial Papers,-,-,-,-
726886,Bajaj Finance Limited,BFL190424A,Bajaj Finance Ltd,Suspended,F ,500000.00,INE296A14XW5, ,Commercial Papers,-,-,-,-
726887,Bajaj Housing Finance Limited,BHFL190424,Bajaj Housing Finance Ltd,Suspended,F ,500000.00,INE377Y14AX9, ,Commercial Papers,-,-,-,-
726888,ARKA FINCAP LIMITED,AFL220424,ARKA FINCAP Ltd,Suspended,F ,500000.00,INE03W114567, ,Commercial Papers,-,-,-,-
726889,Motilal Oswal Financial Services Limited,MOFSL19424,Motilal Oswal Financial Services Ltd,Suspended,F ,500000.00,INE338I14HH2, ,Commercial Papers,-,-,-,-
726890,POONAWALLA FINCORP LIMITED,PFL19424,POONAWALLA FINCORP Ltd,Suspended,F ,500000.00,INE511C14WN4, ,Commercial Papers,-,-,-,-
726891,Network 18 Media & Investments Limited,N18MI22424,Network 18 Media & Investments Ltd,Suspended,F ,500000.00,INE870H14SM3, ,Commercial Papers,-,-,-,-
726892,Balrampur Chini Mills Ltd.,BCML22424,Balrampur Chini Mills Ltd,Suspended,F ,500000.00,INE119A14773, ,Commercial Papers,-,-,-,-
726893,Reliance Jio Infocomm Limited,RJIL19424,Reliance Jio Infocomm Ltd,Suspended,F ,500000.00,INE110L14SB9, ,Commercial Papers,-,-,-,-
726894,UGRO CAPITAL LIMITED,UCL220424,UGRO CAPITAL Ltd,Active,F ,500000.00,INE583D14352, ,Commercial Papers,-,-,-,-
726895,L&T Metro Rail (Hyderabad) Limited,LTMR220424,L&T Metro Rail (Hyderabad) Ltd,Suspended,F ,500000.00,INE128M14845, ,Commercial Papers,-,-,-,-
726896,Kotak Securities Limited,KSL220424,Kotak Securities Ltd,Suspended,F ,500000.00,INE028E14NR5, ,Commercial Papers,-,-,-,-
726897,Fedbank Financial Services Limited,FFSL220424,Fedbank Financial Services Ltd,Active,F ,500000.00,INE007N14DP5, ,Commercial Papers,-,-,-,-
726898,Bajaj Finance Limited,BFL220424,Bajaj Finance Ltd,Active,F ,500000.00,INE296A14XY1, ,Commercial Papers,-,-,-,-
726899,Axis Securities Limited,ASL240424,Axis Securities Ltd,Suspended,F ,500000.00,INE110O14CS1, ,Commercial Papers,-,-,-,-
726900,Bajaj Finance Limited,BFL230424,Bajaj Finance Ltd,Active,F ,500000.00,INE296A14XZ8, ,Commercial Papers,-,-,-,-
726901,Axis Securities Limited,ASL230424,Axis Securities Ltd,Active,F ,500000.00,INE110O14CR3, ,Commercial Papers,-,-,-,-
726902,HDFC Securities Limited,HSL240424,HDFC Securities Ltd,Suspended,F ,500000.00,INE700G14JO9, ,Commercial Papers,-,-,-,-
726903,ICICI Securities Limited,ISL230424,ICICI Securities Ltd,Active,F ,500000.00,INE763G14UB1, ,Commercial Papers,-,-,-,-
726904,ICICI Securities Limited,ISL240424,ICICI Securities Ltd,Active,F ,500000.00,INE763G14UD7, ,Commercial Papers,-,-,-,-
726905,ICICI Securities Limited,ISL240424A,ICICI Securities Ltd,Active,F ,500000.00,INE763G14UC9, ,Commercial Papers,-,-,-,-
726906,Shree Cements Ltd.,SCL240424,SCL-21-6-24-CP,Suspended,F ,500000.00,INE070A14778, ,Commercial Papers,-,-,-,-
726907,Adani Enterprises Ltd.,AEL230424,AEL-23-8-24-CP,Suspended,F ,500000.00,INE423A14UY7, ,Commercial Papers,-,-,-,-
726908,Axis Finance Limited,AFL24424,Axis Finance Ltd,Active,F ,500000.00,INE891K14NN2, ,Commercial Papers,-,-,-,-
726909,Bajaj Financial Securities Limited,BFSL24424,Bajaj Financial Securities Ltd,Suspended,F ,500000.00,INE01C314775, ,Commercial Papers,-,-,-,-
726910,Titan Company Limited,TCL240424,Titan Company Ltd,Suspended,F ,500000.00,INE280A14344, ,Commercial Papers,-,-,-,-
726911,Kotak Securities Limited,KSL250424,Kotak Securities Ltd,Suspended,F ,500000.00,INE028E14NS3, ,Commercial Papers,-,-,-,-
726912,Bajaj Finance Limited,BFL240424,Bajaj Finance Ltd,Suspended,F ,500000.00,INE296A14YA9, ,Commercial Papers,-,-,-,-
726913,SBICAP Securities Limited,SSL240424,SBICAP Securities Ltd,Suspended,F ,500000.00,INE212K14601, ,Commercial Papers,-,-,-,-
726914,Nuvama Wealth Finance Limited,NEFL250424,Nuvama Wealth Finance Ltd,Active,F ,500000.00,INE918K14BK4, ,Commercial Papers,-,-,-,-
726915,PAISALO DIGITAL LIMITED,PDL25424,PAISALO DIGITAL Ltd,Suspended,F ,500000.00,INE420C14086, ,Commercial Papers,-,-,-,-
726916,Krazybee Services Private Limited,KSPL25424,Krazybee Services Pvt Ltd,Active,F ,500000.00,INE07HK14201, ,Commercial Papers,-,-,-,-
726917,NeoGrowth Credit Private Limited,NCPL25424,NeoGrowth Credit Pvt Ltd,Active,F ,500000.00,INE814O14044, ,Commercial Papers,-,-,-,-
726918,NeoGrowth Credit Private Limited,NCPL25424A,NeoGrowth Credit Pvt Ltd,Active,F ,500000.00,INE814O14036, ,Commercial Papers,-,-,-,-
726919,Nuvama Wealth Management Limited,NWM260424,Nuvama Wealth Management Ltd,Suspended,F ,500000.00,INE531F14EB8, ,Commercial Papers,-,-,-,-
726920,IGH Holdings Private Limited,IHPL250424,IGH Holdings Pvt Ltd,Suspended,F ,500000.00,INE02FN14275, ,Commercial Papers,-,-,-,-
726921,Tata Power Co. Ltd,TPCL260424,Tata Power Co Ltd,Suspended,F ,500000.00,INE245A14JM2, ,Commercial Papers,-,-,-,-
726922,Nuvama Wealth Management Limited,NWML250424,Nuvama Wealth Management Ltd,Active,F ,500000.00,INE531F14EA0, ,Commercial Papers,-,-,-,-
726923,L&T Metro Rail (Hyderabad) Limited,LTMR260424,L&T Metro Rail (Hyderabad) Ltd,Suspended,F ,500000.00,INE128M14852, ,Commercial Papers,-,-,-,-
726924,SBICAP Securities Limited,SSL250424,SBICAP Securities Ltd,Suspended,F ,500000.00,INE212K14619, ,Commercial Papers,-,-,-,-
726925,Kotak Securities Limited,KSL260424,Kotak Securities Ltd,Suspended,F ,500000.00,INE028E14NT1, ,Commercial Papers,-,-,-,-
726926,birla Group Holdings Private Limited,BGHP260424,birla Group Holdings Pvt Ltd,Suspended,F ,500000.00,INE09OL14FA0, ,Commercial Papers,-,-,-,-
726927,IndoStar Capital Finance Limited,ICFL260424,IndoStar Capital Finance Ltd,Suspended,F ,500000.00,INE896L14DN0, ,Commercial Papers,-,-,-,-
726928,Shree Cements Ltd.,SCL290424,Shree Cements Ltd,Suspended,F ,500000.00,INE070A14786, ,Commercial Papers,-,-,-,-
726929,NLC Tamilnadu Power Limited,NTPL290424,NLC Tamilnadu Power Ltd,Suspended,F ,500000.00,INE05C614428, ,Commercial Papers,-,-,-,-
726930,HDFC Securities Limited,HSL290424,HDFC Securities Ltd,Suspended,F ,500000.00,INE700G14JR2, ,Commercial Papers,-,-,-,-
726931,Network 18 Media & Investments Limited,NMIL29424,Network 18 Media & Investments Ltd,Suspended,F ,500000.00,INE870H14SO9, ,Commercial Papers,-,-,-,-
726932,STANDARD CHARTERED CAPITAL LIMITED,SCCL29424,STANDARD CHARTERED CAPITAL Ltd,Suspended,F ,500000.00,INE403G14SG7, ,Commercial Papers,-,-,-,-
726933,HDFC Securities Limited,HDFCS26424,HDFC Securities Ltd,Suspended,F ,500000.00,INE700G14JQ4, ,Commercial Papers,-,-,-,-
726934,HDFC Securities Limited,HDFC26424A,HDFC Securities Ltd,Suspended,F ,500000.00,INE700G14JP6, ,Commercial Papers,-,-,-,-
726935,Godrej Finance Limited,GFL29424,Godrej Finance Ltd,Suspended,F ,500000.00,INE02KN14275, ,Commercial Papers,-,-,-,-
726936,SBICAP Securities Limited,SSL260424,SBICAP Securities Ltd,Suspended,F ,500000.00,INE212K14627, ,Commercial Papers,-,-,-,-
726937,Bajaj Finance Limited,BFL26424,Bajaj Finance Ltd,Suspended,F ,500000.00,INE296A14YB7, ,Commercial Papers,-,-,-,-
726938,Mindspace Business Parks REIT,MBPR26424,Mindspace Business Parks REIT,Active,F ,500000.00,INE0CCU14039, ,Commercial Papers,-,-,-,-
726939,Brookfield India Real Estate Trust,BIRET29424,Brookfield India Real Estate Trust,Active,F ,500000.00,INE0FDU14022, ,Commercial Papers,-,-,-,-
726940,Tata Realty and Infrastructure Limited,TRIL290424,Tata Realty and Infrastructure Ltd,Active,F ,500000.00,INE371K14BZ4, ,Commercial Papers,-,-,-,-
726941,SBICAP Securities Limited,SBISL29424,SBICAP Securities Ltd,Suspended,F ,500000.00,INE212K14635, ,Commercial Papers,-,-,-,-
726942,Aditya Birla Housing Finance Limited,ABHF290424,Aditya Birla Housing Finance Ltd,Suspended,F ,500000.00,INE831R14DQ7, ,Commercial Papers,-,-,-,-
726943,ONGC Petro additions Limited.,ONGCP29424,ONGC Petro additions Ltd,Suspended,F ,500000.00,INE163N14394, ,Commercial Papers,-,-,-,-
726944,KEC International Ltd.,KECIL30424,KECIL-27-6-24-CP,Suspended,F ,500000.00,INE389H14KH1, ,Commercial Papers,-,-,-,-
726945,KEC International Ltd.,KECI30424A,KECIL-24-7-24-CP,Suspended,F ,500000.00,INE389H14KG3, ,Commercial Papers,-,-,-,-
726946,Bajaj Financial Securities Limited,BFSL29424,BFSL-29-7-24-CP,Suspended,F ,500000.00,INE01C314791, ,Commercial Papers,-,-,-,-
726947,Bajaj Finance Limited,BFL29424,BFL-29-7-24-CP,Suspended,F ,500000.00,INE296A14YC5, ,Commercial Papers,-,-,-,-
726948,Motilal Oswal Financial Services Limited,MOFS300424,Motilal Oswal Financial Services Ltd,Suspended,F ,500000.00,INE338I14HI0, ,Commercial Papers,-,-,-,-
726949,ICICI Securities Limited,ISL30424,ICICI Securities Ltd,Suspended,F ,500000.00,INE763G14UE5, ,Commercial Papers,-,-,-,-
726950,Muthoot Capital Services Ltd.,MCSL300424,Muthoot Capital Services Ltd,Active,F ,500000.00,INE296G14230, ,Commercial Papers,-,-,-,-
726951,Axis Securities Limited,ASL30424,Axis Securities Ltd,Active,F ,500000.00,INE110O14CT9, ,Commercial Papers,-,-,-,-
726952,Bajaj Financial Securities Limited,BFSL300424,Bajaj Financial Securities Ltd,Suspended,F ,500000.00,INE01C314783, ,Commercial Papers,-,-,-,-
726953,Adani Enterprises Ltd.,AEL2524,Adani Enterprises Ltd,Active,F ,500000.00,INE423A14VA5, ,Commercial Papers,-,-,-,-
726954,Motilal Oswal Financial Services Limited,MOFSL2524,Motilal Oswal Financial Services Ltd,Suspended,F ,500000.00,INE338I14HJ8, ,Commercial Papers,-,-,-,-
726955,Krazybee Services Private Limited,KSPL020524,Krazybee Services Pvt Ltd,Active,F ,500000.00,INE07HK14219, ,Commercial Papers,-,-,-,-
726956,Tata Realty and Infrastructure Limited,TRIL020524,Tata Realty and Infrastructure Ltd,Active,F ,500000.00,INE371K14BY7, ,Commercial Papers,-,-,-,-
726957,SEIL Energy India Limited,SEIL030524,SEIL Energy India Ltd,Suspended,F ,500000.00,INE460M14628, ,Commercial Papers,-,-,-,-
726958,birla Group Holdings Private Limited,BGHP030524,birla Group Holdings Pvt Ltd,Active,F ,500000.00,INE09OL14FB8, ,Commercial Papers,-,-,-,-
726959,DMI Finance Private Limited,DFPL020524,DMI Finance Pvt Ltd,Active,F ,500000.00,INE604O14064, ,Commercial Papers,-,-,-,-
726960,Navi Finserv Limited,NFL30524,Navi Finserv Ltd,Active,F ,500000.00,INE342T14AQ7, ,Commercial Papers,-,-,-,-
726961,Bajaj Financial Securities Limited,BFSL3524,Bajaj Financial Securities Ltd,Active,F ,500000.00,INE01C314809, ,Commercial Papers,-,-,-,-
726962,Motilal Oswal Financial Services Limited,MOFSL3524,Motilal Oswal Financial Services Ltd,Suspended,F ,500000.00,INE338I14HK6, ,Commercial Papers,-,-,-,-
726963,Network 18 Media & Investments Limited,N18MIL6525,Network 18 Media & Investments Ltd,Suspended,F ,500000.00,INE870H14SP6, ,Commercial Papers,-,-,-,-
726964,Muthoot Capital Services Ltd.,MCSL6524,Muthoot Capital Services Ltd,Suspended,F ,500000.00,INE296G14248, ,Commercial Papers,-,-,-,-
726965,ARKA FINCAP LIMITED,AFL6524,ARKA FINCAP Ltd,Active,F ,500000.00,INE03W114575, ,Commercial Papers,-,-,-,-
726966,GIC Housing Finance Ltd.,GICHFL7524,GIC Housing Finance Ltd,Suspended,F ,500000.00,INE289B14IW9, ,Commercial Papers,-,-,-,-
726967,Julius Baer Capital (India) Private Limited,JBCIPL7524,Julius Baer Capital (India) Pvt Ltd,Suspended,F ,500000.00,INE824H14OY4, ,Commercial Papers,-,-,-,-
726968,Motilal Oswal Financial Services Limited,MOFSL6524,Motilal Oswal Financial Services Ltd,Suspended,F ,500000.00,INE338I14HL4, ,Commercial Papers,-,-,-,-
726969,ICICI Securities Limited,ISEC7524,ICICI Securities Ltd,Active,F ,500000.00,INE763G14UF2, ,Commercial Papers,-,-,-,-
726970,Larsen & Toubro Limited,LTL6524,Larsen & Toubro Ltd,Suspended,F ,500000.00,INE018A14KS8, ,Commercial Papers,-,-,-,-
726971,ICICI Securities Limited,ISEC07524,ICICI Securities Ltd,Active,F ,500000.00,INE763G14UG0, ,Commercial Papers,-,-,-,-
726972,Larsen & Toubro Limited,LTL7524,Larsen & Toubro Ltd,Suspended,F ,500000.00,INE018A14KT6, ,Commercial Papers,-,-,-,-
726973,Network 18 Media & Investments Limited,NMIL7524,Network 18 Media & Investments Ltd,Suspended,F ,500000.00,INE870H14SS0, ,Commercial Papers,-,-,-,-
726974,Kotak Securities Limited,KSL7524,Kotak Securities Ltd,Active,F ,500000.00,INE028E14NW5, ,Commercial Papers,-,-,-,-
726975,birla Group Holdings Private Limited,BGHPL7524,birla Group Holdings Pvt Ltd,Suspended,F ,500000.00,INE09OL14FC6, ,Commercial Papers,-,-,-,-
726976,Kotak Securities Limited,KSL07524,Kotak Securities Ltd,Suspended,F ,500000.00,INE028E14NV7, ,Commercial Papers,-,-,-,-
726977,Kotak Securities Limited,KSL070524,Kotak Securities Ltd,Active,F ,500000.00,INE028E14NU9, ,Commercial Papers,-,-,-,-
726978,POONAWALLA FINCORP LIMITED,PFL070524,POONAWALLA FINCORP Ltd,Suspended,F ,500000.00,INE511C14WO2, ,Commercial Papers,-,-,-,-
726979,Infina Finance Private Limited,IFPL070524,Infina Finance Pvt Ltd,Suspended,F ,500000.00,INE879F14IW8, ,Commercial Papers,-,-,-,-
726980,Axis Securities Limited,ASL080524,Axis Securities Ltd,Active,F ,500000.00,INE110O14CU7, ,Commercial Papers,-,-,-,-
726981,Network 18 Media & Investments Limited,NMIL8524,Network 18 Media & Investments Ltd,Suspended,F ,500000.00,INE870H14SR2, ,Commercial Papers,-,-,-,-
726982,HDFC Securities Limited,HSL7524,HDFC Securities Ltd,Suspended,F ,500000.00,INE700G14JT8, ,Commercial Papers,-,-,-,-
726983,HDFC Securities Limited,HSL8524,HDFC Securities Ltd,Active,F ,500000.00,INE700G14JV4, ,Commercial Papers,-,-,-,-
726984,HDFC Securities Limited,HSL70524,HDFC Securities Ltd,Suspended,F ,500000.00,INE700G14JU6, ,Commercial Papers,-,-,-,-
726985,ARKA FINCAP LIMITED,AFL070524,ARKA FINCAP Ltd,Active,F ,500000.00,INE03W114583, ,Commercial Papers,-,-,-,-
726986,Kotak Mahindra Prime Limited,KMPL080524,Kotak Mahindra Prime Ltd,Suspended,F ,500000.00,INE916D143H5, ,Commercial Papers,-,-,-,-
726987,Kotak Mahindra Prime Limited,KMPL80524A,Kotak Mahindra Prime Ltd,Suspended,F ,500000.00,INE916D143G7, ,Commercial Papers,-,-,-,-
726988,VIVRITI CAPITAL LIMITED,VCL070524,VIVRITI CAPITAL Ltd,Active,F ,500000.00,INE01HV14474, ,Commercial Papers,-,-,-,-
726989,Navi Finserv Limited,NFL070524,NFL-23-9-24-CP,Active,F ,500000.00,INE342T14AS3, ,Commercial Papers,-,-,-,-
726990,Navi Finserv Limited,NFL080524,Navi Finserv Ltd,Active,F ,500000.00,INE342T14AT1, ,Commercial Papers,-,-,-,-
726991,Axis Finance Limited,AFL090524,Axis Finance Ltd,Active,F ,500000.00,INE891K14NO0, ,Commercial Papers,-,-,-,-
726992,360 ONE WAM LIMITED,OWL8524,360 ONE WAM Ltd,Suspended,F ,500000.00,INE466L14DE1, ,Commercial Papers,-,-,-,-
726993,Shriram Housing Finance Limited,SHFL8524,Shriram Housing Finance Ltd,Active,F ,500000.00,INE432R14287, ,Commercial Papers,-,-,-,-
726994,Infina Finance Private Limited,IFPL8524,Infina Finance Pvt Ltd,Suspended,F ,500000.00,INE879F14IX6, ,Commercial Papers,-,-,-,-
726995,Kotak Mahindra Investments Limited,KMIL090524,KMIL-16-5-24-CP,Suspended,F ,500000.00,INE975F14ZJ5, ,Commercial Papers,-,-,-,-
726996,The Ramco Cements Limited,RCL090524,RCL-7-8-24-CP,Suspended,F ,500000.00,INE331A14NM2, ,Commercial Papers,-,-,-,-
726997,NLC Tamilnadu Power Limited,NLC090524,NLC Tamilnadu Power Ltd,Suspended,F ,500000.00,INE05C614436, ,Commercial Papers,-,-,-,-
726998,Nuvama Wealth and Investment Limited,NWIL090524,Nuvama Wealth and Investment Ltd,Active,F ,500000.00,INE523L14724, ,Commercial Papers,-,-,-,-
726999,Kotak Mahindra Prime Limited,KMPL100524,Kotak Mahindra Prime Ltd,Suspended,F ,500000.00,INE916D143I3, ,Commercial Papers,-,-,-,-
727000,Axis Securities Limited,ASL100524,Axis Securities Ltd,Active,F ,500000.00,INE110O14CV5, ,Commercial Papers,-,-,-,-
727001,Axis Securities Limited,ASL100524A,Axis Securities Ltd,Suspended,F ,500000.00,INE110O14CW3, ,Commercial Papers,-,-,-,-
727002,Axis Finance Limited,AFL100524,Axis Finance Ltd,Suspended,F ,500000.00,INE891K14NP7, ,Commercial Papers,-,-,-,-
727003,Kotak Securities Limited,KSL100524,Kotak Securities Ltd,Suspended,F ,500000.00,INE028E14NX3, ,Commercial Papers,-,-,-,-
727004,ECL Finance Limited,EFL090524,ECL Finance Ltd,Suspended,F ,500000.00,INE804I14XA5, ,Commercial Papers,-,-,-,-
727005,ECL Finance Limited,EFL090524A,ECL Finance Ltd,Active,F ,500000.00,INE804I14WZ4, ,Commercial Papers,-,-,-,-
727006,Bajaj Financial Securities Limited,BFSL9524,Bajaj Financial Securities Ltd,Suspended,F ,500000.00,INE01C314817, ,Commercial Papers,-,-,-,-
727007,360 ONE Prime Limited,OPL9524,360 ONE Prime Ltd,Suspended,F ,500000.00,INE248U14PN9, ,Commercial Papers,-,-,-,-
727008,SIKKA PORTS & TERMINALS LTD,SPT090524,SIKKA PORTS & TERMINALS LTD,Suspended,F ,500000.00,INE941D14568, ,Commercial Papers,-,-,-,-
727009,UGRO CAPITAL LIMITED,UCL9524,UGRO CAPITAL Ltd,Active,F ,500000.00,INE583D14378, ,Commercial Papers,-,-,-,-
727010,HDFC Securities Limited,HSL090524,HDFC Securities Ltd,Suspended,F ,500000.00,INE700G14JS0, ,Commercial Papers,-,-,-,-
727011,Infina Finance Private Limited,IFPL9524,Infina Finance Pvt Ltd,Active,F ,500000.00,INE879F14IY4, ,Commercial Papers,-,-,-,-
727012,HDFC Securities Limited,HSL100524,HDFC Securities Ltd,Suspended,F ,500000.00,INE700G14JX0, ,Commercial Papers,-,-,-,-
727013,Godrej Housing Finance Limited,GHFL100524,Godrej Housing Finance Ltd,Suspended,F ,500000.00,INE02JD14443, ,Commercial Papers,-,-,-,-
727014,POONAWALLA FINCORP LIMITED,PFL100524,POONAWALLA FINCORP Ltd,Suspended,F ,500000.00,INE511C14WQ7, ,Commercial Papers,-,-,-,-
727015,IndoStar Capital Finance Limited,ICFL100524,IndoStar Capital Finance Ltd,Active,F ,500000.00,INE896L14DO8, ,Commercial Papers,-,-,-,-
727016,360 ONE Prime Limited,OPL100524,360 ONE Prime Ltd,Suspended,F ,500000.00,INE248U14PO7, ,Commercial Papers,-,-,-,-
727017,Axis Securities Limited,ASL130524,Axis Securities Ltd,Suspended,F ,500000.00,INE110O14CX1, ,Commercial Papers,-,-,-,-
727018,Kotak Mahindra Investments Limited,KMIL100524,Kotak Mahindra Investments Ltd,Suspended,F ,500000.00,INE975F14ZI7, ,Commercial Papers,-,-,-,-
727019,PVR INOX LIMITED,PVR100524,PVR INOX Ltd,Active,F ,500000.00,INE191H14496, ,Commercial Papers,-,-,-,-
727020,Julius Baer Capital (India) Private Limited,JBCP100524,JBCPL-9-8-24-CP,Suspended,F ,500000.00,INE824H14OZ1, ,Commercial Papers,-,-,-,-
727021,Network 18 Media & Investments Limited,NMIL14524,Network 18 Media & Investments Ltd,Suspended,F ,500000.00,INE870H14SQ4, ,Commercial Papers,-,-,-,-
727022,HDFC Securities Limited,HSL13524,HDFC Securities Ltd,Suspended,F ,500000.00,INE700G14JY8, ,Commercial Papers,-,-,-,-
727023,SBICAP Securities Limited,SSL13524,SBICAP Securities Ltd,Suspended,F ,500000.00,INE212K14643, ,Commercial Papers,-,-,-,-
727024,Bajaj Financial Securities Limited,BFSL13524,Bajaj Financial Securities Ltd,Suspended,F ,500000.00,INE01C314825, ,Commercial Papers,-,-,-,-
727025,TRUST INVESTMENT ADVISORS PRIVATE LIMITED,TIAP130524,TRUST INVESTMENT ADVISORS Pvt Ltd,Suspended,F ,500000.00,INE723X14GI4, ,Commercial Papers,-,-,-,-
727026,Julius Baer Capital (India) Private Limited,JBCP130524,Julius Baer Capital (India) Pvt Ltd,Active,F ,500000.00,INE824H14PA1, ,Commercial Papers,-,-,-,-
727027,Infina Finance Private Limited,IFPL130524,Infina Finance Pvt Ltd,Suspended,F ,500000.00,INE879F14IZ1, ,Commercial Papers,-,-,-,-
727028,Lendingkart Finance Limited,LFL130524,Lendingkart Finance Ltd,Active,F ,500000.00,INE090W14176, ,Commercial Papers,-,-,-,-
727029,birla Group Holdings Private Limited,BGHP140524,birla Group Holdings Pvt Ltd,Suspended,F ,500000.00,INE09OL14FD4, ,Commercial Papers,-,-,-,-
727030,Axis Securities Limited,ASL140524,Axis Securities Ltd,Suspended,F ,500000.00,INE110O14CY9, ,Commercial Papers,-,-,-,-
727031,POONAWALLA FINCORP LIMITED,PFL130524,POONAWALLA FINCORP Ltd,Suspended,F ,500000.00,INE511C14WP9, ,Commercial Papers,-,-,-,-
727032,HDFC Securities Limited,HSL14524,HDFC Securities Ltd,Suspended,F ,500000.00,INE700G14JZ5, ,Commercial Papers,-,-,-,-
727033,Aditya Birla Housing Finance Limited,ABHFL14524,Aditya Birla Housing Finance Ltd,Suspended,F ,500000.00,INE831R14DR5, ,Commercial Papers,-,-,-,-
727034,Mahindra Rural Housing Finance Limited,MRHFL15524,Mahindra Rural Housing Finance Ltd,Active,F ,500000.00,INE950O14BS2, ,Commercial Papers,-,-,-,-
727035,ICICI Securities Limited,ISL140524,ICICI Securities Ltd,Active,F ,500000.00,INE763G14UH8, ,Commercial Papers,-,-,-,-
727036,The Ramco Cements Limited,TRCL140524,The Ramco Cements Ltd,Suspended,F ,500000.00,INE331A14NN0, ,Commercial Papers,-,-,-,-
727037,The Ramco Cements Limited,TRC140524,The Ramco Cements Ltd,Suspended,F ,500000.00,INE331A14NO8, ,Commercial Papers,-,-,-,-
727038,360 ONE WAM LIMITED,OWL140524,360 ONE WAM Ltd,Active,F ,500000.00,INE466L14DF8, ,Commercial Papers,-,-,-,-
727039,Larsen & Toubro Limited,LTL140524,Larsen & Toubro Ltd,Suspended,F ,500000.00,INE018A14KU4, ,Commercial Papers,-,-,-,-
727040,GIC Housing Finance Ltd.,GHFL150524,GIC Housing Finance Ltd,Suspended,F ,500000.00,INE289B14IX7, ,Commercial Papers,-,-,-,-
727041,Julius Baer Capital (India) Private Limited,JBCP150524,Julius Baer Capital (India) Pvt Ltd,Suspended,F ,500000.00,INE824H14PC7, ,Commercial Papers,-,-,-,-
727042,ICICI Securities Limited,ISL150524,ICICI Securities Ltd,Suspended,F ,500000.00,INE763G14UI6, ,Commercial Papers,-,-,-,-
727043,Navi Finserv Limited,NFL140524,Navi Finserv Ltd,Active,F ,500000.00,INE342T14AU9, ,Commercial Papers,-,-,-,-
727044,STANDARD CHARTERED CAPITAL LIMITED,SCCL150524,STANDARD CHARTERED CAPITAL Ltd,Active,F ,500000.00,INE403G14SH5, ,Commercial Papers,-,-,-,-
727045,Tata Power Co. Ltd,TPCL150524,Tata Power Co Ltd,Suspended,F ,500000.00,INE245A14JN0, ,Commercial Papers,-,-,-,-
727046,ICICI Securities Primary Dealership Limited,ISPD150524,ICICI Securities Primary Dealership Ltd,Suspended,F ,500000.00,INE849D14HN7, ,Commercial Papers,-,-,-,-
727047,A.K.Capital Services Ltd.,AKCS150524,AKCapital Services Ltd,Active,F ,500000.00,INE701G14163, ,Commercial Papers,-,-,-,-
727048,Axis Securities Limited,ASL150524,Axis Securities Ltd,Suspended,F ,500000.00,INE110O14CZ6, ,Commercial Papers,-,-,-,-
727049,Kotak Securities Limited,KSL160524,Kotak Securities Ltd,Suspended,F ,500000.00,INE028E14NY1, ,Commercial Papers,-,-,-,-
727050,Axis Finance Limited,AFL16524,Axis Finance Ltd,Suspended,F ,500000.00,INE891K14NQ5, ,Commercial Papers,-,-,-,-
727051,Reliance Retail Ventures Limited,RRVL15524,Reliance Retail Ventures Ltd,Suspended,F ,500000.00,INE929O14BR8, ,Commercial Papers,-,-,-,-
727052,Aditya Birla Fashion and Retail Limited,ABFRL15524,Aditya Birla Fashion and Retail Ltd,Suspended,F ,500000.00,INE647O14FE5, ,Commercial Papers,-,-,-,-
727053,HDFC Securities Limited,HSL15524,HDFC Securities Ltd,Suspended,F ,500000.00,INE700G14KA6, ,Commercial Papers,-,-,-,-
727054,Infina Finance Private Limited,IFPL150524,Infina Finance Pvt Ltd,Suspended,F ,500000.00,INE879F14JA2, ,Commercial Papers,-,-,-,-
727055,360 ONE Prime Limited,OPL150524,360 ONE Prime Ltd,Suspended,F ,500000.00,INE248U14PP4, ,Commercial Papers,-,-,-,-
727056,Julius Baer Capital (India) Private Limited,JBC17524,Julius Baer Capital (India) Pvt Ltd,Suspended,F ,500000.00,INE824H14PD5, ,Commercial Papers,-,-,-,-
727057,ICICI HOME FINANCE COMPANY LIMITED,IHFC17524,ICICI HOME FINANCE COMPANY Ltd,Suspended,F ,500000.00,INE071G14FO3, ,Commercial Papers,-,-,-,-
727058,Godrej Housing Finance Limited,GHFL17524,Godrej Housing Finance Ltd,Suspended,F ,500000.00,INE02JD14450, ,Commercial Papers,-,-,-,-
727059,Infina Finance Private Limited,IFPL16524,Infina Finance Pvt Ltd,Active,F ,500000.00,INE879F14JC8, ,Commercial Papers,-,-,-,-
727060,ICICI HOME FINANCE COMPANY LIMITED,IHFC160524,ICICI HOME FINANCE COMPANY Ltd,Suspended,F ,500000.00,INE071G14FN5, ,Commercial Papers,-,-,-,-
727061,POONAWALLA FINCORP LIMITED,PFL160524,POONAWALLA FINCORP Ltd,Suspended,F ,500000.00,INE511C14WR5, ,Commercial Papers,-,-,-,-
727062,ICICI Securities Limited,ISL170524,ICICI Securities Ltd,Suspended,F ,500000.00,INE763G14UJ4, ,Commercial Papers,-,-,-,-
727063,SIKKA PORTS & TERMINALS LTD,SPT170524,SIKKA PORTS & TERMINALS LTD,Suspended,F ,500000.00,INE941D14576, ,Commercial Papers,-,-,-,-
727064,PAISALO DIGITAL LIMITED,PDL170524,PAISALO DIGITAL Ltd,Suspended,F ,500000.00,INE420C14094, ,Commercial Papers,-,-,-,-
727065,Bajaj Financial Securities Limited,BFS170524,Bajaj Financial Securities Ltd,Suspended,F ,500000.00,INE01C314833, ,Commercial Papers,-,-,-,-
727066,Reliance Retail Ventures Limited,RRV170524,Reliance Retail Ventures Ltd,Suspended,F ,500000.00,INE929O14BS6, ,Commercial Papers,-,-,-,-
727067,SEIL Energy India Limited,SEIL170524,SEIL Energy India Ltd,Suspended,F ,500000.00,INE460M14636, ,Commercial Papers,-,-,-,-
727068,SEIL Energy India Limited,SEI170524,SEIL Energy India Ltd,Suspended,F ,500000.00,INE460M14644, ,Commercial Papers,-,-,-,-
727069,ONGC Petro additions Limited.,OPAL170524,ONGC Petro additions Ltd,Suspended,F ,500000.00,INE163N14402, ,Commercial Papers,-,-,-,-
727070,ICICI Securities Limited,ISL21524,ICICI Securities Ltd,Suspended,F ,500000.00,INE763G14UL0, ,Commercial Papers,-,-,-,-
727071,Aditya Birla Housing Finance Limited,ABHFL17524,Aditya Birla Housing Finance Ltd,Suspended,F ,500000.00,INE831R14DS3, ,Commercial Papers,-,-,-,-
727072,SBICAP Securities Limited,SSL17524,SBICAP Securities Ltd,Suspended,F ,500000.00,INE212K14650, ,Commercial Papers,-,-,-,-
727073,Bajaj Finance Limited,BFL17524,Bajaj Finance Ltd,Suspended,F ,500000.00,INE296A14YD3, ,Commercial Papers,-,-,-,-
727074,Can Fin Homes Ltd.,CFHL170524,Can Fin Homes Ltd,Suspended,F ,500000.00,INE477A14CX3, ,Commercial Papers,-,-,-,-
727075,HDFC Securities Limited,HSL170524,HDFC Securities Ltd,Suspended,F ,500000.00,INE700G14KB4, ,Commercial Papers,-,-,-,-
727076,360 ONE WAM LIMITED,OWL170524,360 ONE WAM Ltd,Suspended,F ,500000.00,INE466L14DG6, ,Commercial Papers,-,-,-,-
727077,STANDARD CHARTERED CAPITAL LIMITED,SCCL21524,STANDARD CHARTERED CAPITAL Ltd,Active,F ,500000.00,INE403G14SI3, ,Commercial Papers,-,-,-,-
727078,Infina Finance Private Limited,IFPL17524,Infina Finance Pvt Ltd,Active,F ,500000.00,INE879F14JB0, ,Commercial Papers,-,-,-,-
727079,Julius Baer Capital (India) Private Limited,JBCP210524,Julius Baer Capital (India) Pvt Ltd,Suspended,F ,500000.00,INE824H14PE3, ,Commercial Papers,-,-,-,-
727080,Hinduja Leyland Finance Limited,HLFL210524,Hinduja Leyland Finance Ltd,Active,F ,500000.00,INE146O14CF2, ,Commercial Papers,-,-,-,-
727081,Infina Finance Private Limited,IFP210524,Infina Finance Pvt Ltd,Active,F ,500000.00,INE879F14JD6, ,Commercial Papers,-,-,-,-
727082,Bajaj Finance Limited,BFL21524,Bajaj Finance Ltd,Suspended,F ,500000.00,INE296A14YE1, ,Commercial Papers,-,-,-,-
727083,Bajaj Financial Securities Limited,BFSL21524,Bajaj Financial Securities Ltd,Suspended,F ,500000.00,INE01C314858, ,Commercial Papers,-,-,-,-
727084,Motilal Oswal Finvest Limited,MOF210524,Motilal Oswal Finvest Ltd,Suspended,F ,500000.00,INE01WN14BE7, ,Commercial Papers,-,-,-,-
727085,Kotak Securities Limited,KSL22524,Kotak Securities Ltd,Suspended,F ,500000.00,INE028E14NZ8, ,Commercial Papers,-,-,-,-
727086,birla Group Holdings Private Limited,BGHPL22524,birla Group Holdings Pvt Ltd,Suspended,F ,500000.00,INE09OL14FE2, ,Commercial Papers,-,-,-,-
727087,Larsen & Toubro Limited,LTL22524,Larsen & Toubro Ltd,Suspended,F ,500000.00,INE018A14KV2, ,Commercial Papers,-,-,-,-
727088,Jamnagar Utilities & Power Private Limited,JUPPL22524,Jamnagar Utilities & Power Pvt Ltd,Suspended,F ,500000.00,INE936D14329, ,Commercial Papers,-,-,-,-
727089,ICICI Securities Limited,ISEC22524,ICICI Securities Ltd,Suspended,F ,500000.00,INE763G14UK2, ,Commercial Papers,-,-,-,-
727090,HDFC Securities Limited,HDFCS22524,HDFC Securities Ltd,Suspended,F ,500000.00,INE700G14KD0, ,Commercial Papers,-,-,-,-
727091,SIKKA PORTS & TERMINALS LTD,SPTL22524,SIKKA PORTS & TERMINALS LTD,Suspended,F ,500000.00,INE941D14584, ,Commercial Papers,-,-,-,-
727092,Motilal Oswal Finvest Limited,MOFL22524,Motilal Oswal Finvest Ltd,Suspended,F ,500000.00,INE01WN14BD9, ,Commercial Papers,-,-,-,-
727093,Hinduja Leyland Finance Limited,HLFL22524,Hinduja Leyland Finance Ltd,Suspended,F ,500000.00,INE146O14CG0, ,Commercial Papers,-,-,-,-
727094,birla Group Holdings Private Limited,BGHPL24524,birla Group Holdings Pvt Ltd,Suspended,F ,500000.00,INE09OL14FF9, ,Commercial Papers,-,-,-,-
727095,Kotak Securities Limited,KSL240524,Kotak Securities Ltd,Suspended,F ,500000.00,INE028E14OA9, ,Commercial Papers,-,-,-,-
727096,Axis Securities Limited,ASL240524,Axis Securities Ltd,Suspended,F ,500000.00,INE110O14DA7, ,Commercial Papers,-,-,-,-
727097,Julius Baer Capital (India) Private Limited,JBCP220524,Julius Baer Capital (India) Pvt Ltd,Suspended,F ,500000.00,INE824H14PF0, ,Commercial Papers,-,-,-,-
727098,Infina Finance Private Limited,IFPL220524,Infina Finance Pvt Ltd,Active,F ,500000.00,INE879F14JE4, ,Commercial Papers,-,-,-,-
727099,Motilal Oswal Financial Services Limited,MOFS220524,Motilal Oswal Financial Services Ltd,Suspended,F ,500000.00,INE338I14HM2, ,Commercial Papers,-,-,-,-
727100,Pilani Investment And Industries Corporation Limited,PICL24524,Pilani Investment And Industries Corporation Ltd,Suspended,F ,500000.00,INE417C14736, ,Commercial Papers,-,-,-,-
727101,Aditya Birla Housing Finance Limited,ABHFL22524,Aditya Birla Housing Finance Ltd,Suspended,F ,500000.00,INE831R14DT1, ,Commercial Papers,-,-,-,-
727102,SBICAP Securities Limited,SSL22524,SBICAP Securities Ltd,Suspended,F ,500000.00,INE212K14668, ,Commercial Papers,-,-,-,-
727103,The Ramco Cements Limited,TRCL240524,The Ramco Cements Ltd,Suspended,F ,500000.00,INE331A14NP5, ,Commercial Papers,-,-,-,-
727104,POONAWALLA FINCORP LIMITED,PFL240524,POONAWALLA FINCORP Ltd,Suspended,F ,500000.00,INE511C14WS3, ,Commercial Papers,-,-,-,-
727105,Bajaj Financial Securities Limited,BFSL240524,Bajaj Financial Securities Ltd,Suspended,F ,500000.00,INE01C314841, ,Commercial Papers,-,-,-,-
727106,MUTHOOT FINCORP LIMITED,MFL240524,MUTHOOT FINCORP Ltd,Active,F ,500000.00,INE549K14BO9, ,Commercial Papers,-,-,-,-
727107,HDFC Securities Limited,HDFCS24524,HDFC Securities Ltd,Suspended,F ,500000.00,INE700G14KC2, ,Commercial Papers,-,-,-,-
727108,HDFC Securities Limited,HDFCS27524,HDFC Securities Ltd,Suspended,F ,500000.00,INE700G14KE8, ,Commercial Papers,-,-,-,-
727109,Julius Baer Capital (India) Private Limited,JBCIP24527,Julius Baer Capital (India) Pvt Ltd,Suspended,F ,500000.00,INE824H14PG8, ,Commercial Papers,-,-,-,-
727110,Julius Baer Capital (India) Private Limited,JBCIP27524,Julius Baer Capital (India) Pvt Ltd,Suspended,F ,500000.00,INE824H14PH6, ,Commercial Papers,-,-,-,-
727111,Motilal Oswal Finvest Limited,MOFL24524,Motilal Oswal Finvest Ltd,Suspended,F ,500000.00,INE01WN14BF4, ,Commercial Papers,-,-,-,-
727112,L&T Metro Rail (Hyderabad) Limited,LTM240524,L&T Metro Rail (Hyderabad) Ltd,Suspended,F ,500000.00,INE128M14860, ,Commercial Papers,-,-,-,-
727113,ICICI Securities Limited,ISEC24524,ICICI Securities Ltd,Suspended,F ,500000.00,INE763G14UM8, ,Commercial Papers,-,-,-,-
727114,ICICI Securities Limited,ISEC24524A,ICICI Securities Ltd,Suspended,F ,500000.00,INE763G14UN6, ,Commercial Papers,-,-,-,-
727115,Hinduja Leyland Finance Limited,HLF240524,Hinduja Leyland Finance Ltd,Suspended,F ,500000.00,INE146O14CH8, ,Commercial Papers,-,-,-,-
727116,Time Technoplast Limited,TTL27524,Time Technoplast Ltd,Suspended,F ,500000.00,INE508G14FV9, ,Commercial Papers,-,-,-,-
727117,Reliance Retail Ventures Limited,RRV240524,Reliance Retail Ventures Ltd,Suspended,F ,500000.00,INE929O14BT4, ,Commercial Papers,-,-,-,-
727118,Nuvama Wealth Finance Limited,NWFL27524,Nuvama Wealth Finance Ltd,Suspended,F ,500000.00,INE918K14BM0, ,Commercial Papers,-,-,-,-
727119,Network 18 Media & Investments Limited,NMIL27524,Network 18 Media & Investments Ltd,Suspended,F ,500000.00,INE870H14SU6, ,Commercial Papers,-,-,-,-
727120,Network 18 Media & Investments Limited,NMIL28524,Network 18 Media & Investments Ltd,Suspended,F ,500000.00,INE870H14ST8, ,Commercial Papers,-,-,-,-
727121,Kotak Securities Limited,KSL28524,Kotak Securities Ltd,Suspended,F ,500000.00,INE028E14OB7, ,Commercial Papers,-,-,-,-
727122,POONAWALLA FINCORP LIMITED,PFL270524,POONAWALLA FINCORP Ltd,Suspended,F ,500000.00,INE511C14WT1, ,Commercial Papers,-,-,-,-
727123,birla Group Holdings Private Limited,BGHP280524,birla Group Holdings Pvt Ltd,Suspended,F ,500000.00,INE09OL14FG7, ,Commercial Papers,-,-,-,-
727124,Axis Securities Limited,ASL270524,Axis Securities Ltd,Suspended,F ,500000.00,INE110O14DB5, ,Commercial Papers,-,-,-,-
727125,Axis Securities Limited,AS280524,Axis Securities Ltd,Suspended,F ,500000.00,INE110O14DC3, ,Commercial Papers,-,-,-,-
727126,IndoStar Capital Finance Limited,ISCF280524,IndoStar Capital Finance Ltd,Active,F ,500000.00,INE896L14DQ3, ,Commercial Papers,-,-,-,-
727127,GIC Housing Finance Ltd.,GHF280524,GIC Housing Finance Ltd,Active,F ,500000.00,INE289B14IY5, ,Commercial Papers,-,-,-,-
727128,HDFC Securities Limited,HSL280524,HDFC Securities Ltd,Suspended,F ,500000.00,INE700G14KF5, ,Commercial Papers,-,-,-,-
727129,Motilal Oswal Financial Services Limited,MOFS280524,Motilal Oswal Financial Services Ltd,Suspended,F ,500000.00,INE338I14HN0, ,Commercial Papers,-,-,-,-
727130,L&T Metro Rail (Hyderabad) Limited,LMR280524,L&T Metro Rail (Hyderabad) Ltd,Suspended,F ,500000.00,INE128M14878, ,Commercial Papers,-,-,-,-
727131,Aditya Birla Fashion and Retail Limited,ABFRL28524,Aditya Birla Fashion and Retail Ltd,Suspended,F ,500000.00,INE647O14FF2, ,Commercial Papers,-,-,-,-
727132,Bajaj Finance Limited,BFL28524,Bajaj Finance Ltd,Suspended,F ,500000.00,INE296A14YF8, ,Commercial Papers,-,-,-,-
727133,STANDARD CHARTERED CAPITAL LIMITED,SCCL290524,STANDARD CHARTERED CAPITAL Ltd,Active,F ,500000.00,INE403G14SK9, ,Commercial Papers,-,-,-,-
727134,Network 18 Media & Investments Limited,N18MIL29524,Network 18 Media & Investments Ltd,Active,F ,500000.00,INE870H14SV4, ,Commercial Papers,-,-,-,-
727135,STANDARD CHARTERED CAPITAL LIMITED,SCC290524,STANDARD CHARTERED CAPITAL Ltd,Active,F ,500000.00,INE403G14SJ1, ,Commercial Papers,-,-,-,-
727136,BOBCARD LIMITED,BCL28524,BOBCARD Ltd,Suspended,F ,500000.00,INE027214613, ,Commercial Papers,-,-,-,-
727137,Axis Finance Limited,AFL28524,Axis Finance Ltd,Suspended,F ,500000.00,INE891K14NR3, ,Commercial Papers,-,-,-,-
727138,Reliance Retail Ventures Limited,RRVL29524,Reliance Retail Ventures Ltd,Active,F ,500000.00,INE929O14BU2, ,Commercial Papers,-,-,-,-
727139,Grasim Industries Ltd,GIL29524,Grasim Industries Ltd,Active,F ,500000.00,INE047A14941, ,Commercial Papers,-,-,-,-
727140,TV18 Broadcast Ltd.,TV1B280524,TV18 Broadcast Ltd,Suspended,F ,500000.00,INE886H14JO4, ,Commercial Papers,-,-,-,-
727141,Hinduja Leyland Finance Limited,HLFL280524,Hinduja Leyland Finance Ltd,Suspended,F ,500000.00,INE146O14CI6, ,Commercial Papers,-,-,-,-
727142,Julius Baer Capital (India) Private Limited,JBCP290524,Julius Baer Capital (India) Pvt Ltd,Active,F ,500000.00,INE824H14PI4, ,Commercial Papers,-,-,-,-
727143,360 ONE WAM LIMITED,OWL29524,360 ONE WAM Ltd,Active,F ,500000.00,INE466L14DI2, ,Commercial Papers,-,-,-,-
727144,ICICI Securities Limited,ICL290524,ICICI Securities Ltd,Suspended,F ,500000.00,INE763G14UO4, ,Commercial Papers,-,-,-,-
727145,Ashoka Buildcon Limited,ABL290524,Ashoka Buildcon Ltd,Suspended,F ,500000.00,INE442H14394, ,Commercial Papers,-,-,-,-
727146,ONGC Petro additions Limited.,ONGC29524,ONGC Petro additions Ltd,Active,F ,500000.00,INE163N14410, ,Commercial Papers,-,-,-,-
727147,IndoStar Capital Finance Limited,ICF290524,IndoStar Capital Finance Ltd,Active,F ,500000.00,INE896L14DR1, ,Commercial Papers,-,-,-,-
727148,Kotak Securities Limited,KSL300524,Kotak Securities Ltd,Active,F ,500000.00,INE028E14OC5, ,Commercial Papers,-,-,-,-
727149,Julius Baer Capital (India) Private Limited,JBC30524,Julius Baer Capital (India) Pvt Ltd,Active,F ,500000.00,INE824H14PJ2, ,Commercial Papers,-,-,-,-
727150,HDFC Securities Limited,HSL30524,HDFC Securities Ltd,Active,F ,500000.00,INE700G14KG3, ,Commercial Papers,-,-,-,-
727151,Godrej Finance Limited,GFL30524,Godrej Finance Ltd,Active,F ,500000.00,INE02KN14283, ,Commercial Papers,-,-,-,-
727152,Tata Power Co. Ltd,TPC300524,Tata Power Co Ltd,Active,F ,500000.00,INE245A14JO8, ,Commercial Papers,-,-,-,-
727153,TV18 Broadcast Ltd.,TVB310524,TV18 Broadcast Ltd,Active,F ,500000.00,INE886H14JP1, ,Commercial Papers,-,-,-,-
727154,ICICI Securities Limited,ISEC30524,ICICI Securities Ltd,Active,F ,500000.00,INE763G14UP1, ,Commercial Papers,-,-,-,-
727155,Kotak Securities Limited,KSL31524,Kotak Securities Ltd,Active,F ,500000.00,INE028E14OD3, ,Commercial Papers,-,-,-,-
727156,Aditya Birla Housing Finance Limited,ABHFL30524,Aditya Birla Housing Finance Ltd,Active,F ,500000.00,INE831R14DU9, ,Commercial Papers,-,-,-,-
727157,ICICI Securities Limited,ISEC310524,ICICI Securities Ltd,Active,F ,500000.00,INE763G14UQ9, ,Commercial Papers,-,-,-,-
727158,Aditya Birla Housing Finance Limited,ABHFL31524,Aditya Birla Housing Finance Ltd,Active,F ,500000.00,INE831R14DV7, ,Commercial Papers,-,-,-,-
727159,Reliance Retail Ventures Limited,RRVL31524,Reliance Retail Ventures Ltd,Active,F ,500000.00,INE929O14BV0, ,Commercial Papers,-,-,-,-
727160,Julius Baer Capital (India) Private Limited,JBCPL3624,Julius Baer Capital (India) Pvt Ltd,Active,F ,500000.00,INE824H14PK0, ,Commercial Papers,-,-,-,-
727161,Godrej Housing Finance Limited,GHFL3624,Godrej Housing Finance Ltd,Active,F ,500000.00,INE02JD14468, ,Commercial Papers,-,-,-,-
727162,ICICI HOME FINANCE COMPANY LIMITED,IHFC03624,ICICI HOME FINANCE COMPANY Ltd,Active,F ,500000.00,INE071G14FP0, ,Commercial Papers,-,-,-,-
727163,Grasim Industries Ltd,GIL3624,Grasim Industries Ltd,Suspended,F ,500000.00,INE047A14958, ,Commercial Papers,-,-,-,-
727164,Reliance Retail Ventures Limited,RRL030624,Reliance Retail Ventures Ltd,Active,F ,500000.00,INE929O14BX6, ,Commercial Papers,-,-,-,-
727165,Reliance Retail Ventures Limited,RRVL030624F,Reliance Retail Ventures Ltd,Active,F ,500000.00,INE929O14BW8, ,Commercial Papers,-,-,-,-
727166,ICICI Securities Limited,ISL030624,ICICI Securities Ltd,Active,F ,500000.00,INE763G14UR7, ,Commercial Papers,-,-,-,-
727167,Adani Enterprises Ltd.,AEL030624,Adani Enterprises Ltd,Active,F ,500000.00,INE423A14VB3, ,Commercial Papers,-,-,-,-
727168,Godrej Housing Finance Limited,GHFL4624,Godrej Housing Finance Ltd,Active,F ,500000.00,INE02JD14476, ,Commercial Papers,-,-,-,-
727169,Motilal Oswal Financial Services Limited,MOFSL3624,Motilal Oswal Financial Services Ltd,Active,F ,500000.00,INE338I14HO8, ,Commercial Papers,-,-,-,-
727170,Network 18 Media & Investments Limited,N18MI4624,Network 18 Media & Investments Ltd,Active,F ,500000.00,INE870H14SX0, ,Commercial Papers,-,-,-,-
727171,Network 18 Media & Investments Limited,N18MIL3624,Network 18 Media & Investments Ltd,Active,F ,500000.00,INE870H14SW2, ,Commercial Papers,-,-,-,-
727172,Hinduja Leyland Finance Limited,HLFL3624,Hinduja Leyland Finance Ltd,Active,F ,500000.00,INE146O14CJ4, ,Commercial Papers,-,-,-,-
727173,Axis Securities Limited,ASL040624,Axis Securities Ltd,Active,F ,500000.00,INE110O14DE9, ,Commercial Papers,-,-,-,-
727174,Axis Securities Limited,ASL040624A,Axis Securities Ltd,Active,F ,500000.00,INE110O14DD1, ,Commercial Papers,-,-,-,-
727175,TV18 Broadcast Ltd.,TBL040624,Borosil Scientific Ltd,Active,F ,500000.00,INE886H14JQ9, ,Commercial Papers,-,-,-,-
727176,Dhampur Sugar Mills Ltd.,DSM040624,Dhampur Sugar Mills Ltd,Active,F ,500000.00,INE041A14027, ,Commercial Papers,-,-,-,-
727177,ICICI Securities Limited,ISL040624,ICICI Securities Ltd,Active,F ,500000.00,INE763G14US5, ,Commercial Papers,-,-,-,-
727178,Bajaj Financial Securities Limited,BFSL4624,Bajaj Financial Securities Ltd,Active,F ,500000.00,INE01C314866, ,Commercial Papers,-,-,-,-
727179,Julius Baer Capital (India) Private Limited,JBCIPL5624,Julius Baer Capital (India) Pvt Ltd,Active,F ,500000.00,INE824H14OP2, ,Commercial Papers,-,-,-,-
727180,HDFC Securities Limited,HSL040624,HDFC Securities Ltd,Active,F ,500000.00,INE700G14KJ7, ,Commercial Papers,-,-,-,-
727181,Kotak Securities Limited,KSL050624,Kotak Securities Ltd,Active,F ,500000.00,INE028E14OE1, ,Commercial Papers,-,-,-,-
727182,HDFC Securities Limited,HSL040624A,HDFC Securities Ltd,Active,F ,500000.00,INE700G14KH1, ,Commercial Papers,-,-,-,-
727183,HDFC Securities Limited,HDFCSL5624,HDFC Securities Ltd,Active,F ,500000.00,INE700G14KL3, ,Commercial Papers,-,-,-,-
727184,Pilani Investment And Industries Corporation Limited,PIIC050624,Pilani Investment And Industries Corporation Ltd,Active,F ,500000.00,INE417C14744, ,Commercial Papers,-,-,-,-
727185,birla Group Holdings Private Limited,BGHPL5624,birla Group Holdings Pvt Ltd,Active,F ,500000.00,INE09OL14FH5, ,Commercial Papers,-,-,-,-
727186,Mirae Asset Capital Markets (India) Private Limited,MACM050624,Mirae Asset Capital Markets (India) Pvt Ltd,Active,F ,500000.00,INE0T2V14038, ,Commercial Papers,-,-,-,-
727187,POONAWALLA FINCORP LIMITED,PFL050624,POONAWALLA FINCORP Ltd,Active,F ,500000.00,INE511C14WV7, ,Commercial Papers,-,-,-,-
727188,POONAWALLA FINCORP LIMITED,PFL050624A,POONAWALLA FINCORP Ltd,Active,F ,500000.00,INE511C14WU9, ,Commercial Papers,-,-,-,-
727189,Hinduja Leyland Finance Limited,HLFL5624,Hinduja Leyland Finance Ltd,Active,F ,500000.00,INE146O14CK2, ,Commercial Papers,-,-,-,-
727190,Grasim Industries Ltd,GIL060624,Grasim Industries Ltd,Active,F ,500000.00,INE047A14966, ,Commercial Papers,-,-,-,-
727191,Network 18 Media & Investments Limited,NMI060624,Network 18 Media & Investments Ltd,Active,F ,500000.00,INE870H14SY8, ,Commercial Papers,-,-,-,-
727192,HDFC Securities Limited,HSL060624,HDFC Securities Ltd,Active,F ,500000.00,INE700G14KK5, ,Commercial Papers,-,-,-,-
727193,Julius Baer Capital (India) Private Limited,JBCPL7624,Julius Baer Capital (India) Pvt Ltd,Active,F ,500000.00,INE824H14PL8, ,Commercial Papers,-,-,-,-
727194,Hinduja Leyland Finance Limited,HLFL060624,Hinduja Leyland Finance Ltd,Active,F ,500000.00,INE146O14CL0, ,Commercial Papers,-,-,-,-
727195,Bajaj Financial Securities Limited,BFSL060624,Bajaj Financial Securities Ltd,Active,F ,500000.00,INE01C314874, ,Commercial Papers,-,-,-,-
727196,Bajaj Financial Securities Limited,BFSL070624,Bajaj Financial Securities Ltd,Active,F ,500000.00,INE01C314882, ,Commercial Papers,-,-,-,-
727197,POONAWALLA FINCORP LIMITED,PFL6624,POONAWALLA FINCORP Ltd,Active,F ,500000.00,INE511C14WW5, ,Commercial Papers,-,-,-,-
727198,Fedbank Financial Services Limited,FFSL060624,Fedbank Financial Services Ltd,Active,F ,500000.00,INE007N14DQ3, ,Commercial Papers,-,-,-,-
727199,Nuvama Wealth Management Limited,NWML070624,Nuvama Wealth Management Ltd,Active,F ,500000.00,INE531F14EK9, ,Commercial Papers,-,-,-,-
727200,Redington Limited,RL070624,Redington Ltd,Active,F ,500000.00,INE891D14YO2, ,Commercial Papers,-,-,-,-
727201,Redington Limited,RL070624A,Redington Ltd,Active,F ,500000.00,INE891D14YP9, ,Commercial Papers,-,-,-,-
727202,360 ONE Prime Limited,ONEP070624,360 ONE Prime Ltd,Active,F ,500000.00,INE248U14PR0, ,Commercial Papers,-,-,-,-
727203,Tata Power Co. Ltd,TPCL070624,Tata Power Co Ltd,Active,F ,500000.00,INE245A14JP5, ,Commercial Papers,-,-,-,-
727204,Navi Finserv Limited,NFL070624,Navi Finserv Ltd,Active,F ,500000.00,INE342T14BA9, ,Commercial Papers,-,-,-,-
727205,Fedbank Financial Services Limited,FFSL070624,Fedbank Financial Services Ltd,Active,F ,500000.00,INE007N14DR1, ,Commercial Papers,-,-,-,-
727206,HDFC Securities Limited,HSL100624,HDFC Securities Ltd,Active,F ,500000.00,INE700G14KM1, ,Commercial Papers,-,-,-,-
727207,360 ONE WAM LIMITED,360OWL7624,360 ONE WAM Ltd,Active,F ,500000.00,INE466L14DJ0, ,Commercial Papers,-,-,-,-
727208,SBICAP Securities Limited,SBIC070624,SBICAP Securities Ltd,Active,F ,500000.00,INE212K14676, ,Commercial Papers,-,-,-,-
727209,Axis Securities Limited,ASL7624,Axis Securities Ltd,Active,F ,500000.00,INE110O14DF6, ,Commercial Papers,-,-,-,-
727210,Reliance Retail Ventures Limited,RRVL10624,Reliance Retail Ventures Ltd,Active,F ,500000.00,INE929O14BY4, ,Commercial Papers,-,-,-,-
727211,Larsen & Toubro Limited,LT100624,Larsen & Toubro Ltd,Active,F ,500000.00,INE018A14KW0, ,Commercial Papers,-,-,-,-
727212,BOBCARD LIMITED,BOBC100624,BOBCARD Ltd,Active,F ,500000.00,INE027214639, ,Commercial Papers,-,-,-,-
727213,Tata Housing Development Company Limited,THDC100624,Tata Housing Development Company Ltd,Active,F ,500000.00,INE582L14HM9, ,Commercial Papers,-,-,-,-
727214,L&T Metro Rail (Hyderabad) Limited,LTMR10624,L&T Metro Rail (Hyderabad) Ltd,Active,F ,500000.00,INE128M14886, ,Commercial Papers,-,-,-,-
727215,Tata Realty and Infrastructure Limited,TRIL70624,Tata Realty and Infrastructure Ltd,Active,F ,500000.00,INE371K14CB3, ,Commercial Papers,-,-,-,-
727216,Hinduja Leyland Finance Limited,HLFL10624,Hinduja Leyland Finance Ltd,Active,F ,500000.00,INE146O14CM8, ,Commercial Papers,-,-,-,-
727217,Can Fin Homes Ltd.,CFHL10624,Can Fin Homes Ltd,Active,F ,500000.00,INE477A14CY1, ,Commercial Papers,-,-,-,-
727218,Tata Realty and Infrastructure Limited,TRIL110624,Tata Realty and Infrastructure Ltd,Active,F ,500000.00,INE371K14CA5, ,Commercial Papers,-,-,-,-
727219,HDFC Securities Limited,HSL110624,HDFC Securities Ltd,Active,F ,500000.00,INE700G14KN9, ,Commercial Papers,-,-,-,-
727220,Aarti Industries Ltd,AIL110624,Aarti Industries Ltd,Active,F ,500000.00,INE769A14866, ,Commercial Papers,-,-,-,-
727221,LT Foods Limited,LFL110624,LT Foods Ltd,Active,F ,500000.00,INE818H14015, ,Commercial Papers,-,-,-,-
727222,IndoStar Capital Finance Limited,ICFL110624,IndoStar Capital Finance Ltd,Active,F ,500000.00,INE896L14DS9, ,Commercial Papers,-,-,-,-
727223,Bajaj Finance Limited,BFL110624,Bajaj Finance Ltd,Active,F ,500000.00,INE296A14YG6, ,Commercial Papers,-,-,-,-
727224,Julius Baer Capital (India) Private Limited,JBC110624,Julius Baer Capital (India) Pvt Ltd,Active,F ,500000.00,INE824H14PM6, ,Commercial Papers,-,-,-,-
727225,Axis Securities Limited,ASL110624,Axis Securities Ltd,Active,F ,500000.00,INE110O14DG4, ,Commercial Papers,-,-,-,-
727226,BOBCARD LIMITED,BCL110624,BOBCARD Ltd,Active,F ,500000.00,INE027214621, ,Commercial Papers,-,-,-,-
727227,ICICI Securities Primary Dealership Limited,ISPDL12624,ICICI Securities Primary Dealership Ltd,Active,F ,500000.00,INE849D14HO5, ,Commercial Papers,-,-,-,-
727228,Time Technoplast Limited,TTL12624,Time Technoplast Ltd,Active,F ,500000.00,INE508G14FY3, ,Commercial Papers,-,-,-,-
727229,Godrej Housing Finance Limited,GHFL12624,GHFL-11-9-24-CP,Active,F ,500000.00,INE02JD14484, ,Commercial Papers,-,-,-,-
727230,birla Group Holdings Private Limited,BGHPL12624,BGHPL-11-9-24-CP,Active,F ,500000.00,INE09OL14FI3, ,Commercial Papers,-,-,-,-
727231,IGH Holdings Private Limited,IGHHP12624,IGHHPL-11-9-24-CP,Active,F ,500000.00,INE02FN14283, ,Commercial Papers,-,-,-,-
727232,HDFC Securities Limited,HDFCS12624,HDFCSL-11-9-24-CP,Active,F ,500000.00,INE700G14KP4, ,Commercial Papers,-,-,-,-
727233,Kotak Mahindra Prime Limited,KMPL12624,KMPL-19-6-24-CP,Suspended,F ,500000.00,INE916D143J1, ,Commercial Papers,-,-,-,-
727234,Network 18 Media & Investments Limited,N18MI12624,N18MIL-9-9-24-CP,Active,F ,500000.00,INE870H14SZ5, ,Commercial Papers,-,-,-,-
727235,Axis Finance Limited,AFL12624,AFL-25-7-24-CP,Suspended,F ,500000.00,INE891K14NS1, ,Commercial Papers,-,-,-,-
727236,Axis Securities Limited,ASL12624,ASL-11-9-24-CP,Active,F ,500000.00,INE110O14DH2, ,Commercial Papers,-,-,-,-
727237,Axis Finance Limited,AFL120624,Axis Finance Ltd,Suspended,F ,500000.00,INE891K14NT9, ,Commercial Papers,-,-,-,-
727238,Motilal Oswal Financial Services Limited,MOFS12624,Motilal Oswal Financial Services Ltd,Active,F ,500000.00,INE338I14HP5, ,Commercial Papers,-,-,-,-
727239,Redington Limited,RL13624,Redington Ltd,Active,F ,500000.00,INE891D14YQ7, ,Commercial Papers,-,-,-,-
727240,CaratLane Trading Private Limited,CTPL120624,CaratLane Trading Pvt Ltd,Active,F ,500000.00,INE015Y14559, ,Commercial Papers,-,-,-,-
727241,Godrej Finance Limited,GFL130624,Godrej Finance Ltd,Active,F ,500000.00,INE02KN14291, ,Commercial Papers,-,-,-,-
727242,Motilal Oswal Finvest Limited,MOFL120624,Motilal Oswal Finvest Ltd,Active,F ,500000.00,INE01WN14BG2, ,Commercial Papers,-,-,-,-
727243,Bajaj Finance Limited,BFL120624,Bajaj Finance Ltd,Active,F ,500000.00,INE296A14YH4, ,Commercial Papers,-,-,-,-
727244,Julius Baer Capital (India) Private Limited,JBCP130624,Julius Baer Capital (India) Pvt Ltd,Active,F ,500000.00,INE824H14PO2, ,Commercial Papers,-,-,-,-
727245,TRUST INVESTMENT ADVISORS PRIVATE LIMITED,TIAP130624,TRUST INVESTMENT ADVISORS Pvt Ltd,Active,F ,500000.00,INE723X14HQ5, ,Commercial Papers,-,-,-,-
727246,TRUST INVESTMENT ADVISORS PRIVATE LIMITED,TIA130624,TRUST INVESTMENT ADVISORS Pvt Ltd,Active,F ,500000.00,INE723X14HR3, ,Commercial Papers,-,-,-,-
727247,IndoStar Capital Finance Limited,ICFL120624,IndoStar Capital Finance Ltd,Active,F ,500000.00,INE896L14DT7, ,Commercial Papers,-,-,-,-
727248,HDFC Credila Financial Services Ltd,HCFS120624,HDFC Credila Financial Services Ltd,Active,F ,500000.00,INE539K14BN2, ,Commercial Papers,-,-,-,-
727249,Fedbank Financial Services Limited,FFSL120624,Fedbank Financial Services Ltd,Active,F ,500000.00,INE007N14DS9, ,Commercial Papers,-,-,-,-
727250,IndoStar Capital Finance Limited,ICFL13624,IndoStar Capital Finance Ltd,Active,F ,500000.00,INE896L14DU5, ,Commercial Papers,-,-,-,-
727251,Adani Enterprises Ltd.,AEL13624,Adani Enterprises Ltd,Active,F ,500000.00,INE423A14VD9, ,Commercial Papers,-,-,-,-
727252,ICICI Securities Limited,ISEC13624,ICICI Securities Ltd,Suspended,F ,500000.00,INE763G14UT3, ,Commercial Papers,-,-,-,-
727253,ICICI Securities Limited,ISEC13624A,ICICI Securities Ltd,Active,F ,500000.00,INE763G14UU1, ,Commercial Papers,-,-,-,-
727254,HDFC Securities Limited,HDFCS4624,HDFC Securities Ltd,Active,F ,500000.00,INE700G14KO7, ,Commercial Papers,-,-,-,-
727255,360 ONE Prime Limited,OPL130624,360 ONE Prime Ltd,Active,F ,500000.00,INE248U14PS8, ,Commercial Papers,-,-,-,-
727256,Bajaj Financial Securities Limited,BFSL130624,Bajaj Financial Securities Ltd,Active,F ,500000.00,INE01C314890, ,Commercial Papers,-,-,-,-
727257,birla Group Holdings Private Limited,BGHP140624,birla Group Holdings Pvt Ltd,Active,F ,500000.00,INE09OL14FJ1, ,Commercial Papers,-,-,-,-
727258,Pilani Investment And Industries Corporation Limited,PIIC140624,Pilani Investment And Industries Corporation Ltd,Active,F ,500000.00,INE417C14751, ,Commercial Papers,-,-,-,-
727259,Bajaj Finance Limited,BFL13624,Bajaj Finance Ltd,Active,F ,500000.00,INE296A14YJ0, ,Commercial Papers,-,-,-,-
727260,Bajaj Finance Limited,BFL13624A,Bajaj Finance Ltd,Active,F ,500000.00,INE296A14YI2, ,Commercial Papers,-,-,-,-
727261,Julius Baer Capital (India) Private Limited,JBC14624,Julius Baer Capital (India) Pvt Ltd,Active,F ,500000.00,INE824H14PN4, ,Commercial Papers,-,-,-,-
727262,Kotak Securities Limited,KSL14624,Kotak Securities Ltd,Active,F ,500000.00,INE028E14OF8, ,Commercial Papers,-,-,-,-
727263,SBICAP Securities Limited,SSL13624,SBICAP Securities Ltd,Active,F ,500000.00,INE212K14692, ,Commercial Papers,-,-,-,-
727264,Manappuram Finance Limited,MFL130624,Manappuram Finance Ltd,Active,F ,500000.00,INE522D14OC9, ,Commercial Papers,-,-,-,-
727265,Motilal Oswal Financial Services Limited,MOFS13624,Motilal Oswal Financial Services Ltd,Active,F ,500000.00,INE338I14HQ3, ,Commercial Papers,-,-,-,-
727266,Redington Limited,RL140624,RL-13-9-24-CP,Active,F ,500000.00,INE891D14YR5, ,Commercial Papers,-,-,-,-
727267,Redington Limited,RL140624A,RL-9-9-24-CP,Active,F ,500000.00,INE891D14YS3, ,Commercial Papers,-,-,-,-
727268,Tata Realty and Infrastructure Limited,TRIL140624,TRIL-13-9-24-CP,Active,F ,500000.00,INE371K14CC1, ,Commercial Papers,-,-,-,-
727269,Motilal Oswal Finvest Limited,MOFL140624,MOFL-13-9-24-CP,Active,F ,500000.00,INE01WN14BH0, ,Commercial Papers,-,-,-,-
727270,POONAWALLA FINCORP LIMITED,PFL140624,PFL-13-9-24-CP,Active,F ,500000.00,INE511C14WX3, ,Commercial Papers,-,-,-,-
727271,ICICI Securities Primary Dealership Limited,ISPD180624,ISECPD-17-9-24-CP,Active,F ,500000.00,INE849D14HP2, ,Commercial Papers,-,-,-,-
727272,Kotak Mahindra Prime Limited,KMPL180624,KMPL-28-6-24-CP,Suspended,F ,500000.00,INE916D143K9, ,Commercial Papers,-,-,-,-
727273,Bajaj Finance Limited,BFL14624,BFL-13-9-24-CP,Active,F ,500000.00,INE296A14YK8, ,Commercial Papers,-,-,-,-
727274,Motilal Oswal Financial Services Limited,MOFS140624,MOFSL-13-9-24-CP,Active,F ,500000.00,INE338I14HR1, ,Commercial Papers,-,-,-,-
727275,Krazybee Services Private Limited,KSPL14624,KSPL-28-11-24-CP,Active,F ,500000.00,INE07HK14227, ,Commercial Papers,-,-,-,-
727276,BOBCARD LIMITED,BCL14624,BCL-13-9-24-CP,Active,F ,500000.00,INE027214647, ,Commercial Papers,-,-,-,-
727277,Adani Enterprises Ltd.,AEL140624,AEL-14-10-24-CP,Active,F ,500000.00,INE423A14VE7, ,Commercial Papers,-,-,-,-
727278,SBICAP Securities Limited,SCSL14624,SCSL-13-9-24-CP,Active,F ,500000.00,INE212K14684, ,Commercial Papers,-,-,-,-
727279,KEC International Ltd.,KIL180624,KIL-13-9-24-CP,Active,F ,500000.00,INE389H14KI9, ,Commercial Papers,-,-,-,-
727280,Deepak Fertilizers &Petrochemicals,DFPCL18624,DFPCL-13-12-24-CP,Active,F ,500000.00,INE501A14EP2, ,Commercial Papers,-,-,-,-
727281,Kotak Securities Limited,KSL18624,KSL-17-9-24-CP,Active,F ,500000.00,INE028E14OG6, ,Commercial Papers,-,-,-,-
727282,Kotak Securities Limited,KSL19624,KSL-18-9-24-CP,Active,F ,500000.00,INE028E14OH4, ,Commercial Papers,-,-,-,-
727283,Axis Securities Limited,ASL18624,ASL-17-9-24-CP,Active,F ,500000.00,INE110O14DI0, ,Commercial Papers,-,-,-,-
727284,Axis Finance Limited,AFL180624,AFL-15-10-24-CP,Active,F ,500000.00,INE891K14NU7, ,Commercial Papers,-,-,-,-
727285,DMI Finance Private Limited,DFPL180624,DFPL-27-9-24-CP,Active,F ,500000.00,INE604O14072, ,Commercial Papers,-,-,-,-
727286,Reliance Retail Ventures Limited,RRVL19624,RRVL-18-9-24-CP,Active,F ,500000.00,INE929O14CA2, ,Commercial Papers,-,-,-,-
727287,HDFC Securities Limited,HSL19624,HSL-18-9-24-CP,Active,F ,500000.00,INE700G14KR0, ,Commercial Papers,-,-,-,-
727288,Redington Limited,RL190624,RL-17-9-24-CP,Active,F ,500000.00,INE891D14YU9, ,Commercial Papers,-,-,-,-
727289,Adani Enterprises Ltd.,AEL18624,AEL-17-9-24-CP,Active,F ,500000.00,INE423A14VF4, ,Commercial Papers,-,-,-,-
727290,Redington Limited,RL190624A,RL-18-9-24-CP,Active,F ,500000.00,INE891D14YT1, ,Commercial Papers,-,-,-,-
727291,SBICAP Securities Limited,SBIC180624,SBICAPSL-17-9-24-CP,Active,F ,500000.00,INE212K14700, ,Commercial Papers,-,-,-,-
727292,Time Technoplast Limited,TTL190624,TTL-18-12-24-CP,Active,F ,500000.00,INE508G14FZ0, ,Commercial Papers,-,-,-,-
727293,birla Group Holdings Private Limited,BGHP190624,BGHPL-18-9-24-CP,Active,F ,500000.00,INE09OL14FK9, ,Commercial Papers,-,-,-,-
727294,Axis Securities Limited,ASL19624,ASL-18-9-24-CP,Active,F ,500000.00,INE110O14DJ8, ,Commercial Papers,-,-,-,-
727295,SBICAP Securities Limited,SSL19624,SSL19624,Active,F ,500000.00,INE212K14718, ,Commercial Papers,-,-,-,-
727296,Axis Finance Limited,AFL190624,AFL190624,Active,F ,500000.00,INE891K14NV5, ,Commercial Papers,-,-,-,-
727297,ICICI HOME FINANCE COMPANY LIMITED,IHFC200624,IHFC200624,Active,F ,500000.00,INE071G14FQ8, ,Commercial Papers,-,-,-,-
727298,Tata Housing Development Company Limited,THDC190624,THDC190624,Active,F ,500000.00,INE582L14HN7, ,Commercial Papers,-,-,-,-
727299,Tata Realty and Infrastructure Limited,TRIL190624,TRIL190624,Active,F ,500000.00,INE371K14CD9, ,Commercial Papers,-,-,-,-
727300,HDFC Securities Limited,HSL20624,HSL20624,Active,F ,500000.00,INE700G14KQ2, ,Commercial Papers,-,-,-,-
727301,ICICI Securities Limited,ISL190624,ISL190624,Active,F ,500000.00,INE763G14UV9, ,Commercial Papers,-,-,-,-
727302,POONAWALLA FINCORP LIMITED,PFL19624,POONAWALLA FINCORP Ltd,Active,F ,500000.00,INE511C14WY1, ,Commercial Papers,-,-,-,-
727303,Axis Securities Limited,ASL200624,Axis Securities Ltd,Active,F ,500000.00,INE110O14DK6, ,Commercial Papers,-,-,-,-
727304,Navi Finserv Limited,NFL19624,Navi Finserv Ltd,Active,F ,500000.00,INE342T14BB7, ,Commercial Papers,-,-,-,-
727305,birla Group Holdings Private Limited,BGHP200624,birla Group Holdings Pvt Ltd,Active,F ,500000.00,INE09OL14FL7, ,Commercial Papers,-,-,-,-
727306,Reliance Jio Infocomm Limited,RJIL20624,Reliance Jio Infocomm Ltd,Active,F ,500000.00,INE110L14SD5, ,Commercial Papers,-,-,-,-
727307,Reliance Jio Infocomm Limited,RJI200624,Reliance Jio Infocomm Ltd,Active,F ,500000.00,INE110L14SC7, ,Commercial Papers,-,-,-,-
727308,Reliance Retail Ventures Limited,RRVL20624,Reliance Retail Ventures Ltd,Active,F ,500000.00,INE929O14BZ1, ,Commercial Papers,-,-,-,-
727309,Kirloskar Ferrous Industries Ltd.,KFIL20624,Kirloskar Ferrous Industries Ltd,Active,F ,500000.00,INE884B14549, ,Commercial Papers,-,-,-,-
727310,HDFC Securities Limited,HDFCS21624,HDFC Securities Ltd,Active,F ,500000.00,INE700G14KS8, ,Commercial Papers,-,-,-,-
727311,Motilal Oswal Financial Services Limited,MOFS200624,Motilal Oswal Financial Services Ltd,Active,F ,500000.00,INE338I14HS9, ,Commercial Papers,-,-,-,-
727312,Kotak Securities Limited,KSL210624,Kotak Securities Ltd,Active,F ,500000.00,INE028E14OI2, ,Commercial Papers,-,-,-,-
727313,KEC International Ltd.,KIL210624,KEC International Ltd,Active,F ,500000.00,INE389H14KJ7, ,Commercial Papers,-,-,-,-
727314,Infina Finance Private Limited,IFPL200624,Infina Finance Pvt Ltd,Active,F ,500000.00,INE879F14JG9, ,Commercial Papers,-,-,-,-
727315,Julius Baer Capital (India) Private Limited,JBC21624,Julius Baer Capital (India) Pvt Ltd,Active,F ,500000.00,INE824H14PP9, ,Commercial Papers,-,-,-,-
727316,Kotak Mahindra Prime Limited,KMPL21624,Kotak Mahindra Prime Ltd,Active,F ,500000.00,INE916D143M5, ,Commercial Papers,-,-,-,-
727317,SBICAP Securities Limited,SBIS200624,SBICAP Securities Ltd,Active,F ,500000.00,INE212K14734, ,Commercial Papers,-,-,-,-
727318,Bajaj Finance Limited,BFL20624,Bajaj Finance Ltd,Suspended,F ,500000.00,INE296A14YL6, ,Commercial Papers,-,-,-,-
727319,Infina Finance Private Limited,IFP200624,Infina Finance Pvt Ltd,Active,F ,500000.00,INE879F14JF1, ,Commercial Papers,-,-,-,-
727320,Adani Enterprises Ltd.,AEL20624,Adani Enterprises Ltd,Active,F ,500000.00,INE423A14VG2, ,Commercial Papers,-,-,-,-
727321,Axis Finance Limited,AFL200624,Axis Finance Ltd,Active,F ,500000.00,INE891K14NW3, ,Commercial Papers,-,-,-,-
727322,SBICAP Securities Limited,SSL21624,SBICAP Securities Ltd,Active,F ,500000.00,INE212K14726, ,Commercial Papers,-,-,-,-
727323,Century Textiles & Industries Ltd.,CTIL210624,Century Textiles & Industries Ltd,Suspended,F ,500000.00,INE055A14JU8, ,Commercial Papers,-,-,-,-
727324,L&T Metro Rail (Hyderabad) Limited,LTMR210624,L&T Metro Rail (Hyderabad) Ltd,Active,F ,500000.00,INE128M14894, ,Commercial Papers,-,-,-,-
727325,L&T Metro Rail (Hyderabad) Limited,LTM210624,L&T Metro Rail (Hyderabad) Ltd,Active,F ,500000.00,INE128M14902, ,Commercial Papers,-,-,-,-
727326,Larsen & Toubro Limited,LTL24624,Larsen & Toubro Ltd,Active,F ,500000.00,INE018A14KX8, ,Commercial Papers,-,-,-,-
727327,Manappuram Finance Limited,MFL210624,Manappuram Finance Ltd,Active,F ,500000.00,INE522D14OE5, ,Commercial Papers,-,-,-,-
727328,Manappuram Finance Limited,MFL210624A,Manappuram Finance Ltd,Active,F ,500000.00,INE522D14OD7, ,Commercial Papers,-,-,-,-
727329,ONGC Petro additions Limited.,OPAL210624,ONGC Petro additions Ltd,Active,F ,500000.00,INE163N14428, ,Commercial Papers,-,-,-,-
727330,Bajaj Financial Securities Limited,BFSL210624,Bajaj Financial Securities Ltd,Active,F ,500000.00,INE01C314908, ,Commercial Papers,-,-,-,-
727331,Avanse Financial Services Limited,AFSL210624,Avanse Financial Services Ltd,Active,F ,500000.00,INE087P14747, ,Commercial Papers,-,-,-,-
727332,POONAWALLA FINCORP LIMITED,PFL24624,POONAWALLA FINCORP Ltd,Active,F ,500000.00,INE511C14WZ8, ,Commercial Papers,-,-,-,-
727333,Bajaj Finance Limited,BFL24624,Bajaj Finance Ltd,Active,F ,500000.00,INE296A14YM4, ,Commercial Papers,-,-,-,-
727334,ICICI Securities Limited,ISL240624,ICICI Securities Ltd,Active,F ,500000.00,INE763G14UW7, ,Commercial Papers,-,-,-,-
727335,Adani Enterprises Ltd.,AEL24624,Adani Enterprises Ltd,Active,F ,500000.00,INE423A14VI8, ,Commercial Papers,-,-,-,-
727336,SBICAP Securities Limited,SSL240624,SBICAP Securities Ltd,Active,F ,500000.00,INE212K14759, ,Commercial Papers,-,-,-,-
727337,Nuvama Wealth Management Limited,NWML25624,Nuvama Wealth Management Ltd,Active,F ,500000.00,INE531F14EL7, ,Commercial Papers,-,-,-,-
727338,Redington Limited,RL250624,Redington Ltd,Suspended,F ,500000.00,INE891D14YV7, ,Commercial Papers,-,-,-,-
727339,Nuvama Wealth Management Limited,NWML25624A,Nuvama Wealth Management Ltd,Suspended,F ,500000.00,INE531F14EM5, ,Commercial Papers,-,-,-,-
727340,SBICAP Securities Limited,SSL25624,SBICAP Securities Ltd,Active,F ,500000.00,INE212K14742, ,Commercial Papers,-,-,-,-
727341,Indian Oil Corporation Ltd.,IOCL250624,Indian Oil Corporation Ltd,Active,F ,500000.00,INE242A14XK4, ,Commercial Papers,-,-,-,-
727342,Godrej Finance Limited,GFL260624,Godrej Finance Ltd,Active,F ,500000.00,INE02KN14309, ,Commercial Papers,-,-,-,-
727343,Tata Housing Development Company Limited,THDC250624,Tata Housing Development Company Ltd,Active,F ,500000.00,INE582L14HO5, ,Commercial Papers,-,-,-,-
727344,John Deere Financial India Private Limited,JDFIP26624,John Deere Financial India Pvt Ltd,Active,F ,500000.00,INE00V214098, ,Commercial Papers,-,-,-,-
727345,Kotak Mahindra Prime Limited,KMPL27624,Kotak Mahindra Prime Ltd,Suspended,F ,500000.00,INE916D143L7, ,Commercial Papers,-,-,-,-
727346,Avanse Financial Services Limited,AFSL26624,Avanse Financial Services Ltd,Active,F ,500000.00,INE087P14754, ,Commercial Papers,-,-,-,-
727347,ARKA FINCAP LIMITED,AFL260624,ARKA FINCAP Ltd,Active,F ,500000.00,INE03W114591, ,Commercial Papers,-,-,-,-
727348,IGH Holdings Private Limited,IHPL27624,IGH Holdings Pvt Ltd,Active,F ,500000.00,INE02FN14291, ,Commercial Papers,-,-,-,-
727349,STANDARD CHARTERED CAPITAL LIMITED,SCCL26624,STANDARD CHARTERED CAPITAL Ltd,Active,F ,500000.00,INE403G14SL7, ,Commercial Papers,-,-,-,-
727350,Navi Finserv Limited,NFL260624,Navi Finserv Ltd,Active,F ,500000.00,INE342T14BE1, ,Commercial Papers,-,-,-,-
727351,KALPATARU PROJECTS INTERNATIONAL LIMITED,KPIL260624,KALPATARU PROJECTS INTERNATIONAL Ltd,Active,F ,500000.00,INE220B14BD9, ,Commercial Papers,-,-,-,-
727352,Axis Finance Limited,AFL270624,Axis Finance Ltd,Suspended,F ,500000.00,INE891K14NY9, ,Commercial Papers,-,-,-,-
727353,Axis Finance Limited,AFL270624A,Axis Finance Ltd,Suspended,F ,500000.00,INE891K14NX1, ,Commercial Papers,-,-,-,-
727354,Network 18 Media & Investments Limited,N18MI27624,Network 18 Media & Investments Ltd,Active,F ,500000.00,INE870H14TA6, ,Commercial Papers,-,-,-,-
727355,Adani Enterprises Ltd.,AEL27624,Adani Enterprises Ltd,Active,F ,500000.00,INE423A14VJ6, ,Commercial Papers,-,-,-,-
727356,KEC International Ltd.,KECIL28624,KEC International Ltd,Active,F ,500000.00,INE389H14KK5, ,Commercial Papers,-,-,-,-
727357,Julius Baer Capital (India) Private Limited,JBCIP28624,Julius Baer Capital (India) Pvt Ltd,Active,F ,500000.00,INE824H14PQ7, ,Commercial Papers,-,-,-,-
727358,Axis Finance Limited,AFL28624,Axis Finance Ltd,Active,F ,500000.00,INE891K14OA7, ,Commercial Papers,-,-,-,-
727359,Axis Finance Limited,AFL28624A,Axis Finance Ltd,Active,F ,500000.00,INE891K14NZ6, ,Commercial Papers,-,-,-,-
727360,360 ONE WAM LIMITED,OWL27624,360 ONE WAM Ltd,Active,F ,500000.00,INE466L14DM4, ,Commercial Papers,-,-,-,-
727361,birla Group Holdings Private Limited,BGHPL28624,birla Group Holdings Pvt Ltd,Active,F ,500000.00,INE09OL14FM5, ,Commercial Papers,-,-,-,-
727362,Time Technoplast Limited,TTL280624,Time Technoplast Ltd,Active,F ,500000.00,INE508G14GB9, ,Commercial Papers,-,-,-,-
727363,HDFC Securities Limited,HSL28624,HDFC Securities Ltd,Active,F ,500000.00,INE700G14KT6, ,Commercial Papers,-,-,-,-
727364,HDFC Credila Financial Services Ltd,HCFS280624,HDFC Credila Financial Services Ltd,Active,F ,500000.00,INE539K14BO0, ,Commercial Papers,-,-,-,-
727365,ICICI Securities Limited,ISL28624,ICICI Securities Ltd,Active,F ,500000.00,INE763G14UX5, ,Commercial Papers,-,-,-,-
727366,Samunnati Financial Intermediation & Services Private Limited,SFIS280624,Samunnati Financial Intermediation & Services Pvt Ltd,Active,F ,500000.00,INE551U14197, ,Commercial Papers,-,-,-,-
727367,Samunnati Financial Intermediation & Services Private Limited,SFIP280624,Samunnati Financial Intermediation & Services Pvt Ltd,Active,F ,500000.00,INE551U14189, ,Commercial Papers,-,-,-,-
727368,Muthoot Capital Services Ltd.,MCSL280624,Muthoot Capital Services Ltd,Active,F ,500000.00,INE296G14297, ,Commercial Papers,-,-,-,-
727369,Bajaj Finance Limited,BFL280624,Bajaj Finance Ltd,Active,F ,500000.00,INE296A14YN2, ,Commercial Papers,-,-,-,-
727370,DMI Finance Private Limited,DFPL280624,DMI Finance Pvt Ltd,Active,F ,500000.00,INE604O14080, ,Commercial Papers,-,-,-,-
727371,VIVRITI CAPITAL LIMITED,VCL280624,VIVRITI CAPITAL Ltd,Suspended,F ,500000.00,INE01HV14490, ,Commercial Papers,-,-,-,-
727372,Nuvama Wealth Management Limited,NWML020724,Nuvama Wealth Management Ltd,Active,F ,500000.00,INE531F14EP8, ,Commercial Papers,-,-,-,-
727373,TATA STEEL LIMITED,TSL1724,TATA STEEL Ltd,Active,F ,500000.00,INE081A14EV3, ,Commercial Papers,-,-,-,-
727374,Julius Baer Capital (India) Private Limited,JBCPL2724,Julius Baer Capital (India) Pvt Ltd,Active,F ,500000.00,INE824H14PR5, ,Commercial Papers,-,-,-,-
727375,ICICI Securities Limited,ISEC2724,ICICI Securities Ltd,Active,F ,500000.00,INE763G14UY3, ,Commercial Papers,-,-,-,-
727376,ICICI Securities Limited,ISEC020724,ICICI Securities Ltd,Active,F ,500000.00,INE763G14UZ0, ,Commercial Papers,-,-,-,-
727377,Motilal Oswal Financial Services Limited,MOFS020724,Motilal Oswal Financial Services Ltd,Active,F ,500000.00,INE338I14HT7, ,Commercial Papers,-,-,-,-
727378,IndoStar Capital Finance Limited,ICF030724,IndoStar Capital Finance Ltd,Active,F ,500000.00,INE896L14DV3, ,Commercial Papers,-,-,-,-
727379,NLC Tamilnadu Power Limited,NLCTPL3724,NLC Tamilnadu Power Ltd,Active,F ,500000.00,INE05C614444, ,Commercial Papers,-,-,-,-
727380,Bajaj Finance Limited,BFL030724,Bajaj Finance Ltd,Active,F ,500000.00,INE296A14YO0, ,Commercial Papers,-,-,-,-
727381,Time Technoplast Limited,TTL5724,Time Technoplast Ltd,Active,F ,500000.00,INE508G14GD5, ,Commercial Papers,-,-,-,-
727382,ICICI Securities Limited,ISEC5724,ICICI Securities Ltd,Active,F ,500000.00,INE763G14VA1, ,Commercial Papers,-,-,-,-
727383,Kotak Mahindra Prime Limited,KMPL050724,Kotak Mahindra Prime Ltd,Suspended,F ,500000.00,INE916D143O1, ,Commercial Papers,-,-,-,-
727384,Kotak Mahindra Prime Limited,KMP050724A,Kotak Mahindra Prime Ltd,Suspended,F ,500000.00,INE916D143N3, ,Commercial Papers,-,-,-,-
727385,Adani Enterprises Ltd.,AEL050724,Adani Enterprises Ltd,Active,F ,500000.00,INE423A14VL2, ,Commercial Papers,-,-,-,-
727386,Adani Enterprises Ltd.,AEL050724A,Adani Enterprises Ltd,Active,F ,500000.00,INE423A14VK4, ,Commercial Papers,-,-,-,-
727387,Aditya Birla Housing Finance Limited,ABHF050724,Aditya Birla Housing Finance Ltd,Active,F ,500000.00,INE831R14DW5, ,Commercial Papers,-,-,-,-
727388,Kotak Securities Limited,KSL5724,Kotak Securities Ltd,Active,F ,500000.00,INE028E14OK8, ,Commercial Papers,-,-,-,-
727389,Kotak Securities Limited,KSL050724,Kotak Securities Ltd,Suspended,F ,500000.00,INE028E14OJ0, ,Commercial Papers,-,-,-,-
727390,Muthoottu Mini Financiers Limited,MMFL5724,Muthoottu Mini Financiers Ltd,Active,F ,500000.00,INE101Q14025, ,Commercial Papers,-,-,-,-
727391,Adani Ports and Special Economic Zone Ltd,APSEZL5724,Adani Ports and Special Economic Zone Ltd,Active,F ,500000.00,INE742F14QY7, ,Commercial Papers,-,-,-,-
727392,Infina Finance Private Limited,IFPL050724,Infina Finance Pvt Ltd,Suspended,F ,500000.00,INE879F14JH7, ,Commercial Papers,-,-,-,-
727393,National Bank for Agriculture and Rural Development,NBARD5724,National Bank for Agriculture and Rural Development,Active,F ,500000.00,INE261F14MA7, ,Commercial Papers,-,-,-,-
727394,STANDARD CHARTERED SECURITIES (INDIA) LIMITED,SCSIL5724,STANDARD CHARTERED SECURITIES (INDIA) Ltd,Active,F ,500000.00,INE472H14375, ,Commercial Papers,-,-,-,-
727395,HDFC Credila Financial Services Ltd,HDFCCF8724,HDFC Credila Financial Services Ltd,Active,F ,500000.00,INE539K14BP7, ,Commercial Papers,-,-,-,-
727396,ICICI Securities Limited,ISL080724,ICICI Securities Ltd,Active,F ,500000.00,INE763G14VB9, ,Commercial Papers,-,-,-,-
727397,Nuvama Wealth Management Limited,NWM080724,Nuvama Wealth Management Ltd,Active,F ,500000.00,INE531F14EI3, ,Commercial Papers,-,-,-,-
727398,TATA STEEL LIMITED,TSL080724,TATA STEEL Ltd,Suspended,F ,500000.00,INE081A14EW1, ,Commercial Papers,-,-,-,-
727399,Bajaj Finance Limited,BFL080724,Bajaj Finance Ltd,Active,F ,500000.00,INE296A14YP7, ,Commercial Papers,-,-,-,-
727400,Infina Finance Private Limited,IFPL9724,Infina Finance Pvt Ltd,Active,F ,500000.00,INE879F14JI5, ,Commercial Papers,-,-,-,-
727401,Adani Enterprises Ltd.,AEL9724,Adani Enterprises Ltd,Active,F ,500000.00,INE423A14VM0, ,Commercial Papers,-,-,-,-
727402,birla Group Holdings Private Limited,BGHPL10724,birla Group Holdings Pvt Ltd,Active,F ,500000.00,INE09OL14FN3, ,Commercial Papers,-,-,-,-
727403,ICICI Securities Primary Dealership Limited,ISECP10724,ICICI Securities Primary Dealership Ltd,Active,F ,500000.00,INE849D14HQ0, ,Commercial Papers,-,-,-,-
727404,Kotak Mahindra Prime Limited,KMPL100724,Kotak Mahindra Prime Ltd,Active,F ,500000.00,INE916D143P8, ,Commercial Papers,-,-,-,-
727405,Kotak Mahindra Prime Limited,KMP100724,Kotak Mahindra Prime Ltd,Active,F ,500000.00,INE916D143Q6, ,Commercial Papers,-,-,-,-
727406,National Bank for Agriculture and Rural Development,NABA100724,National Bank for Agriculture and Rural Development,Active,F ,500000.00,INE261F14MB5, ,Commercial Papers,-,-,-,-
727407,PVR INOX LIMITED,PIL100724,PVR INOX Ltd,Active,F ,500000.00,INE191H14504, ,Commercial Papers,-,-,-,-
727408,Indian Oil Corporation Ltd.,IOCL10724,Indian Oil Corporation Ltd,Active,F ,500000.00,INE242A14XL2, ,Commercial Papers,-,-,-,-
727409,Godrej Housing Finance Limited,GHFL100724,Godrej Housing Finance Ltd,Active,F ,500000.00,INE02JD14500, ,Commercial Papers,-,-,-,-
727410,The Ramco Cements Limited,TRCL11724,The Ramco Cements Ltd,Active,F ,500000.00,INE331A14NQ3, ,Commercial Papers,-,-,-,-
727411,Can Fin Homes Ltd.,CFHL100724,Can Fin Homes Ltd,Active,F ,500000.00,INE477A14CZ8, ,Commercial Papers,-,-,-,-
727412,DMI Finance Private Limited,DMIF100724,DMI Finance Pvt Ltd,Active,F ,500000.00,INE604O14098, ,Commercial Papers,-,-,-,-
727413,Godrej Housing Finance Limited,GHFL12724,Godrej Housing Finance Ltd,Active,F ,500000.00,INE02JD14492, ,Commercial Papers,-,-,-,-
727414,Network 18 Media & Investments Limited,N18MI12724,Network 18 Media & Investments Ltd,Active,F ,500000.00,INE870H14TB4, ,Commercial Papers,-,-,-,-
727415,Nuvama Wealth Finance Limited,NWFL12724,Nuvama Wealth Finance Ltd,Active,F ,500000.00,INE918K14BN8, ,Commercial Papers,-,-,-,-
727416,Reliance Retail Ventures Limited,RRVL110724,Reliance Retail Ventures Ltd,Active,F ,500000.00,INE929O14CB0, ,Commercial Papers,-,-,-,-
727417,STANDARD CHARTERED SECURITIES (INDIA) LIMITED,SCSL12724,STANDARD CHARTERED SECURITIES (INDIA) Ltd,Active,F ,500000.00,INE472H14383, ,Commercial Papers,-,-,-,-
727418,TV18 Broadcast Ltd.,TVB120724,TV18 Broadcast Ltd,Active,F ,500000.00,INE886H14JR7, ,Commercial Papers,-,-,-,-
727419,Adani Ports and Special Economic Zone Ltd,APSE120724,Adani Ports and Special Economic Zone Ltd,Active,F ,500000.00,INE742F14QZ4, ,Commercial Papers,-,-,-,-
727420,Navi Finserv Limited,NFL12724,Navi Finserv Ltd,Active,F ,500000.00,INE342T14BG6, ,Commercial Papers,-,-,-,-
727421,HDFC Securities Limited,HDFCS15724,HDFC Securities Ltd,Active,F ,500000.00,INE700G14KU4, ,Commercial Papers,-,-,-,-
727422,Axis Securities Limited,ASL15724,Axis Securities Ltd,Active,F ,500000.00,INE110O14DL4, ,Commercial Papers,-,-,-,-
727423,Nuvama Wealth Finance Limited,NWFL15724,Nuvama Wealth Finance Ltd,Active,F ,500000.00,INE918K14BO6, ,Commercial Papers,-,-,-,-
727424,Nuvama Wealth Finance Limited,NWFL15724A,Nuvama Wealth Finance Ltd,Active,F ,500000.00,INE918K14BP3, ,Commercial Papers,-,-,-,-
727425,APL Apollo Tubes Limited,AAT150724,APL Apollo Tubes Ltd,Active,F ,500000.00,INE702C14BZ7, ,Commercial Papers,-,-,-,-
727426,Fedbank Financial Services Limited,FFSL120724,FFSL-21-2-25-CP,Active,F ,500000.00,INE007N14DT7, ,Commercial Papers,-,-,-,-
727427,Tata Realty and Infrastructure Limited,TRIL15724,Tata Realty and Infrastructure Ltd,Active,F ,500000.00,INE371K14CE7, ,Commercial Papers,-,-,-,-
727428,IndoStar Capital Finance Limited,ICFL15724,IndoStar Capital Finance Ltd,Active,F ,500000.00,INE896L14DW1, ,Commercial Papers,-,-,-,-
727429,Bajaj Finance Limited,BFL15724,Bajaj Finance Ltd,Active,F ,500000.00,INE296A14YQ5, ,Commercial Papers,-,-,-,-
727430,ICICI Securities Limited,ISEC15724,ICICI Securities Ltd,Active,F ,500000.00,INE763G14VC7, ,Commercial Papers,-,-,-,-
727431,Kotak Securities Limited,KSL16724,Kotak Securities Ltd,Active,F ,500000.00,INE028E14OL6, ,Commercial Papers,-,-,-,-
727432,IGH Holdings Private Limited,IGHHP16724,IGH Holdings Pvt Ltd,Active,F ,500000.00,INE02FN14309, ,Commercial Papers,-,-,-,-
727433,Titan Company Limited,TCL15724,Titan Company Ltd,Active,F ,500000.00,INE280A14351, ,Commercial Papers,-,-,-,-
727434,CNH Industrial Capital (India) Private Limited,CNH150724,CNH Industrial Capital (India) Pvt Ltd,Active,F ,500000.00,INE0P4D14069, ,Commercial Papers,-,-,-,-
727435,HDFC Securities Limited,HSL16724,HDFC Securities Ltd,Active,F ,500000.00,INE700G14KV2, ,Commercial Papers,-,-,-,-
727436,Network 18 Media & Investments Limited,NMIL1572,Network 18 Media & Investments Ltd,Active,F ,500000.00,INE870H14TC2, ,Commercial Papers,-,-,-,-
727437,TATA STEEL LIMITED,TSL15724,TATA STEEL Ltd,Active,F ,500000.00,INE081A14EY7, ,Commercial Papers,-,-,-,-
727438,TATA STEEL LIMITED,TSL150724,TATA STEEL Ltd,Active,F ,500000.00,INE081A14EX9, ,Commercial Papers,-,-,-,-
727439,KALPATARU PROJECTS INTERNATIONAL LIMITED,KPIL160724,KALPATARU PROJECTS INTERNATIONAL Ltd,Active,F ,500000.00,INE220B14BE7, ,Commercial Papers,-,-,-,-
727440,National Bank for Agriculture and Rural Development,NBAR160724,National Bank for Agriculture and Rural Development,Active,F ,500000.00,INE261F14MC3, ,Commercial Papers,-,-,-,-
727441,Bajaj Finance Limited,BFL16724,Bajaj Finance Ltd,Active,F ,500000.00,INE296A14YT9, ,Commercial Papers,-,-,-,-
727442,Bajaj Finance Limited,BFL160724,Bajaj Finance Ltd,Active,F ,500000.00,INE296A14YR3, ,Commercial Papers,-,-,-,-
727443,360 ONE Prime Limited,OPL160724,360 ONE Prime Ltd,Active,F ,500000.00,INE248U14PV2, ,Commercial Papers,-,-,-,-
727444,Adani Enterprises Ltd.,AEL16724,Adani Enterprises Ltd,Active,F ,500000.00,INE423A14VN8, ,Commercial Papers,-,-,-,-
727445,Mirae Asset Capital Markets (India) Private Limited,MACMI16724,Mirae Asset Capital Markets (India) Pvt Ltd,Suspended,F ,500000.00,INE0T2V14046, ,Commercial Papers,-,-,-,-
727446,ARKA FINCAP LIMITED,AFL16724,ARKA FINCAP Ltd,Active,F ,500000.00,INE03W114609, ,Commercial Papers,-,-,-,-
727447,STANDARD CHARTERED SECURITIES (INDIA) LIMITED,SCSIP16724,STANDARD CHARTERED SECURITIES (INDIA) Ltd,Active,F ,500000.00,INE472H14391, ,Commercial Papers,-,-,-,-
727448,APL Apollo Tubes Limited,APLAT16724,APL Apollo Tubes Ltd,Active,F ,500000.00,INE702C14CB6, ,Commercial Papers,-,-,-,-
727449,ICICI HOME FINANCE COMPANY LIMITED,IHFCL18724,ICICI HOME FINANCE COMPANY Ltd,Active,F ,500000.00,INE071G14FR6, ,Commercial Papers,-,-,-,-
727450,Larsen & Toubro Limited,LTL18724,Larsen & Toubro Ltd,Active,F ,500000.00,INE018A14KY6, ,Commercial Papers,-,-,-,-
727451,The Ramco Cements Limited,TRCL18724,The Ramco Cements Ltd,Active,F ,500000.00,INE331A14NS9, ,Commercial Papers,-,-,-,-
727452,SBICAP Securities Limited,SSL18724,SBICAP Securities Ltd,Active,F ,500000.00,INE212K14767, ,Commercial Papers,-,-,-,-
727453,Century Textiles & Industries Ltd.,CTIL180724,Century Textiles & Industries Ltd,Active,F ,500000.00,INE055A14JV6, ,Commercial Papers,-,-,-,-
727454,Kotak Securities Limited,KSL19724,Kotak Securities Ltd,Active,F ,500000.00,INE028E14OM4, ,Commercial Papers,-,-,-,-
727455,Navi Finserv Limited,NFL180724,Navi Finserv Ltd,Active,F ,500000.00,INE342T14BH4, ,Commercial Papers,-,-,-,-
727456,Motilal Oswal Financial Services Limited,MOFSL18724,Motilal Oswal Financial Services Ltd,Active,F ,500000.00,INE338I14HU5, ,Commercial Papers,-,-,-,-
727457,Time Technoplast Limited,TTL19724,Time Technoplast Ltd,Active,F ,500000.00,INE508G14GF0, ,Commercial Papers,-,-,-,-
727458,HDFC Securities Limited,HSL19724,HDFC Securities Ltd,Active,F ,500000.00,INE700G14KW0, ,Commercial Papers,-,-,-,-
727459,Muthoot Homefin (India) Limited,MHIL19724,Muthoot Homefin (India) Ltd,Active,F ,500000.00,INE652X14411, ,Commercial Papers,-,-,-,-
727460,Bajaj Finance Limited,BFL18724,Bajaj Finance Ltd,Active,F ,500000.00,INE296A14YU7, ,Commercial Papers,-,-,-,-
727461,Bajaj Finance Limited,BFL18724A,Bajaj Finance Ltd,Active,F ,500000.00,INE296A14YS1, ,Commercial Papers,-,-,-,-
727462,GIC Housing Finance Ltd.,GHFL190724,GIC Housing Finance Ltd,Active,F ,500000.00,INE289B14IZ2, ,Commercial Papers,-,-,-,-
727463,UGRO CAPITAL LIMITED,UCL19724,UGRO CAPITAL Ltd,Active,F ,500000.00,INE583D14410, ,Commercial Papers,-,-,-,-
727464,National Bank for Agriculture and Rural Development,NBARD19724,National Bank for Agriculture and Rural Development,Suspended,F ,500000.00,INE261F14MD1, ,Commercial Papers,-,-,-,-
727465,POONAWALLA FINCORP LIMITED,PFL19724,POONAWALLA FINCORP Ltd,Active,F ,500000.00,INE511C14XA9, ,Commercial Papers,-,-,-,-
727466,Aditya Birla Housing Finance Limited,ABHFL19724,Aditya Birla Housing Finance Ltd,Active,F ,500000.00,INE831R14DX3, ,Commercial Papers,-,-,-,-
727467,Bajaj Finance Limited,BFL19724,Bajaj Finance Ltd,Active,F ,500000.00,INE296A14YW3, ,Commercial Papers,-,-,-,-
727468,MUTHOOT FINCORP LIMITED,MFL190724,MUTHOOT FINCORP Ltd,Active,F ,500000.00,INE549K14BP6, ,Commercial Papers,-,-,-,-
727469,Axis Securities Limited,ASL190724,Axis Securities Ltd,Active,F ,500000.00,INE110O14DM2, ,Commercial Papers,-,-,-,-
727470,The Ramco Cements Limited,RCL190724,The Ramco Cements Ltd,Active,F ,500000.00,INE331A14NR1, ,Commercial Papers,-,-,-,-
727471,Bajaj Financial Securities Limited,BFSL190724,Bajaj Financial Securities Ltd,Active,F ,500000.00,INE01C314932, ,Commercial Papers,-,-,-,-
727472,Kotak Securities Limited,KSL220724,Kotak Securities Ltd,Active,F ,500000.00,INE028E14ON2, ,Commercial Papers,-,-,-,-
727473,Nuvama Wealth Finance Limited,NWFL22724,Nuvama Wealth Finance Ltd,Active,F ,500000.00,INE918K14BQ1, ,Commercial Papers,-,-,-,-
727474,DMI Finance Private Limited,DFP190724,DMI Finance Pvt Ltd,Active,F ,500000.00,INE604O14106, ,Commercial Papers,-,-,-,-
727475,HDFC Securities Limited,HSL230724,HDFC Securities Ltd,Active,F ,500000.00,INE700G14KX8, ,Commercial Papers,-,-,-,-
727476,Aditya Birla Fashion and Retail Limited,ABFRL23724,Aditya Birla Fashion and Retail Ltd,Active,F ,500000.00,INE647O14FG0, ,Commercial Papers,-,-,-,-
727477,Himadri Speciality Chemical Ltd.,HSCL22724,Himadri Speciality Chemical Ltd,Active,F ,500000.00,INE019C14607, ,Commercial Papers,-,-,-,-
727478,Bajaj Finance Limited,BFL22724,Bajaj Finance Ltd,Active,F ,500000.00,INE296A14YV5, ,Commercial Papers,-,-,-,-
727479,Nuvama Wealth Finance Limited,NWFL23724,Nuvama Wealth Finance Ltd,Active,F ,500000.00,INE918K14BR9, ,Commercial Papers,-,-,-,-
727480,ICICI HOME FINANCE COMPANY LIMITED,IHFCL23724,ICICI HOME FINANCE COMPANY Ltd,Active,F ,500000.00,INE071G14FS4, ,Commercial Papers,-,-,-,-
727481,ARKA FINCAP LIMITED,AFL230724,ARKA FINCAP Ltd,Active,F ,500000.00,INE03W114617, ,Commercial Papers,-,-,-,-
727482,ARKA FINCAP LIMITED,AFL230724A,ARKA FINCAP Ltd,Active,F ,500000.00,INE03W114633, ,Commercial Papers,-,-,-,-
727483,ARKA FINCAP LIMITED,AFL230724B,ARKA FINCAP Ltd,Active,F ,500000.00,INE03W114625, ,Commercial Papers,-,-,-,-
727484,E.I.D. Parry (India) Ltd.,EID230724,EID Parry (India) Ltd,Active,F ,500000.00,INE126A14EH5, ,Commercial Papers,-,-,-,-
727485,Bajaj Finance Limited,BFL23724,Bajaj Finance Ltd,Active,F ,500000.00,INE296A14YX1, ,Commercial Papers,-,-,-,-
727486,HDFC Securities Limited,HDFCS24724,HDFC Securities Ltd,Active,F ,500000.00,INE700G14KY6, ,Commercial Papers,-,-,-,-
727487,Fedbank Financial Services Limited,FFSL230724,Fedbank Financial Services Ltd,Active,F ,500000.00,INE007N14DU5, ,Commercial Papers,-,-,-,-
727488,Muthoot Capital Services Ltd.,MCSL230724,Muthoot Capital Services Ltd,Active,F ,500000.00,INE296G14313, ,Commercial Papers,-,-,-,-
727489,Bajaj Financial Securities Limited,BFSL23724,Bajaj Financial Securities Ltd,Active,F ,500000.00,INE01C314940, ,Commercial Papers,-,-,-,-
727490,SBICAP Securities Limited,SSL23724,SBICAP Securities Ltd,Active,F ,500000.00,INE212K14783, ,Commercial Papers,-,-,-,-
727491,Kotak Securities Limited,KSL240724,Kotak Securities Ltd,Active,F ,500000.00,INE028E14OP7, ,Commercial Papers,-,-,-,-
727492,Kotak Securities Limited,KSL240724A,Kotak Securities Ltd,Active,F ,500000.00,INE028E14OO0, ,Commercial Papers,-,-,-,-
727493,SBICAP Securities Limited,SBICS24724,SBICAP Securities Ltd,Active,F ,500000.00,INE212K14775, ,Commercial Papers,-,-,-,-
727494,IndoStar Capital Finance Limited,ISCFL23724,IndoStar Capital Finance Ltd,Active,F ,500000.00,INE896L14DX9, ,Commercial Papers,-,-,-,-
727495,Reliance Retail Ventures Limited,RRVL24724,Reliance Retail Ventures Ltd,Active,F ,500000.00,INE929O14CC8, ,Commercial Papers,-,-,-,-
727496,NLC Tamilnadu Power Limited,NTPL25724,NLC Tamilnadu Power Ltd,Active,F ,500000.00,INE05C614451, ,Commercial Papers,-,-,-,-
727497,Axis Securities Limited,ASL24724,Axis Securities Ltd,Active,F ,500000.00,INE110O14DN0, ,Commercial Papers,-,-,-,-
727498,Axis Securities Limited,ASL25724,Axis Securities Ltd,Active,F ,500000.00,INE110O14DP5, ,Commercial Papers,-,-,-,-
727499,Adani Enterprises Ltd.,AEL240724,Adani Enterprises Ltd,Active,F ,500000.00,INE423A14VP3, ,Commercial Papers,-,-,-,-
727500,Navi Finserv Limited,NFL24724,Navi Finserv Ltd,Active,F ,500000.00,INE342T14BK8, ,Commercial Papers,-,-,-,-
727501,HDFC Securities Limited,HSL250724,HDFC Securities Ltd,Active,F ,500000.00,INE700G14KZ3, ,Commercial Papers,-,-,-,-
727502,IGH Holdings Private Limited,IGHHP25724,IGH Holdings Pvt Ltd,Active,F ,500000.00,INE02FN14317, ,Commercial Papers,-,-,-,-
727503,Bajaj Financial Securities Limited,BFSL24724,Bajaj Financial Securities Ltd,Active,F ,500000.00,INE01C314924, ,Commercial Papers,-,-,-,-
727504,NeoGrowth Credit Private Limited,NCPL240724,NeoGrowth Credit Pvt Ltd,Active,F ,500000.00,INE814O14069, ,Commercial Papers,-,-,-,-
727505,Bajaj Financial Securities Limited,BFSL25724,Bajaj Financial Securities Ltd,Active,F ,500000.00,INE01C314916, ,Commercial Papers,-,-,-,-
727506,Adani Enterprises Ltd.,AEL25724,Adani Enterprises Ltd,Active,F ,500000.00,INE423A14VR9, ,Commercial Papers,-,-,-,-
727507,CaratLane Trading Private Limited,CTPL25724,CaratLane Trading Pvt Ltd,Active,F ,500000.00,INE015Y14567, ,Commercial Papers,-,-,-,-
727508,HDFC Securities Limited,HDFCS26724,HDFC Securities Ltd,Active,F ,500000.00,INE700G14LB2, ,Commercial Papers,-,-,-,-
727509,Navi Finserv Limited,NFL250724,Navi Finserv Ltd,Active,F ,500000.00,INE342T14BL6, ,Commercial Papers,-,-,-,-
727510,SBICAP Securities Limited,SBICS26724,SBICAP Securities Ltd,Active,F ,500000.00,INE212K14791, ,Commercial Papers,-,-,-,-
727511,birla Group Holdings Private Limited,BGHP260724,birla Group Holdings Pvt Ltd,Active,F ,500000.00,INE09OL14FO1, ,Commercial Papers,-,-,-,-
727512,ONGC Petro additions Limited.,OPA250724,ONGC Petro additions Ltd,Active,F ,500000.00,INE163N14436, ,Commercial Papers,-,-,-,-
727513,Axis Securities Limited,ASL260724,Axis Securities Ltd,Active,F ,500000.00,INE110O14DO8, ,Commercial Papers,-,-,-,-
727514,Redington Limited,RL260724,Redington Ltd,Active,F ,500000.00,INE891D14YW5, ,Commercial Papers,-,-,-,-
727515,Redington Limited,RL260724A,Redington Ltd,Active,F ,500000.00,INE891D14YX3, ,Commercial Papers,-,-,-,-
727516,IndoStar Capital Finance Limited,ICFL250724,ICFL-24-10-24-CP,Active,F ,500000.00,INE896L14DY7, ,Commercial Papers,-,-,-,-
727517,Jamnagar Utilities & Power Private Limited,JUPP260724,Jamnagar Utilities & Power Pvt Ltd,Active,F ,500000.00,INE936D14337, ,Commercial Papers,-,-,-,-
727518,Can Fin Homes Ltd.,CFHL260724,Can Fin Homes Ltd,Active,F ,500000.00,INE477A14DA9, ,Commercial Papers,-,-,-,-
727519,CNH Industrial Capital (India) Private Limited,CICP260724,CNH Industrial Capital (India) Pvt Ltd,Active,F ,500000.00,INE0P4D14077, ,Commercial Papers,-,-,-,-
727520,Network 18 Media & Investments Limited,NMIL290724,Network 18 Media & Investments Ltd,Active,F ,500000.00,INE870H14TF5, ,Commercial Papers,-,-,-,-
727521,J.K. CEMENT LTD,JKCL260724,JK CEMENT LTD,Active,F ,500000.00,INE823G14AC3, ,Commercial Papers,-,-,-,-
727522,SBICAP Securities Limited,SSL290724,SBICAP Securities Ltd,Active,F ,500000.00,INE212K14817, ,Commercial Papers,-,-,-,-
727523,J.K. CEMENT LTD,JKCL26724,JK CEMENT LTD,Active,F ,500000.00,INE823G14AB5, ,Commercial Papers,-,-,-,-
727524,Motilal Oswal Financial Services Limited,MOFSL26724,Motilal Oswal Financial Services Ltd,Active,F ,500000.00,INE338I14HV3, ,Commercial Papers,-,-,-,-
727525,TV18 Broadcast Ltd.,TV18B29724,TV18 Broadcast Ltd,Active,F ,500000.00,INE886H14JS5, ,Commercial Papers,-,-,-,-
727526,Indian Oil Corporation Ltd.,IOCL29724,Indian Oil Corporation Ltd,Active,F ,500000.00,INE242A14XM0, ,Commercial Papers,-,-,-,-
727527,Tata Housing Development Company Limited,THDCL29724,Tata Housing Development Company Ltd,Active,F ,500000.00,INE582L14HP2, ,Commercial Papers,-,-,-,-
727528,BOBCARD LIMITED,BOBC290724,BOBCARD Ltd,Active,F ,500000.00,INE027214654, ,Commercial Papers,-,-,-,-
727529,Axis Finance Limited,AFL300724,Axis Finance Ltd,Active,F ,500000.00,INE891K14OB5, ,Commercial Papers,-,-,-,-
727530,ARKA FINCAP LIMITED,AFL30724,ARKA FINCAP Ltd,Active,F ,500000.00,INE03W114641, ,Commercial Papers,-,-,-,-
727531,IndoStar Capital Finance Limited,ICFL300724,IndoStar Capital Finance Ltd,Active,F ,500000.00,INE896L14DZ4, ,Commercial Papers,-,-,-,-
727532,KEC International Ltd.,KEC30724,KEC International Ltd,Active,F ,500000.00,INE389H14KL3, ,Commercial Papers,-,-,-,-
727533,Adani Enterprises Ltd.,AEL29724,Adani Enterprises Ltd,Active,F ,500000.00,INE423A14VS7, ,Commercial Papers,-,-,-,-
727534,Mirae Asset Financial Services (India) Private Limited,MAFS300724,Mirae Asset Financial Services (India) Pvt Ltd,Active,F ,500000.00,INE0JRU14016, ,Commercial Papers,-,-,-,-
727535,Navi Finserv Limited,NFL300724,Navi Finserv Ltd,Active,F ,500000.00,INE342T14BN2, ,Commercial Papers,-,-,-,-
727536,ICICI Securities Limited,ISL300724,ICICI Securities Ltd,Active,F ,500000.00,INE763G14VF0, ,Commercial Papers,-,-,-,-
727537,ICICI Securities Limited,ISL30724,ICICI Securities Ltd,Active,F ,500000.00,INE763G14VE3, ,Commercial Papers,-,-,-,-
727538,Julius Baer Capital (India) Private Limited,JBC300724,Julius Baer Capital (India) Pvt Ltd,Active,F ,500000.00,INE824H14PS3, ,Commercial Papers,-,-,-,-
727539,ICICI HOME FINANCE COMPANY LIMITED,IHFC310724,ICICI HOME FINANCE COMPANY Ltd,Active,F ,500000.00,INE071G14FT2, ,Commercial Papers,-,-,-,-
727540,UGRO CAPITAL LIMITED,UCL300724,UGRO CAPITAL Ltd,Active,F ,500000.00,INE583D14436, ,Commercial Papers,-,-,-,-
727541,UGRO CAPITAL LIMITED,UCL300724A,UGRO CAPITAL Ltd,Active,F ,500000.00,INE583D14428, ,Commercial Papers,-,-,-,-
727542,Motilal Oswal Financial Services Limited,MOFS300724,Motilal Oswal Financial Services Ltd,Active,F ,500000.00,INE338I14HW1, ,Commercial Papers,-,-,-,-
727543,SBICAP Securities Limited,SSL30724,SBICAP Securities Ltd,Active,F ,500000.00,INE212K14825, ,Commercial Papers,-,-,-,-
727544,HDFC Securities Limited,HSL30724,HDFC Securities Ltd,Active,F ,500000.00,INE700G14LA4, ,Commercial Papers,-,-,-,-
727545,Network 18 Media & Investments Limited,NMI310724,Network 18 Media & Investments Ltd,Active,F ,500000.00,INE870H14TE8, ,Commercial Papers,-,-,-,-
727546,Capri Global Capital Limited,CGCL310724,Capri Global Capital Ltd,Active,F ,500000.00,INE180C14219, ,Commercial Papers,-,-,-,-
727547,CNH Industrial Capital (India) Private Limited,CNH310724,CNH Industrial Capital (India) Pvt Ltd,Active,F ,500000.00,INE0P4D14085, ,Commercial Papers,-,-,-,-
727548,Manappuram Finance Limited,MFL310724,Manappuram Finance Ltd,Active,F ,500000.00,INE522D14OG0, ,Commercial Papers,-,-,-,-
727549,Can Fin Homes Ltd.,CFHL310724,Can Fin Homes Ltd,Active,F ,500000.00,INE477A14DB7, ,Commercial Papers,-,-,-,-
727550,Hindustan Media Ventures Limited,HMVL310724,Hindustan Media Ventures Ltd,Active,F ,500000.00,INE871K14414, ,Commercial Papers,-,-,-,-
727551,Kotak Securities Limited,KSL010824,Kotak Securities Ltd,Active,F ,500000.00,INE028E14OQ5, ,Commercial Papers,-,-,-,-
727552,Kotak Mahindra Prime Limited,KMPL010824,Kotak Mahindra Prime Ltd,Suspended,F ,500000.00,INE916D143R4, ,Commercial Papers,-,-,-,-
727553,Network 18 Media & Investments Limited,NMIL310724,Network 18 Media & Investments Ltd,Active,F ,500000.00,INE870H14TD0, ,Commercial Papers,-,-,-,-
727554,IndoStar Capital Finance Limited,ICFL310724,IndoStar Capital Finance Ltd,Active,F ,500000.00,INE896L14EA5, ,Commercial Papers,-,-,-,-
727555,NUVAMA CLEARING SERVICES LIMITED,NCS010824,NUVAMA CLEARING SERVICES Ltd,Active,F ,500000.00,INE525L14026, ,Commercial Papers,-,-,-,-
727556,Kotak Mahindra Investments Limited,KMIL010824,Kotak Mahindra Investments Ltd,Suspended,F ,500000.00,INE975F14ZK3, ,Commercial Papers,-,-,-,-
727557,Redington Limited,RL020824,Redington Ltd,Active,F ,500000.00,INE891D14YY1, ,Commercial Papers,-,-,-,-
727558,SEIL Energy India Limited,SEIL020824,SEIL Energy India Ltd,Active,F ,500000.00,INE460M14651, ,Commercial Papers,-,-,-,-
727559,HT Media Ltd,HTML10824,HT Media Ltd,Active,F ,500000.00,INE501G14DV9, ,Commercial Papers,-,-,-,-
727560,360 ONE WAM LIMITED,360O020824,360 ONE WAM Ltd,Active,F ,500000.00,INE466L14DQ5, ,Commercial Papers,-,-,-,-
727561,GIC Housing Finance Ltd.,GICH050824,GIC Housing Finance Ltd,Active,F ,500000.00,INE289B14JA3, ,Commercial Papers,-,-,-,-
727562,360 ONE Prime Limited,OPL020824,360 ONE Prime Ltd,Active,F ,500000.00,INE248U14PX8, ,Commercial Papers,-,-,-,-
727563,Kotak Securities Limited,KSL060824,Kotak Securities Ltd,Active,F ,500000.00,INE028E14OS1, ,Commercial Papers,-,-,-,-
727564,Kotak Securities Limited,KSL060824A,Kotak Securities Ltd,Active,F ,500000.00,INE028E14OR3, ,Commercial Papers,-,-,-,-
727565,Network 18 Media & Investments Limited,NMIL060824,Network 18 Media & Investments Ltd,Active,F ,500000.00,INE870H14TG3, ,Commercial Papers,-,-,-,-
727566,Reliance Industries Ltd,RIL6824,Reliance Industries Ltd,Active,F ,500000.00,INE002A14KR4, ,Commercial Papers,-,-,-,-
727567,Reliance Industries Ltd,RIL60824,Reliance Industries Ltd,Active,F ,500000.00,INE002A14KQ6, ,Commercial Papers,-,-,-,-
727568,ICICI HOME FINANCE COMPANY LIMITED,IHFC6824,ICICI HOME FINANCE COMPANY Ltd,Active,F ,500000.00,INE071G14FU0, ,Commercial Papers,-,-,-,-
727569,Navi Finserv Limited,NFL5824,Navi Finserv Ltd,Active,F ,500000.00,INE342T14BP7, ,Commercial Papers,-,-,-,-
727570,Navi Finserv Limited,NFL50824,NFL-31-3-25-CP,Active,F ,500000.00,INE342T14BQ5, ,Commercial Papers,-,-,-,-
727571,Motilal Oswal Financial Services Limited,MOFS060824,Motilal Oswal Financial Services Ltd,Active,F ,500000.00,INE338I14HX9, ,Commercial Papers,-,-,-,-
727572,Motilal Oswal Financial Services Limited,MOFS60824,Motilal Oswal Financial Services Ltd,Active,F ,500000.00,INE338I14HZ4, ,Commercial Papers,-,-,-,-
727573,Motilal Oswal Financial Services Limited,MOFS06824,Motilal Oswal Financial Services Ltd,Active,F ,500000.00,INE338I14HY7, ,Commercial Papers,-,-,-,-
727574,STANDARD CHARTERED SECURITIES (INDIA) LIMITED,SCSL060824,STANDARD CHARTERED SECURITIES (INDIA) Ltd,Active,F ,500000.00,INE472H14409, ,Commercial Papers,-,-,-,-
727575,Indian Oil Corporation Ltd.,IOCL6824,Indian Oil Corporation Ltd,Active,F ,500000.00,INE242A14XN8, ,Commercial Papers,-,-,-,-
727576,Bajaj Financial Securities Limited,BFSL6824,Bajaj Financial Securities Ltd,Active,F ,500000.00,INE01C314957, ,Commercial Papers,-,-,-,-
727577,birla Group Holdings Private Limited,BGHP060824,birla Group Holdings Pvt Ltd,Active,F ,500000.00,INE09OL14FP8, ,Commercial Papers,-,-,-,-
727578,Time Technoplast Limited,TTL070824,Time Technoplast Ltd,Active,F ,500000.00,INE508G14GK0, ,Commercial Papers,-,-,-,-
727579,IndoStar Capital Finance Limited,ICFL060824,IndoStar Capital Finance Ltd,Active,F ,500000.00,INE896L14EB3, ,Commercial Papers,-,-,-,-
727580,Dalmia Cement (Bharat) Limited,DCBL070824,Dalmia Cement (Bharat) Ltd,Active,F ,500000.00,INE755K14EW9, ,Commercial Papers,-,-,-,-
727581,Bajaj Financial Securities Limited,BFSL070824,Bajaj Financial Securities Ltd,Active,F ,500000.00,INE01C314965, ,Commercial Papers,-,-,-,-
727582,Infina Finance Private Limited,IFPL070824,Infina Finance Pvt Ltd,Active,F ,500000.00,INE879F14JJ3, ,Commercial Papers,-,-,-,-
727583,Tata Realty and Infrastructure Limited,TRIL70824,Tata Realty and Infrastructure Ltd,Active,F ,500000.00,INE371K14CF4, ,Commercial Papers,-,-,-,-
727584,Infina Finance Private Limited,IFPL70824,Infina Finance Pvt Ltd,Active,F ,500000.00,INE879F14JK1, ,Commercial Papers,-,-,-,-
727585,ICICI Securities Limited,ISL080824,ICICI Securities Ltd,Active,F ,500000.00,INE763G14VG8, ,Commercial Papers,-,-,-,-
727586,Bajaj Financial Securities Limited,BFSL80824,Bajaj Financial Securities Ltd,Active,F ,500000.00,INE01C314973, ,Commercial Papers,-,-,-,-
727587,Bajaj Financial Securities Limited,BFSL080824,Bajaj Financial Securities Ltd,Active,F ,500000.00,INE01C314981, ,Commercial Papers,-,-,-,-
727588,Godrej Housing Finance Limited,GHFL9824,Godrej Housing Finance Ltd,Active,F ,500000.00,INE02JD14526, ,Commercial Papers,-,-,-,-
727589,ICICI Securities Limited,ISL090824,ICICI Securities Ltd,Active,F ,500000.00,INE763G14VH6, ,Commercial Papers,-,-,-,-
727590,Godrej Housing Finance Limited,GHFL80824,Godrej Housing Finance Ltd,Active,F ,500000.00,INE02JD14518, ,Commercial Papers,-,-,-,-
727591,IndoStar Capital Finance Limited,ICFL080824,IndoStar Capital Finance Ltd,Active,F ,500000.00,INE896L14EC1, ,Commercial Papers,-,-,-,-
727592,Network 18 Media & Investments Limited,NMIL9824,Network 18 Media & Investments Ltd,Active,F ,500000.00,INE870H14TH1, ,Commercial Papers,-,-,-,-
727593,360 ONE Prime Limited,OPL80824,360 ONE Prime Ltd,Active,F ,500000.00,INE248U14PY6, ,Commercial Papers,-,-,-,-
727594,SIKKA PORTS & TERMINALS LTD,SPTL080824,SIKKA PORTS & TERMINALS LTD,Active,F ,500000.00,INE941D14592, ,Commercial Papers,-,-,-,-
727595,Adani Enterprises Ltd.,AEL80824,Adani Enterprises Ltd,Active,F ,500000.00,INE423A14VU3, ,Commercial Papers,-,-,-,-
727596,Kotak Securities Limited,KSL090824,Kotak Securities Ltd,Active,F ,500000.00,INE028E14OT9, ,Commercial Papers,-,-,-,-
727597,Godrej Finance Limited,GFL090824,Godrej Finance Ltd,Active,F ,500000.00,INE02KN14317, ,Commercial Papers,-,-,-,-
727598,HDFC Securities Limited,HSL090824,HDFC Securities Ltd,Active,F ,500000.00,INE700G14LC0, ,Commercial Papers,-,-,-,-
727599,Tata Power Co. Ltd,TPCL090824,Tata Power Co Ltd,Active,F ,500000.00,INE245A14JQ3, ,Commercial Papers,-,-,-,-
727600,Bombay Burmah Trading Corpn. Ltd.,BBTC090824,Bombay Burmah Trading Corpn Ltd,Active,F ,500000.00,INE050A14770, ,Commercial Papers,-,-,-,-
727601,SBICAP Securities Limited,SBIS120824,SBICAP Securities Ltd,Active,F ,500000.00,INE212K14841, ,Commercial Papers,-,-,-,-
727602,SBICAP Securities Limited,SBIS090824,SBICAP Securities Ltd,Active,F ,500000.00,INE212K14833, ,Commercial Papers,-,-,-,-
727603,Motilal Oswal Financial Services Limited,MOFSL9824,Motilal Oswal Financial Services Ltd,Active,F ,500000.00,INE338I14IA5, ,Commercial Papers,-,-,-,-
727604,Reliance Jio Infocomm Limited,RJIL12824,Reliance Jio Infocomm Ltd,Active,F ,500000.00,INE110L14SE3, ,Commercial Papers,-,-,-,-
727605,Larsen & Toubro Limited,LTL120824,Larsen & Toubro Ltd,Active,F ,500000.00,INE018A14KZ3, ,Commercial Papers,-,-,-,-
727606,ONGC Petro additions Limited.,OPAL120824,ONGC Petro additions Ltd,Active,F ,500000.00,INE163N14444, ,Commercial Papers,-,-,-,-
727607,HDFC Securities Limited,HSL13824,HDFC Securities Ltd,Active,F ,500000.00,INE700G14LD8, ,Commercial Papers,-,-,-,-
727608,HDFC Securities Limited,HSL12824,HDFC Securities Ltd,Active,F ,500000.00,INE700G14LE6, ,Commercial Papers,-,-,-,-
727609,Adani Enterprises Ltd.,AEL12824,Adani Enterprises Ltd,Active,F ,500000.00,INE423A14VV1, ,Commercial Papers,-,-,-,-
727610,MUTHOOT FINCORP LIMITED,MFL120824,MUTHOOT FINCORP Ltd,Active,F ,500000.00,INE549K14BQ4, ,Commercial Papers,-,-,-,-
727611,GIC Housing Finance Ltd.,GICHF13824,GIC Housing Finance Ltd,Active,F ,500000.00,INE289B14JB1, ,Commercial Papers,-,-,-,-
727612,ICICI Securities Limited,ISEC12824,ICICI Securities Ltd,Active,F ,500000.00,INE763G14VI4, ,Commercial Papers,-,-,-,-
727613,Julius Baer Capital (India) Private Limited,JBC120824,Julius Baer Capital (India) Pvt Ltd,Active,F ,500000.00,INE824H14PU9, ,Commercial Papers,-,-,-,-
727614,360 ONE Prime Limited,OPL12824,360 ONE Prime Ltd,Active,F ,500000.00,INE248U14PZ3, ,Commercial Papers,-,-,-,-
727615,360 ONE WAM LIMITED,360OW12824,360 ONE WAM Ltd,Active,F ,500000.00,INE466L14DR3, ,Commercial Papers,-,-,-,-
727616,Julius Baer Capital (India) Private Limited,JBCP120824,Julius Baer Capital (India) Pvt Ltd,Active,F ,500000.00,INE824H14PT1, ,Commercial Papers,-,-,-,-
727617,IndoStar Capital Finance Limited,ICFL120824,IndoStar Capital Finance Ltd,Active,F ,500000.00,INE896L14ED9, ,Commercial Papers,-,-,-,-
727618,POONAWALLA FINCORP LIMITED,PFL12824,POONAWALLA FINCORP Ltd,Active,F ,500000.00,INE511C14XB7, ,Commercial Papers,-,-,-,-
727619,J.K. CEMENT LTD,JKCL120824,JK CEMENT LTD,Active,F ,500000.00,INE823G14AD1, ,Commercial Papers,-,-,-,-
727620,birla Group Holdings Private Limited,BGHP130824,birla Group Holdings Pvt Ltd,Active,F ,500000.00,INE09OL14FQ6, ,Commercial Papers,-,-,-,-
727621,Aditya Birla Fashion and Retail Limited,ABFR130824,Aditya Birla Fashion and Retail Ltd,Active,F ,500000.00,INE647O14FH8, ,Commercial Papers,-,-,-,-
727622,ICICI Securities Primary Dealership Limited,ISPD14824,ICICI Securities Primary Dealership Ltd,Active,F ,500000.00,INE849D14HR8, ,Commercial Papers,-,-,-,-
727623,Kotak Securities Limited,KSL14824,Kotak Securities Ltd,Active,F ,500000.00,INE028E14OU7, ,Commercial Papers,-,-,-,-
727624,Aditya Birla Housing Finance Limited,ABHFL13824,Aditya Birla Housing Finance Ltd,Active,F ,500000.00,INE831R14DY1, ,Commercial Papers,-,-,-,-
727625,Bombay Burmah Trading Corpn. Ltd.,BBTC130824,Bombay Burmah Trading Corpn Ltd,Active,F ,500000.00,INE050A14788, ,Commercial Papers,-,-,-,-
727626,360 ONE Prime Limited,OPL13824,360 ONE Prime Ltd,Active,F ,500000.00,INE248U14QA4, ,Commercial Papers,-,-,-,-
727627,Axis Securities Limited,ASL130824,Axis Securities Ltd,Active,F ,500000.00,INE110O14DQ3, ,Commercial Papers,-,-,-,-
727628,ICICI Securities Limited,ISL140824,ICICI Securities Ltd,Active,F ,500000.00,INE763G14VJ2, ,Commercial Papers,-,-,-,-
727629,HDFC Securities Limited,HSL140824,HDFC Securities Ltd,Active,F ,500000.00,INE700G14LF3, ,Commercial Papers,-,-,-,-
727630,Can Fin Homes Ltd.,CFHL130824,Can Fin Homes Ltd,Active,F ,500000.00,INE477A14DC5, ,Commercial Papers,-,-,-,-
727631,POONAWALLA FINCORP LIMITED,PFL130824,POONAWALLA FINCORP Ltd,Active,F ,500000.00,INE511C14XC5, ,Commercial Papers,-,-,-,-
727632,Godrej Finance Limited,GFL130824,Godrej Finance Ltd,Active,F ,500000.00,INE02KN14325, ,Commercial Papers,-,-,-,-
727633,Time Technoplast Limited,TTL140824,Time Technoplast Ltd,Active,F ,500000.00,INE508G14GN4, ,Commercial Papers,-,-,-,-
727634,Century Textiles & Industries Ltd.,CTIL140824,Century Textiles & Industries Ltd,Active,F ,500000.00,INE055A14JW4, ,Commercial Papers,-,-,-,-
727635,JSW Steel Limited,JSL140824,JSW Steel Ltd,Active,F ,500000.00,INE019A14KY4, ,Commercial Papers,-,-,-,-
727636,InCred Financial Services Limited,IFSL140824,InCred Financial Services Ltd,Active,F ,500000.00,INE321N14182, ,Commercial Papers,-,-,-,-
727637,HDFC Securities Limited,HSL16824,HDFC Securities Ltd,Active,F ,500000.00,INE700G14LG1, ,Commercial Papers,-,-,-,-
727638,Axis Securities Limited,ASL14824,Axis Securities Ltd,Active,F ,500000.00,INE110O14DR1, ,Commercial Papers,-,-,-,-
727639,Reliance Retail Ventures Limited,RRVL14824,Reliance Retail Ventures Ltd,Active,F ,500000.00,INE929O14CD6, ,Commercial Papers,-,-,-,-
727640,Reliance Retail Ventures Limited,RRVL140824,Reliance Retail Ventures Ltd,Active,F ,500000.00,INE929O14CE4, ,Commercial Papers,-,-,-,-
727641,Reliance Retail Ventures Limited,RRVL16824,Reliance Retail Ventures Ltd,Active,F ,500000.00,INE929O14CF1, ,Commercial Papers,-,-,-,-
727642,J.K. CEMENT LTD,JKCL16824,JK CEMENT LTD,Active,F ,500000.00,INE823G14AE9, ,Commercial Papers,-,-,-,-
727643,Indian Oil Corporation Ltd.,IOCL14824,Indian Oil Corporation Ltd,Active,F ,500000.00,INE242A14XO6, ,Commercial Papers,-,-,-,-
727644,STANDARD CHARTERED SECURITIES (INDIA) LIMITED,SCSIL16824,STANDARD CHARTERED SECURITIES (INDIA) Ltd,Active,F ,500000.00,INE472H14417, ,Commercial Papers,-,-,-,-
727645,Reliance Industries Ltd,RIL16824,Reliance Industries Ltd,Active,F ,500000.00,INE002A14KT0, ,Commercial Papers,-,-,-,-
727646,Reliance Industries Ltd,RIL160824,Reliance Industries Ltd,Active,F ,500000.00,INE002A14KS2, ,Commercial Papers,-,-,-,-
727647,ICICI Securities Limited,ISEC16824,ICICI Securities Ltd,Active,F ,500000.00,INE763G14VK0, ,Commercial Papers,-,-,-,-
727648,Brookfield India Real Estate Trust,BIRET16824,Brookfield India Real Estate Trust,Active,F ,500000.00,INE0FDU14048, ,Commercial Papers,-,-,-,-
727649,Brookfield India Real Estate Trust,BIRE16824,Brookfield India Real Estate Trust,Active,F ,500000.00,INE0FDU14030, ,Commercial Papers,-,-,-,-
727650,Kotak Securities Limited,KSL19824,Kotak Securities Ltd,Active,F ,500000.00,INE028E14OV5, ,Commercial Papers,-,-,-,-
727651,ICICI Securities Limited,ISL19824,ICICI Securities Ltd,Active,F ,500000.00,INE763G14VN4, ,Commercial Papers,-,-,-,-
727652,ICICI Securities Limited,ISL190824,ICICI Securities Ltd,Active,F ,500000.00,INE763G14VM6, ,Commercial Papers,-,-,-,-
727653,Axis Finance Limited,AFL19824,Axis Finance Ltd,Active,F ,500000.00,INE891K14OC3, ,Commercial Papers,-,-,-,-
727654,Bajaj Financial Securities Limited,BFSL16824,Bajaj Financial Securities Ltd,Active,F ,500000.00,INE01C314999, ,Commercial Papers,-,-,-,-
727655,SBICAP Securities Limited,SSL16824,SBICAP Securities Ltd,Active,F ,500000.00,INE212K14858, ,Commercial Papers,-,-,-,-
727656,TATA STEEL LIMITED,TSL16824,TATA STEEL Ltd,Active,F ,500000.00,INE081A14EZ4, ,Commercial Papers,-,-,-,-
727657,Nexus Select Trust,NST160824,Nexus Select Trust,Active,F ,500000.00,INE0NDH14023, ,Commercial Papers,-,-,-,-
727658,Nexus Select Trust,NST1608024,Nexus Select Trust,Active,F ,500000.00,INE0NDH14031, ,Commercial Papers,-,-,-,-
727659,Aditya Birla Housing Finance Limited,ABHF160824,Aditya Birla Housing Finance Ltd,Active,F ,500000.00,INE831R14DZ8, ,Commercial Papers,-,-,-,-
727660,POONAWALLA FINCORP LIMITED,PFL160824,POONAWALLA FINCORP Ltd,Active,F ,500000.00,INE511C14XD3, ,Commercial Papers,-,-,-,-
727661,Axis Securities Limited,ASL19824,Axis Securities Ltd,Active,F ,500000.00,INE110O14DS9, ,Commercial Papers,-,-,-,-
727662,Birla Corporation Ltd.,BCL20824`,Birla Corporation Ltd,Active,F ,500000.00,INE340A14122, ,Commercial Papers,-,-,-,-
727663,J.K. CEMENT LTD,JKCL20824,JK CEMENT LTD,Active,F ,500000.00,INE823G14AF6, ,Commercial Papers,-,-,-,-
727664,Julius Baer Capital (India) Private Limited,JBC20824,Julius Baer Capital (India) Pvt Ltd,Active,F ,500000.00,INE824H14PV7, ,Commercial Papers,-,-,-,-
727665,HDFC Securities Limited,HSL19824,HDFC Securities Ltd,Active,F ,500000.00,INE700G14LH9, ,Commercial Papers,-,-,-,-
727666,MUTHOOT FINCORP LIMITED,MFL190824,MUTHOOT FINCORP Ltd,Active,F ,500000.00,INE549K14BR2, ,Commercial Papers,-,-,-,-
727667,ICICI HOME FINANCE COMPANY LIMITED,IHFC200824,ICICI HOME FINANCE COMPANY Ltd,Active,F ,500000.00,INE071G14FV8, ,Commercial Papers,-,-,-,-
727668,ICICI Securities Limited,ISEC20824,ICICI Securities Ltd,Active,F ,500000.00,INE763G14VL8, ,Commercial Papers,-,-,-,-
727669,Bajaj Financial Securities Limited,BFSL20824,Bajaj Financial Securities Ltd,Active,F ,500000.00,INE01C314AA5, ,Commercial Papers,-,-,-,-
727670,STANDARD CHARTERED CAPITAL LIMITED,SCCL210824,STANDARD CHARTERED CAPITAL Ltd,Active,F ,500000.00,INE403G14SM5, ,Commercial Papers,-,-,-,-
727671,HDFC Securities Limited,HDFCS21824,HDFC Securities Ltd,Active,F ,500000.00,INE700G14LJ5, ,Commercial Papers,-,-,-,-
727672,Julius Baer Capital (India) Private Limited,JBCIP21824,Julius Baer Capital (India) Pvt Ltd,Active,F ,500000.00,INE824H14PW5, ,Commercial Papers,-,-,-,-
727673,Motilal Oswal Financial Services Limited,MOFS200824,Motilal Oswal Financial Services Ltd,Active,F ,500000.00,INE338I14IB3, ,Commercial Papers,-,-,-,-
727674,Manappuram Finance Limited,MFL200824,Manappuram Finance Ltd,Active,F ,500000.00,INE522D14OH8, ,Commercial Papers,-,-,-,-
727675,Kotak Securities Limited,KSL210824,Kotak Securities Ltd,Active,F ,500000.00,INE028E14OW3, ,Commercial Papers,-,-,-,-
727676,HDFC Securities Limited,HSL200824,HDFC Securities Ltd,Active,F ,500000.00,INE700G14LI7, ,Commercial Papers,-,-,-,-
727677,Reliance Retail Ventures Limited,RRVL200824,Reliance Retail Ventures Ltd,Active,F ,500000.00,INE929O14CG9, ,Commercial Papers,-,-,-,-
727678,birla Group Holdings Private Limited,BGHP210824,birla Group Holdings Pvt Ltd,Active,F ,500000.00,INE09OL14FS2, ,Commercial Papers,-,-,-,-
727679,Jamnagar Utilities & Power Private Limited,JUPPL20824,Jamnagar Utilities & Power Pvt Ltd,Active,F ,500000.00,INE936D14345, ,Commercial Papers,-,-,-,-
727680,Kotak Mahindra Investments Limited,KMIL210824,Kotak Mahindra Investments Ltd,Active,F ,500000.00,INE975F14ZL1, ,Commercial Papers,-,-,-,-
727681,Larsen & Toubro Limited,LTL210824,Larsen & Toubro Ltd,Active,F ,500000.00,INE018A14LA4, ,Commercial Papers,-,-,-,-
727682,SIKKA PORTS & TERMINALS LTD,SPTL210824,SIKKA PORTS & TERMINALS LTD,Active,F ,500000.00,INE941D14600, ,Commercial Papers,-,-,-,-
727683,Julius Baer Capital (India) Private Limited,JBCP220824,Julius Baer Capital (India) Pvt Ltd,Active,F ,500000.00,INE824H14PX3, ,Commercial Papers,-,-,-,-
727684,SBICAP Securities Limited,SBICA21824,SBICAP Securities Ltd,Active,F ,500000.00,INE212K14866, ,Commercial Papers,-,-,-,-
727685,Reliance Retail Ventures Limited,RRVL21824,Reliance Retail Ventures Ltd,Active,F ,500000.00,INE929O14CH7, ,Commercial Papers,-,-,-,-
727686,Motilal Oswal Financial Services Limited,MOFS210824,Motilal Oswal Financial Services Ltd,Active,F ,500000.00,INE338I14IC1, ,Commercial Papers,-,-,-,-
727687,Reliance Jio Infocomm Limited,RJIL220824,Reliance Jio Infocomm Ltd,Active,F ,500000.00,INE110L14SF0, ,Commercial Papers,-,-,-,-
727688,Reliance Jio Infocomm Limited,RJI220824,Reliance Jio Infocomm Ltd,Active,F ,500000.00,INE110L14SG8, ,Commercial Papers,-,-,-,-
727689,Nuvama Wealth Management Limited,NWML22824,Nuvama Wealth Management Ltd,Active,F ,500000.00,INE531F14ES2, ,Commercial Papers,-,-,-,-
727690,Axis Securities Limited,ASL22824,Axis Securities Ltd,Active,F ,500000.00,INE110O14DT7, ,Commercial Papers,-,-,-,-
727691,TRUST INVESTMENT ADVISORS PRIVATE LIMITED,TIAP220824,TRUST INVESTMENT ADVISORS Pvt Ltd,Active,F ,500000.00,INE723X14HM4, ,Commercial Papers,-,-,-,-
727692,Fedbank Financial Services Limited,FFSL22824,Fedbank Financial Services Ltd,Active,F ,500000.00,INE007N14DV3, ,Commercial Papers,-,-,-,-
727693,Nuvama Wealth Management Limited,NWML23824,Nuvama Wealth Management Ltd,Active,F ,500000.00,INE531F14ET0, ,Commercial Papers,-,-,-,-
727694,L&T Metro Rail (Hyderabad) Limited,LTMRL22824,L&T Metro Rail (Hyderabad) Ltd,Active,F ,500000.00,INE128M14910, ,Commercial Papers,-,-,-,-
727695,Reliance Jio Infocomm Limited,RJIL23824,Reliance Jio Infocomm Ltd,Active,F ,500000.00,INE110L14SI4, ,Commercial Papers,-,-,-,-
727696,POONAWALLA FINCORP LIMITED,PFL22824,POONAWALLA FINCORP Ltd,Active,F ,500000.00,INE511C14XE1, ,Commercial Papers,-,-,-,-
727697,HDFC Securities Limited,HDFCS23824,HDFC Securities Ltd,Active,F ,500000.00,INE700G14LK3, ,Commercial Papers,-,-,-,-
727698,birla Group Holdings Private Limited,BGHPL23824,birla Group Holdings Pvt Ltd,Active,F ,500000.00,INE09OL14FR4, ,Commercial Papers,-,-,-,-
727699,Pilani Investment And Industries Corporation Limited,PIICL23824,Pilani Investment And Industries Corporation Ltd,Active,F ,500000.00,INE417C14769, ,Commercial Papers,-,-,-,-
727700,Kotak Mahindra Prime Limited,KMPL23824,Kotak Mahindra Prime Ltd,Active,F ,500000.00,INE916D143S2, ,Commercial Papers,-,-,-,-
727701,Julius Baer Capital (India) Private Limited,JBCIP23824,Julius Baer Capital (India) Pvt Ltd,Active,F ,500000.00,INE824H14PY1, ,Commercial Papers,-,-,-,-
727702,Kotak Securities Limited,KSL23824,Kotak Securities Ltd,Active,F ,500000.00,INE028E14OX1, ,Commercial Papers,-,-,-,-
727703,Mindspace Business Parks REIT,MBPR220824,Mindspace Business Parks REIT,Active,F ,500000.00,INE0CCU14047, ,Commercial Papers,-,-,-,-
727704,Reliance Retail Ventures Limited,RRVL23824,Reliance Retail Ventures Ltd,Active,F ,500000.00,INE929O14CI5, ,Commercial Papers,-,-,-,-
727705,Redington Limited,RL230824,Redington Ltd,Active,F ,500000.00,INE891D14YZ8, ,Commercial Papers,-,-,-,-
727706,ICICI Securities Limited,ISL230824,ICICI Securities Ltd,Active,F ,500000.00,INE763G14VO2, ,Commercial Papers,-,-,-,-
